3
3.5
2.36
1.61
1.32
1.41
2.22
1.727
2.3
1.68
6.3
4.6
1.5
2.64
1.21
1.133
2.05
1.84
1.87
2.02
1.88
3.8
4.05
1.25
1.285
1.952
1.42
3.05
2.04
1.85
2.46
3.6
2.8
1.45
1.3
1.571
1.82
2.08
2.72
1.51
2.34
3.55
3
1.41
1.31
1.615
1.727
2.22
2.375
1.64
2.4
3.6
2.88
1.43
1.3
1.59
1.78
2.14
2.54
1.571
3.05
3.35
2.4
1.59
1.34
1.4
2.22
1.727
2
1.88
4.05
3.8
1.88
1.952
1.285
1.25
1.55
2.6
2.72
1.51
2.88
3.35
2.52
1.54
1.34
1.43
2.08
1.82
1.8
2.1
2.55
3.4
2.8
1.45
1.333
1.533
1.85
2.04
1.85
2.04
2.18
3.85
3.1
1.39
1.285
1.71
1.65
2.35
1.86
2.02
2.64
3.85
2.48
1.56
1.285
1.5
2
1.88
2.24
1.71
2.38
3.8
2.8
1.45
1.285
1.6
1.79
2.12
1.78
2.14
2.35
3.45
3.05
1.4
1.333
1.615
1.72
2.22
1.71
2.24
1.94
3.95
3.65
1.3
1.26
1.89
2.72
1.51
2.44
1.61
2.3
3.5
3.125
1.38
1.32
1.64
1.68
2.3
1.952
1.93
2.64
3.55
2.625
1.51
1.31
1.5
1.952
1.93
1.6
2.46
2.56
3.85
2.56
1.533
1.285
1.533
1.94
1.94
2.22
1.72
2.35
3.45
3.05
1.4
1.333
1.615
1.72
2.22
2.35
1.65
2.35
3.5
3.05
1.4
1.32
1.615
1.72
2.22
2.46
1.6
1.85
3.45
4.4
1.2
1.3
1.92
2.54
1.533
2.18
1.7
2.3
3.4
3.05
1.363
1.3
1.59
1.68
2.22
1.88
1.94
2
3.45
3.75
1.26
1.3
1.78
1.46
2.76
2.1
1.75
2.78
3.45
2.45
1.533
1.3
1.43
2.04
1.8
1.91
1.91
2.35
3.45
2.92
1.39
1.3
1.571
1.727
2.14
1.86
1.96
2.08
3.7
3.65
1.32
1.32
1.82
1.55
2.7
2.42
1.66
5.3
4.05
1.69
2.28
1.285
1.19
1.76
2.24
2.48
1.63
1.52
4.4
7.1
1.125
1.25
2.68
1.89
2.06
2.38
1.68
2.06
3.6
3.9
1.3
1.333
1.833
1.5
2.875
2.24
1.76
1.166
9.8
15
1.036
1.075
5.8
1.69
2.36
2.25
1.75
1.61
4.3
5.3
1.166
1.23
2.36
2.06
1.833
2.6
1.55
4.85
3.95
1.72
2.16
1.26
1.19
1.68
2.3
2.3
1.68
1.39
5.1
8
1.085
1.181
3.1
2.12
1.79
2.46
1.6
2.86
3.25
2.6
1.51
1.363
1.444
2.04
1.85
2.15
1.77
3.45
3.35
2.2
1.69
1.34
1.333
2.48
1.59
2.22
1.72
2.78
3.3
2.84
1.47
1.37
1.49
1.96
2
1.87
2.1
7.9
4.333
1.52
2.68
1.25
1.111
2.1
1.87
2.32
1.727
1.32
5.7
12
1.055
1.166
3.65
1.98
1.98
2.5
1.64
1.5
4.45
8
1.111
1.24
2.75
1.8
2.2
1.9
2.06
2.15
3.35
3.95
1.285
1.363
1.77
1.533
2.8
1.86
2.12
2.42
3.25
3.4
1.363
1.38
1.615
1.69
2.38
1.727
2.32
3.55
3.45
2.26
1.7
1.35
1.333
2.56
1.615
2.12
1.86
2
3.45
4.45
1.24
1.35
1.88
2.92
1.5
1.71
2.35
5.7
4
1.7
2.26
1.285
1.166
1.76
2.26
1.93
2.04
1.615
4.1
6.5
1.143
1.27
2.42
2.08
1.89
2.08
1.89
1.533
4.35
7.5
1.125
1.25
2.64
1.92
2.04
2.1
1.87
2.42
3.4
3.25
1.38
1.363
1.615
1.727
2.32
1.833
2.15
1.23
6.8
18
1.025
1.133
4.6
1.69
2.38
2.375
1.7
2.18
3.4
3.8
1.3
1.363
1.75
1.56
2.7
1.833
2.15
2.54
3.4
3.05
1.42
1.363
1.571
1.81
2.18
1.85
2.14
7.5
4.333
1.533
2.64
1.25
1.125
2.05
1.91
2.06
1.9
6.8
4.3
1.571
2.54
1.25
1.133
1.952
2.02
1.94
2.02
2.12
3.35
4.1
1.27
1.363
1.79
1.5
2.92
1.86
2.12
4.75
3.8
1.85
2.04
1.3
1.222
1.63
2.52
2.15
1.833
1.52
4.333
7.8
1.111
1.25
2.68
1.9
2.06
2.04
1.92
3.7
3.4
2.22
1.72
1.363
1.32
2.65
1.58
1.833
2.15
1.285
6.5
13
1.05
1.143
3.95
1.833
2.15
2.52
1.63
1.38
5.2
10
1.075
1.19
3.25
2.14
1.85
2.4
1.68
2.22
3.35
3.75
1.31
1.363
1.72
1.58
2.65
1.74
2.3
1.72
3.75
6
1.166
1.31
2.22
2.28
1.75
2.06
1.9
1.3
6
13
1.05
1.166
3.8
1.89
2.08
2.45
1.66
1.5
4.3
8.5
1.095
1.25
2.75
1.87
2.1
1.86
2.12
5.5
3.8
1.75
2.18
1.3
1.181
1.71
2.35
2.02
1.952
4.35
3.5
2
1.88
1.34
1.25
1.51
2.875
1.81
2.18
2.85
3.4
2.7
1.51
1.363
1.47
2.04
1.93
1.87
2.1
2.4
3.5
3.1
1.41
1.34
1.63
1.75
2.25
1.909
2.04
2.15
3.5
3.65
1.32
1.34
1.77
1.56
2.68
2.04
1.9
1.88
3.6
4.6
1.23
1.333
2
2.64
1.571
1.94
2
1.76
3.75
5.2
1.19
1.31
2.16
2.38
1.68
2.08
1.87
2.4
3.5
3.1
1.41
1.34
1.63
1.72
2.3
1.94
2
2.6
3.4
2.88
1.46
1.363
1.55
1.87
2.08
1.85
2.1
1.8
3.7
5
1.21
1.32
2.1
2.48
1.63
1.93
2.02
1.55
4.05
7.5
1.125
1.285
2.6
1.91
2.04
2.32
1.71
2.5
3.45
2.98
1.444
1.35
1.58
1.81
2.16
1.85
2.1
1.88
3.6
4.65
1.23
1.333
2
2.64
1.571
1.94
2
2.2
3.4
3.6
1.333
1.363
1.74
1.59
2.58
2.12
1.833
2.16
3.5
3.6
1.333
1.34
1.76
1.58
2.62
1.85
2.1
1.97
3.55
4.25
1.24
1.32
1.87
2.8
1.51
2
1.92
1.78
3.8
5
1.19
1.285
2.08
2.42
1.65
2.08
1.85
1.82
3.8
4.7
1.21
1.285
2.04
2.5
1.61
2
1.92
2.55
3.4
2.95
1.42
1.34
1.54
1.833
2.1
2
1.92
1.92
3.6
4.4
1.23
1.31
1.92
2.7
1.54
2.05
1.88
2.45
3.4
3.1
1.39
1.34
1.58
1.75
2.22
2.08
1.85
1.85
3.6
4.8
1.2
1.31
2
2.55
1.59
2
1.92
1.72
3.8
5.5
1.166
1.285
2.18
2.32
1.7
1.88
2.05
2.2
3.4
3.6
1.31
1.34
1.7
1.58
2.58
2
1.92
2.86
3.4
2.62
1.52
1.34
1.444
2.05
1.88
2.2
1.77
2.42
3.4
3.125
1.39
1.34
1.59
1.74
2.24
2.02
1.9
2.4
3.4
3.2
1.37
1.34
1.6
1.71
2.3
2.1
1.84
5.2
3.95
1.727
2.22
1.285
1.19
1.76
2.24
2.26
1.74
2.25
3.55
3.35
1.363
1.333
1.7
1.65
2.44
2.18
1.8
1.666
4
5.7
1.166
1.285
2.32
2.1
1.85
2.3
1.727
6.8
4.3
1.55
2.6
1.25
1.133
2.08
1.87
2.08
1.87
3.95
3.85
1.952
1.93
1.3
1.285
1.54
2.74
2.36
1.69
2.12
3.5
3.7
1.3
1.32
1.75
1.54
2.7
1.92
2
1.9
3.6
4.5
1.222
1.31
1.94
2.7
1.54
1.84
2.1
2.44
3.45
3.05
1.4
1.333
1.58
1.76
2.22
1.9
2.02
2.54
3.5
2.88
1.444
1.32
1.54
1.84
2.1
1.96
1.96
2.94
3.4
2.56
1.533
1.34
1.43
2.1
1.833
1.87
2.06
2.42
3.4
3.15
1.38
1.34
1.59
1.727
2.26
2
1.92
2.02
3.5
4.1
1.26
1.32
1.833
2.9
1.48
1.89
2.04
1.77
3.6
5.5
1.166
1.31
2.1
2.4
1.66
1.92
2
2.1
3.5
3.8
1.285
1.32
1.77
1.52
2.76
2.06
1.87
1.86
3.65
4.65
1.21
1.3
1.98
2.6
1.571
1.96
1.96
2.875
3.45
2.58
1.533
1.333
1.444
2.08
1.86
1.96
1.96
2.4
3.4
3.2
1.37
1.34
1.6
1.71
2.3
1.92
2
2.2
3.7
3
1.37
1.27
1.65
1.65
2.26
2.26
1.65
2.35
3.5
2.88
1.4
1.285
1.571
1.74
2.12
2.48
1.55
2.1
3.7
3.2
1.333
1.27
1.71
1.58
2.42
2.48
1.55
1.952
3.75
3.6
1.285
1.26
1.82
2.72
1.47
2.82
1.444
2.3
3.05
3.8
1.3
1.42
1.68
1.58
2.62
1.56
2.68
2.54
3.05
3.3
1.37
1.42
1.571
1.74
2.26
1.533
2.75
2.54
3.05
3.3
1.37
1.42
1.571
1.74
2.26
1.533
2.75
2.12
3
4.5
1.24
1.43
1.79
1.45
3.1
1.56
2.68
1.99
3.1
5
1.21
1.41
1.89
1.38
3.45
1.56
2.68
2.32
2.98
3.85
1.3
1.444
1.666
1.58
2.62
1.55
2.7
2.16
3.05
4.25
1.26
1.42
1.76
1.49
2.9
1.571
2.64
1.71
3.55
6.3
1.153
1.333
2.24
2.32
1.71
1.571
2.64
1.72
3.55
6.2
1.153
1.333
2.22
2.36
1.69
1.56
2.68
2.1
3.15
4.3
1.25
1.4
1.8
1.47
2.98
1.55
2.7
1.6
4
6
1.143
1.26
2.38
2.06
1.833
2.22
1.72
5.2
3.75
1.72
2.16
1.285
1.181
1.68
2.3
2.1
1.8
2.5
3.3
2.95
1.42
1.35
1.55
1.79
2.12
1.77
2.15
1.9
3.4
4.5
1.222
1.333
1.93
1.38
3.25
1.68
2.3
4.25
3.7
1.87
1.96
1.3
1.24
3.15
1.4
1.75
2.18
2.44
3.5
2.88
1.43
1.32
1.571
1.79
2.12
1.96
1.92
3.5
3.6
2.1
1.76
1.3
1.32
2.6
1.55
2.1
1.8
2.62
3.6
2.62
1.51
1.3
1.51
1.94
1.94
1.94
1.94
2.05
3.6
3.6
1.3
1.3
1.79
1.52
2.68
1.91
1.97
2.05
3.75
3.7
1.32
1.31
1.84
1.533
2.75
2.22
1.77
3.9
3.7
2
1.88
1.32
1.3
2.9
1.49
2.3
1.72
1.51
4.5
7.1
1.125
1.24
2.72
1.87
2.08
2.48
1.63
1.72
3.6
6
1.166
1.333
2.22
2.3
1.727
2.12
1.84
6.7
4.15
1.571
2.54
1.27
1.133
1.952
1.99
2.58
1.59
2.32
3.6
3.15
1.4
1.333
1.666
1.71
2.32
2.04
1.9
1.2
7.5
17
1.03
1.125
5.1
2.02
1.92
2.98
1.47
8
4.2
1.51
2.72
1.26
1.111
2.06
1.89
2.15
1.82
1.181
7
14
1.01
1.09
4.65
1.9
1.92
1.96
1.86
20
10
1.1
6.6
1.04
0
1.86
1.96
2.25
1.66
11
5
1.3
3.4
1.166
1.03
1.91
1.91
2.46
1.56
2.2
3.6
3.05
1.363
1.285
1.65
1.64
2.28
2.18
1.7
8.1
4.55
1.4
2.88
1.19
1.065
1.666
2.24
2.25
1.66
14
6.5
1.2
4.4
1.1
1.01
1.8
2.04
2.625
1.5
1.153
8
15
1.005
1.07
5.1
1.7
2.18
1.96
1.86
1.25
5.7
12
1.022
1.133
3.8
1.72
2.15
2.625
1.5
1.3
5.3
10
1.04
1.143
3.4
1.94
1.88
2.3
1.63
3.6
3.5
2.02
1.76
1.285
1.285
2.66
1.49
2.04
1.8
20
10
1.1
6.6
1.04
0
1.833
1.99
1.91
1.91
1.07
11
31
0
1.03
7.9
1.75
2.1
1.72
2.15
1.05
13
34
0
1.016
9.2
1.8
2.04
1.7
2.18
4.6
3.7
1.75
2.04
1.27
1.181
3.45
1.32
1.96
1.86
12
6.4
1.222
4.1
1.111
1.022
1.85
1.97
1.91
1.91
15
8
1.153
5.1
1.07
1.005
2.18
1.7
1.96
1.86
6.5
4.2
1.5
2.54
1.222
1.1
1.94
1.88
1.91
1.91
1.6
3.9
5.7
1.133
1.24
2.3
2.1
1.75
1.7
2.18
2.04
3.5
3.55
1.285
1.285
1.75
2.92
1.42
1.87
1.952
1.727
3.8
4.65
1.181
1.25
2.08
2.34
1.615
1.88
1.94
2.1
3.4
3.45
1.3
1.3
1.71
1.533
2.54
1.46
2.75
1.98
3.4
3.85
1.25
1.3
1.8
2.82
1.444
1.89
1.93
3.1
3.4
2.45
1.61
1.363
1.41
2.24
1.76
1.84
2.12
1.333
5.9
9.4
1.08
1.166
3.55
1.97
1.97
2.08
1.87
2.48
3.35
3.1
1.41
1.363
1.59
1.77
2.22
1.68
2.38
3.4
3.3
2.34
1.66
1.37
1.363
2.42
1.66
1.77
2.22
1.45
4.5
8.8
1.09
1.24
2.92
2.44
1.65
2.05
1.9
2.28
3.45
3.35
1.363
1.35
1.69
1.65
2.44
1.81
2.16
3.55
3.4
2.22
1.72
1.363
1.333
2.56
1.6
1.66
2.42
1.99
3.5
4.2
1.26
1.34
1.89
1.45
3.1
1.7
2.34
1.61
3.85
6.9
1.133
1.3
2.44
2.1
1.86
2
1.94
1.75
3.75
5.3
1.19
1.31
2.18
2.38
1.68
1.92
2.02
1.52
4.25
7.5
1.125
1.26
2.68
1.92
2.02
1.94
2
2.86
3.3
2.68
1.52
1.37
1.47
2.04
1.9
1.85
2.1
1.55
4
6.8
1.111
1.26
2.5
1.97
1.909
1.94
1.94
1.86
3.55
4.5
1.222
1.31
1.97
2.6
1.55
1.9
1.98
2.16
3.4
3.5
1.32
1.333
1.72
3.15
1.4
2.06
1.833
2.46
3.25
3.05
1.4
1.363
1.571
1.75
2.18
1.87
2.02
2
3.6
3.8
1.285
1.3
1.833
2.85
1.47
2.02
1.87
1.25
6.1
13
1.035
1.133
4.1
1.78
2.14
2.4
1.63
1.94
3.55
4.1
1.25
1.31
1.89
2.82
1.48
1.833
2.06
2.92
3.35
2.5
1.55
1.34
1.42
2.1
1.8
1.9
1.98
4.4
3.75
1.77
2.02
1.26
1.2
1.571
2.44
1.8
2.04
1.49
3.95
7.5
1.075
1.24
2.56
1.86
1.96
1.99
1.84
2.02
3.35
3.8
1.25
1.31
1.76
1.46
2.76
1.74
2.12
1.97
3.4
3.9
1.24
1.3
1.8
1.43
2.875
2.04
1.8
1.45
4.15
7.8
1.07
1.222
2.68
1.79
2.05
1.97
1.85
1.952
3.35
4.05
1.23
1.31
1.82
2.82
1.444
1.66
2.25
1.98
3.35
3.95
1.24
1.31
1.8
2.82
1.444
1.84
1.98
2.55
3.35
2.72
1.444
1.31
1.49
1.85
1.97
1.61
2.35
2.5
3.35
2.78
1.43
1.31
1.51
1.81
2.02
2.06
1.78
2.48
3.45
3
1.43
1.35
1.59
1.8
2.18
2.06
1.89
1.133
10
23
1.013
1.075
6.7
1.82
2.14
2.15
1.82
1.37
5.3
9.3
1.085
1.19
3.3
2.1
1.85
1.76
2.24
1.21
7.5
15
1.036
1.125
4.9
2.06
1.89
2
1.94
2.14
3.5
3.65
1.32
1.34
1.77
1.56
2.68
1.98
1.96
2.88
3.55
2.52
1.58
1.333
1.46
2.1
1.85
2.56
1.6
1.8
3.95
4.6
1.23
1.285
2.1
2.46
1.64
2.44
1.65
2.12
3.5
3.75
1.31
1.34
1.79
1.54
2.74
1.96
1.98
3.8
3.6
2.06
1.833
1.333
1.3
2.8
1.52
2.18
1.8
2.3
3.4
3.35
1.363
1.363
1.68
1.66
2.42
2.25
1.75
6
3.95
1.65
2.35
1.285
1.166
1.81
2.16
2.34
1.7
1.38
5
9.9
1.075
1.21
3.25
2.15
1.82
2.34
1.7
2.2
3.4
3.6
1.333
1.363
1.74
1.59
2.58
2.38
1.68
1.58
4.3
6.2
1.153
1.25
2.52
2.02
1.93
2.34
1.7
2.04
3.55
3.95
1.285
1.333
1.85
1.49
2.9
2.44
1.65
5.3
4.3
1.65
2.35
1.25
1.19
1.81
2.16
2.34
1.7
2.5
3.45
2.98
1.444
1.35
1.58
1.81
2.16
2.02
1.92
2.7
3.45
2.74
1.5
1.35
1.51
1.952
1.99
2.04
1.9
3.45
3.55
2.2
1.74
1.333
1.35
2.52
1.615
2.875
1.5
4
3.7
1.98
1.9
1.32
1.285
2.98
1.47
2.12
1.833
2.06
3.5
3.95
1.285
1.34
1.833
1.5
2.875
2
1.94
1.125
10.5
23
1.013
1.07
7
1.97
1.97
1.97
1.97
1.2
7.7
16
1.035
1.111
5.1
2
1.94
1.85
2.1
2.18
3.5
3.55
1.333
1.34
1.75
1.59
2.58
2.16
1.81
2.3
3.45
3.3
1.37
1.35
1.68
1.666
2.4
2.2
1.78
2.28
3.45
3.35
1.363
1.35
1.69
1.65
2.44
2.26
1.74
2.2
3.5
3.5
1.34
1.34
1.74
1.6
2.56
2.2
1.78
1.133
10
21
1.011
1.07
6.5
2.04
1.89
2.24
1.74
9.2
5.3
1.363
3.3
1.181
1.08
1.84
2.1
2.64
1.56
2.95
3.5
2.46
1.59
1.333
1.43
2.15
1.8
2.1
1.833
2.54
3.55
2.82
1.47
1.333
1.56
1.86
2.08
2.24
1.74
3.4
3.35
2.3
1.68
1.363
1.363
2.44
1.65
1.81
2.16
2.08
3.65
3.7
1.32
1.32
1.82
1.54
2.74
2.12
1.833
3.55
3.35
2.24
1.71
1.363
1.333
2.54
1.61
1.833
2.12
2.72
3.35
2.78
1.49
1.363
1.51
1.952
1.99
2.02
1.92
1.82
3.75
4.75
1.222
1.31
2.08
2.52
1.615
2.02
1.92
3.25
3.4
2.36
1.65
1.363
1.38
2.34
1.7
1.89
2.06
2.8
3.3
2.74
1.5
1.37
1.48
1.99
1.952
1.9
2.04
1.88
3.55
4.7
1.222
1.333
2
2.64
1.571
1.92
2.02
1.68
3.95
5.6
1.181
1.285
2.3
2.24
1.76
2.18
1.8
2.2
3.3
3.35
1.31
1.32
1.65
1.58
2.42
1.91
1.91
4.45
3.8
1.75
2.04
1.25
1.2
1.59
2.4
1.92
1.9
1.9
3.5
4.05
1.23
1.285
1.87
2.7
1.48
1.81
2.02
2.45
3.2
2.96
1.38
1.333
1.533
1.74
2.12
1.727
2.14
1.7
3.9
4.7
1.181
1.24
2.12
2.24
1.666
2.48
1.55
1.55
3.9
6.4
1.111
1.24
2.4
1.96
1.86
2.18
1.7
2.4
3.3
2.95
1.38
1.32
1.55
1.727
2.14
1.91
1.91
2.75
3.2
2.62
1.47
1.333
1.43
1.96
1.86
1.81
2.02
1.6
4
5.5
1.143
1.23
2.3
2.08
1.76
1.833
1.99
2.35
3.2
3.125
1.35
1.333
1.571
1.666
2.24
1.81
2.02
1.6
3.6
6.4
1.111
1.285
2.3
2.12
1.74
1.5
2.62
1.42
4.4
7.8
1.07
1.2
2.8
1.72
2.14
1.94
1.88
3.3
3.3
2.22
1.64
1.32
1.32
2.375
1.6
1.79
2.04
3.6
3.4
2.05
1.74
1.3
1.285
2.62
1.5
1.76
2.08
2.88
3.3
2.44
1.533
1.32
1.4
2.08
1.76
1.65
2.26
3.6
3.4
2.05
1.74
1.3
1.285
2.62
1.5
1.68
2.22
2.36
3.3
3
1.37
1.32
1.571
1.71
2.16
1.79
2.04
6
4
1.56
2.38
1.23
1.125
1.81
2.02
1.76
2.08
1.07
12
26
0
1.022
7.9
1.76
2.08
1.81
2.02
1.87
3.5
4.2
1.222
1.285
1.9
1.38
3.1
1.76
2.08
2.3
3.35
3.4
1.363
1.363
1.68
1.65
2.44
1.97
1.97
3.6
3.55
2.15
1.77
1.333
1.333
2.64
1.571
2.1
1.85
2
3.55
4.1
1.27
1.333
1.88
1.47
2.98
2.1
1.85
2.1
3.55
3.75
1.31
1.333
1.8
1.54
2.74
2.44
1.65
3.35
3.55
2.25
1.7
1.333
1.363
2.44
1.65
2.15
1.82
2.24
3.45
3.45
1.35
1.35
1.71
1.63
2.48
2.18
1.8
11
7.5
1.2
4.4
1.075
1.03
1.7
2.18
1.92
1.9
26
10.5
1.08
7.4
1.035
0
1.91
1.91
2.625
1.5
3.1
3.55
2.2
1.65
1.285
1.35
2.3
1.63
2.18
1.7
6.9
4.8
1.42
2.8
1.181
1.09
2.18
1.7
2.625
1.5
2.58
3.55
2.58
1.48
1.285
1.48
1.91
1.91
2.1
1.75
2.25
3.55
3
1.37
1.285
1.615
1.666
2.24
2.42
1.58
3.05
3.3
2.45
1.571
1.35
1.4
2.18
1.75
1.85
2.04
1.55
3.8
7.5
1.095
1.285
2.5
1.99
1.89
1.85
2.04
2.35
3.1
3.4
1.333
1.39
1.615
1.64
2.375
1.8
2.1
3.95
3.2
2.1
1.76
1.363
1.26
2.78
1.49
1.7
2.26
1.55
3.8
7.5
1.095
1.285
2.5
1.99
1.89
1.8
2.1
2.55
3.1
3.05
1.4
1.39
1.533
1.78
2.14
1.8
2.1
1.85
3.4
4.85
1.19
1.333
1.98
2.6
1.55
1.8
2.1
1.52
3.95
6.8
1.095
1.24
2.48
1.833
1.99
1.666
2.24
3.25
3.25
2.25
1.615
1.333
1.333
2.34
1.615
1.69
2.2
2.6
3.05
2.88
1.4
1.363
1.48
1.82
2.02
1.615
2.34
2.2
3
3.7
1.27
1.37
1.65
1.52
2.56
1.6
2.375
2.72
3.1
2.72
1.444
1.35
1.444
1.91
1.91
1.63
2.3
5.2
3.55
1.71
2.1
1.285
1.153
1.63
2.3
1.69
2.2
3.75
3.25
2.06
1.74
1.333
1.26
2.7
1.48
1.8
2.04
2.18
3.1
3.6
1.285
1.35
1.66
1.533
2.54
1.7
2.18
10
5
1.35
3.3
1.181
1.06
1.82
2.08
2.34
1.66
3.9
3.5
2
1.833
1.32
1.27
1.47
2.85
1.94
1.94
1.533
4
7.2
1.111
1.26
2.55
1.94
1.94
2.15
1.77
1.75
3.75
4.9
1.19
1.285
2.12
2.35
1.65
2.375
1.64
1.222
6.2
16
1.018
1.133
4.4
1.71
2.24
2.18
1.75
1.75
3.75
4.9
1.19
1.285
2.12
2.375
1.64
2.04
1.85
2.4
3.3
2.95
1.38
1.32
1.55
1.727
2.14
1.75
2.1
2.88
3.3
2.45
1.533
1.32
1.4
2.08
1.77
1.99
1.833
2.375
3.4
2.92
1.39
1.3
1.56
1.727
2.14
1.85
1.97
2
3.6
3.55
1.285
1.285
1.78
1.49
2.66
2.08
1.77
3.4
3.45
2.26
1.7
1.35
1.363
2.46
1.64
1.87
2.08
1.38
5.3
8.9
1.09
1.19
3.25
2.12
1.833
2.75
1.533
12
5.8
1.3
3.8
1.166
1.055
2.1
1.85
2.875
1.5
2.02
3.55
4
1.285
1.333
1.87
1.48
2.95
2.04
1.9
1.72
3.7
5.7
1.166
1.32
2.22
2.32
1.71
1.92
2.02
2.24
3.4
3.5
1.34
1.363
1.71
1.615
2.52
1.77
2.22
2.7
3.3
2.84
1.47
1.37
1.51
1.92
2.02
1.75
2.25
1.5
4.333
7.8
1.111
1.25
2.75
1.87
2.08
2.24
1.76
19
8.7
1.166
5.8
1.09
1.022
2.18
1.8
2.26
1.74
2.18
3.35
3.75
1.31
1.363
1.75
1.56
2.68
1.94
2
1.56
4.05
7.3
1.125
1.285
2.56
1.952
1.99
3.1
1.444
2.14
3.4
3.8
1.3
1.363
1.77
1.55
2.7
1.7
2.34
1.88
3.7
4.5
1.24
1.32
2
2.7
1.55
1.8
2.18
1.9
3.6
4.5
1.24
1.333
1.98
2.875
1.5
1.75
2.25
2.4
3.4
3.2
1.39
1.363
1.63
1.727
2.3
1.833
2.12
2.55
3.3
3.05
1.42
1.37
1.571
1.81
2.16
1.9
2.04
2.3
3.35
3.4
1.363
1.363
1.68
1.65
2.44
2.2
1.78
1.27
6
14
1.04
1.166
4.1
1.81
2.16
2.7
1.55
1.085
14
31
1.001
1.04
9.2
1.77
2.22
2.5
1.63
1.72
3.75
5.6
1.181
1.31
2.22
2.375
1.68
2.04
1.9
9.9
6
1.32
3.65
1.166
1.075
1.99
1.952
2.8
1.52
1.615
3.95
6.5
1.143
1.285
2.42
2.1
1.85
2.25
1.75
2.98
3.45
2.5
1.58
1.35
1.444
2.16
1.81
2.25
1.75
1.6
3.9
6.9
1.133
1.3
2.46
2.06
1.89
2.3
1.72
2.45
3.35
3.125
1.41
1.363
1.61
1.76
2.24
1.72
2.3
2.88
3.4
2.6
1.55
1.363
1.46
2.08
1.87
1.75
2.25
2.35
3.3
3.3
1.363
1.363
1.64
1.68
2.35
1.74
2.24
2.35
3.3
3.3
1.363
1.363
1.64
1.68
2.35
1.74
2.24
1.74
3.6
5.6
1.166
1.32
2.16
1.285
4.1
1.82
2.12
1.86
3.5
4.8
1.21
1.333
2
1.363
3.5
1.82
2.12
2.8
3.3
2.7
1.5
1.363
1.47
2
1.92
1.85
2.08
2.36
3.5
3.1
1.4
1.333
1.63
1.727
2.26
2.28
1.72
2.5
3.25
3.1
1.4
1.37
1.571
1.77
2.2
1.82
2.12
2.14
3.4
3.7
1.31
1.35
1.76
1.55
2.66
1.75
2.22
2.18
3.4
3.6
1.32
1.35
1.727
1.571
2.6
1.82
2.12
2.18
3.4
3.6
1.32
1.35
1.727
1.571
2.6
1.82
2.12
2.46
3.3
3.1
1.4
1.363
1.59
1.75
2.22
1.74
2.24
4.15
3.35
2.06
1.833
1.363
1.27
2.98
1.47
1.8
2.18
8.4
4.6
1.45
2.92
1.23
1.095
2.2
1.78
2
1.94
1.59
4
6.8
1.133
1.285
2.48
2.08
1.87
1.952
1.99
2.92
3.2
2.7
1.51
1.39
1.45
2.04
1.9
1.78
2.2
1.125
9.8
29
1.004
1.075
7
1.71
2.32
3.1
1.45
1.81
3.5
5.3
1.19
1.34
2.1
2.52
1.615
1.833
2.12
4.7
3.6
1.87
2.02
1.333
1.222
3.45
1.38
1.98
1.96
1.94
3.35
4.7
1.222
1.363
1.94
2.75
1.533
1.76
2.24
2
3.55
4.1
1.27
1.333
1.88
1.47
2.98
2.02
1.92
5.2
3.85
1.74
2.2
1.3
1.19
1.7
2.34
2.16
1.81
1.47
4.25
9.1
1.085
1.26
2.85
1.81
2.16
2.06
1.89
7.2
4
1.571
2.54
1.285
1.125
1.94
2
2.08
1.87
2.68
3.2
2.94
1.45
1.39
1.52
1.88
2.08
1.74
2.26
1.99
3.5
4.2
1.26
1.34
1.89
1.45
3.1
1.9
2.04
4.25
3.6
1.952
1.93
1.333
1.26
3.15
1.43
2
1.94
2.1
3.3
4.05
1.285
1.37
1.8
1.5
2.875
1.72
2.3
4.95
3.6
1.833
2.06
1.333
1.21
3.65
1.35
1.99
1.952
1.38
5
10
1.075
1.21
3.25
2.16
1.81
2.25
1.75
1.5
4.5
7.3
1.125
1.24
2.75
1.87
2.08
2.1
1.85
2.4
3.25
3.3
1.37
1.38
1.63
1.7
2.34
1.75
2.25
2.25
3.4
3.5
1.34
1.363
1.7
1.615
2.52
2.04
1.9
1.55
4.3
6.8
1.133
1.25
2.6
1.97
1.97
1.9
2.04
2.35
3.3
3.35
1.363
1.37
1.65
1.68
2.38
1.85
2.1
2.4
3.25
3.3
1.37
1.38
1.63
1.7
2.34
1.8
2.18
1.3
6
11
1.065
1.166
3.8
1.92
2.02
2.44
1.65
2.3
3.3
3.45
1.35
1.37
1.68
1.64
2.46
1.85
2.1
1.8
3.6
5.2
1.19
1.333
2.1
2.48
1.63
1.97
1.97
2.5
3.3
3.1
1.41
1.37
1.58
1.78
2.2
1.9
2.04
1.55
4.3
6.8
1.133
1.25
2.6
1.96
1.98
2.1
1.85
1.96
3.3
4.6
1.222
1.363
1.9
2.82
1.5
1.72
2.28
2.5
3.1
3.25
1.37
1.4
1.571
1.74
2.24
1.75
2.22
3.4
3.1
2.42
1.6
1.4
1.35
2.35
1.68
1.76
2.22
2.1
3.25
4.05
1.27
1.37
1.78
1.49
2.86
1.82
2.12
1.52
4
8
1.095
1.27
2.64
1.92
2
2
1.92
1.94
3.3
4.7
1.222
1.363
1.92
2.82
1.5
1.7
2.32
1.7
3.6
6.1
1.153
1.32
2.24
2.26
1.727
1.952
1.97
2.65
3.125
3
1.42
1.4
1.52
1.85
2.08
1.833
2.1
2.44
3.1
3.35
1.363
1.4
1.6
1.69
2.34
1.8
2.15
3.45
3.2
2.34
1.64
1.38
1.34
2.44
1.64
1.9
2.02
2.5
3.15
3.2
1.38
1.39
1.571
1.75
2.22
1.97
1.952
4
3.95
1.8
1.98
1.24
1.23
1.58
2.42
1.96
1.86
2.88
3.5
2.35
1.571
1.285
1.4
2.12
1.74
2.7
1.48
2.88
3.5
2.35
1.571
1.285
1.4
2.12
1.74
1.952
1.87
1.65
3.9
5.1
1.153
1.24
2.2
2.14
1.727
1.88
1.94
2.35
3.5
2.88
1.4
1.285
1.571
1.74
2.12
1.92
1.9
1.61
3.7
6
1.125
1.27
2.26
2.1
1.75
1.727
2.14
1.97
3.25
4.1
1.222
1.333
1.8
1.41
2.96
1.71
2.16
1.333
4.7
10.5
1.035
1.181
3.2
2.1
1.75
1.833
2
1.54
3.8
6.8
1.095
1.25
2.42
1.99
1.84
1.65
2.26
3.2
3.15
2.35
1.571
1.34
1.333
2.25
1.66
1.65
2.26
1.9
3.25
4.45
1.2
1.333
1.87
1.363
3.2
1.65
2.26
2.4
3.3
2.95
1.38
1.32
1.55
1.727
2.14
1.91
1.91
1.35
4.9
8.8
1.055
1.166
3.125
1.59
2.4
2.26
1.65
3.2
3.2
2.3
1.59
1.333
1.333
2.28
1.64
2.02
1.81
7.3
4.5
1.5
2.75
1.24
1.125
2.08
1.87
2.12
1.833
3.25
3.45
2.34
1.66
1.35
1.38
2.36
1.69
1.85
2.1
1.55
4.15
7.2
1.125
1.27
2.6
1.97
1.97
1.85
2.1
3.3
3.3
2.375
1.64
1.37
1.37
2.36
1.69
1.85
2.1
2.05
3.6
3.85
1.3
1.333
1.84
1.51
2.84
1.9
2.04
1.8
3.9
4.7
1.222
1.3
2.1
2.46
1.64
2.1
1.85
1.6
4.2
6.2
1.153
1.26
2.46
2.04
1.9
1.85
2.1
1.55
4.3
6.8
1.133
1.25
2.6
1.97
1.97
2.04
1.91
3.8
3.5
2.1
1.8
1.34
1.3
1.444
3.1
1.94
2
5.7
3.8
1.7
2.26
1.3
1.166
1.75
2.25
2.08
1.87
1.55
4.35
6.6
1.143
1.25
2.6
1.96
1.98
2.34
1.7
1.952
3.65
4.2
1.26
1.32
1.93
1.444
3.1
1.85
2.1
3.1
3.3
2.5
1.58
1.37
1.41
2.2
1.78
1.85
2.1
2.2
3.3
3.75
1.31
1.37
1.74
3.35
1.4
2
1.94
3.9
3.3
2.15
1.77
1.37
1.3
1.42
3.2
1.85
2.1
1.94
3.7
4.15
1.27
1.32
1.94
2.75
1.533
1.85
2.1
2.5
3.55
2.9
1.46
1.333
1.58
1.833
2.12
2.02
1.92
2.35
3.6
3.1
1.41
1.333
1.65
1.727
2.3
1.85
2.1
2.25
3.4
3.5
1.34
1.363
1.7
1.615
2.52
1.85
2.1
1.45
4.65
8.3
1.1
1.23
2.92
2.38
1.68
2.25
1.75
1.6
3.9
6.9
1.133
1.3
2.46
2.08
1.87
1.94
2
3.25
3.5
2.32
1.666
1.34
1.38
2.36
1.69
1.85
2.1
3
3.4
2.5
1.58
1.363
1.43
2.16
1.81
2
1.94
3.2
3.5
2.35
1.65
1.34
1.39
2.32
1.71
2.18
1.8
1.153
7.9
21
1.003
1.09
5.6
1.76
2.16
2.56
1.56
4.45
3.65
1.84
1.99
1.3
1.222
1.56
2.56
1.97
1.909
1.25
5.8
15
1.022
1.153
4.1
1.71
2.24
2.46
1.6
1.34
5.2
9.7
1.06
1.181
3.35
2.05
1.84
2.35
1.65
1.26
6
12
1.04
1.143
4
1.41
3.1
2.46
1.6
1.285
5.8
13
1.05
1.166
3.95
1.9
2.04
2.26
1.74
1.99
3.55
4.15
1.27
1.333
1.89
1.46
3.05
2.16
1.81
3.2
3.4
2.375
1.64
1.363
1.39
2.3
1.72
2.06
1.89
2.84
3.55
2.55
1.571
1.333
1.47
2.08
1.87
2.12
1.833
1.26
6.2
14
1.04
1.153
4.2
1.78
2.2
2.68
1.56
2.5
3.3
3.1
1.41
1.37
1.58
1.78
2.2
1.85
2.1
11
6.4
1.285
3.95
1.143
1.065
2.12
1.833
3.1
1.444
5.5
4
1.68
2.3
1.285
1.181
1.78
2.2
2.02
1.92
1.47
4.6
7.8
1.111
1.23
2.85
2.58
1.59
2.02
1.92
2.4
3.45
3.125
1.41
1.35
1.63
1.74
2.26
1.87
2.08
1.84
3.85
4.5
1.24
1.3
2.05
1.39
3.4
2.1
1.85
3.3
3.65
2.22
1.72
1.32
1.37
2.44
1.65
2.22
1.77
1.8
3.75
4.9
1.21
1.31
2.1
2.62
1.58
1.952
1.99
1.07
16
36
0
1.035
10.5
1.97
1.97
2.05
1.9
2.74
3.4
2.74
1.5
1.363
1.5
1.97
1.97
2.06
1.89
1.25
6.7
13
1.05
1.133
4.333
1.77
2.22
2.36
1.69
