2.65
3.5
2.65
1.5
1.32
1.5
1.94
1.94
1.8
2.1
2.65
3.25
2.8
1.45
1.363
1.5
1.89
1.99
1.88
2
2.24
3.5
3.25
1.363
1.32
1.666
1.64
2.375
1.85
2.04
2.32
3.55
3.05
1.4
1.31
1.63
1.71
2.24
1.5
2.75
2.15
3.3
3.65
1.3
1.35
1.727
1.54
2.62
2.46
1.6
2.6
3.45
2.72
1.48
1.333
1.51
1.9
1.98
2.42
1.615
2.3
3.5
3.125
1.38
1.32
1.64
1.68
2.3
1.5
2.75
2.6
3.65
2.6
1.51
1.3
1.51
1.94
1.94
1.56
2.56
2.6
3.15
2.95
1.42
1.38
1.51
1.82
2.08
1.51
2.72
2.5
3.65
2.72
1.48
1.3
1.55
1.86
2.02
1.6
2.46
2.28
3.45
3.2
1.363
1.333
1.65
1.66
2.34
1.54
2.62
2.12
3.6
3.4
1.333
1.3
1.74
1.571
2.54
2.3
1.68
2.5
3.15
3.1
1.39
1.38
1.55
1.75
2.18
1.5
2.75
1.952
4.35
3.35
1.34
1.23
1.88
1.533
2.64
1.55
2.6
2.3
3.75
2.94
1.42
1.285
1.64
1.727
2.22
1.93
1.952
2.45
4
2.6
1.51
1.26
1.571
1.88
2
1.59
2.48
2.6
3.35
2.8
1.45
1.34
1.51
1.87
2.02
2.44
1.61
2.25
4
2.88
1.43
1.26
1.666
1.727
2.22
1.65
2.35
2.32
4
2.78
1.46
1.26
1.63
1.78
2.14
1.952
1.93
1.55
4.05
6
1.125
1.23
2.4
1.87
1.952
2.3
1.63
2.1
3.6
3.45
1.333
1.3
1.76
1.56
2.56
2.4
1.63
1.952
3.6
4.45
1.24
1.333
1.93
2.78
1.54
1.96
2
8
4.2
1.533
2.64
1.26
1.111
2.05
1.91
2.15
1.833
1.25
6.7
15
1.036
1.133
4.333
1.74
2.3
2.58
1.61
1.571
4.1
7.4
1.125
1.27
2.54
2.02
1.94
1.8
2.2
1.333
5.5
12
1.055
1.181
3.55
1.99
1.97
2.48
1.65
2.75
3.25
2.9
1.46
1.38
1.5
1.93
2.04
1.85
2.14
1.55
4.4
7
1.125
1.25
2.6
1.96
2
2.18
1.81
9
4.75
1.444
2.95
1.222
1.085
2.44
1.666
2.4
1.69
2.25
3.5
3.5
1.34
1.34
1.7
1.63
2.52
2.1
1.87
1.85
3.6
5.1
1.2
1.333
2.04
2.58
1.61
1.81
2.18
2.75
3.4
2.8
1.48
1.363
1.5
1.96
2
2.04
1.92
1.6
4.333
6.3
1.153
1.25
2.46
2.05
1.91
2.1
1.87
1.75
3.75
5.6
1.181
1.31
2.18
2.35
1.71
1.94
2.02
1.833
3.6
5.2
1.19
1.333
2.06
2.56
1.615
1.85
2.14
3.05
3.5
2.5
1.58
1.34
1.42
2.2
1.8
1.9
2.06
1.85
3.6
5.1
1.2
1.333
2.04
2.58
1.61
1.85
2.14
5.8
3.8
1.727
2.22
1.3
1.166
1.74
2.3
2.1
1.87
1.7
4
5.7
1.166
1.285
2.26
2.25
1.77
2.2
1.8
6.8
4.333
1.571
2.54
1.25
1.133
1.97
1.99
2.24
1.78
2
3.5
4.333
1.25
1.34
1.88
1.444
3.15
2.02
1.952
1.87
3.6
4.95
1.21
1.333
2.02
1.363
3.6
1.87
2.1
2.04
3.55
4.1
1.27
1.333
1.85
1.48
2.98
1.91
2.05
7.2
4.1
1.58
2.52
1.27
1.125
1.96
2
2.3
1.74
1.727
3.65
6.2
1.153
1.32
2.22
2.32
1.727
2.06
1.909
1.56
4.2
7.3
1.125
1.26
2.56
1.99
1.97
1.77
2.25
1.97
3.6
4.35
1.25
1.333
1.91
1.444
3.15
2
1.96
2.8
3.4
2.75
1.5
1.363
1.48
2
1.96
1.98
1.98
6.4
3.65
1.71
2.24
1.32
1.143
1.75
2.28
2.06
1.909
1.333
5.5
12
1.055
1.181
3.55
2.02
1.952
2.24
1.77
1.42
4.9
9.4
1.08
1.21
3.05
2.26
1.76
2.14
1.84
2.64
3.5
2.85
1.47
1.34
1.533
1.9
2.04
1.8
2.18
2.25
3.5
3.5
1.34
1.34
1.7
1.615
2.52
2.04
1.9
1.77
3.75
5.4
1.181
1.31
2.15
2.36
1.69
2.1
1.85
2.375
3.5
3.25
1.38
1.34
1.64
1.7
2.34
1.75
2.25
2.1
3.6
3.85
1.3
1.333
1.8
1.52
2.8
1.82
2.15
2.2
3.5
3.65
1.32
1.34
1.74
1.58
2.62
1.82
2.15
1.87
3.75
4.7
1.222
1.31
2.02
2.56
1.6
2.1
1.86
2.05
3.6
4
1.285
1.333
1.84
2.9
1.49
2.08
1.87
2.65
3.5
2.84
1.47
1.34
1.533
1.9
2.04
2.08
1.88
2.25
3.5
3.5
1.34
1.34
1.7
1.615
2.52
1.85
2.1
2.62
3.5
2.875
1.46
1.34
1.54
1.88
2.08
1.85
2.1
4.2
3.6
2
1.88
1.333
1.26
1.5
2.875
2
1.94
2.375
3.4
3.2
1.37
1.34
1.61
1.71
2.3
2
1.92
5.1
3.85
1.75
2.12
1.285
1.181
1.68
2.35
2.15
1.8
3.65
3.6
2.15
1.77
1.333
1.32
2.68
1.56
1.97
1.97
2.25
3.5
3.05
1.363
1.285
1.615
1.66
2.25
2.24
1.666
5.2
4.333
1.571
2.35
1.21
1.153
1.833
1.99
2.82
1.444
2
3.6
3.55
1.285
1.285
1.78
1.49
2.66
2.24
1.666
2.1
3.6
3.3
1.32
1.285
1.71
1.56
2.46
2.625
1.5
4.1
3.9
1.79
1.99
1.24
1.222
1.58
2.42
2.625
1.5
1.9
3.65
3.9
1.24
1.27
1.87
2.625
1.5
2.54
1.533
4.3
3.8
1.78
2
1.25
1.21
1.59
2.4
2.8
1.45
1.952
3.6
3.75
1.26
1.285
1.82
2.72
1.47
2.8
1.45
2.25
3.5
3.05
1.363
1.285
1.615
1.66
2.25
2.44
1.571
1.444
4.5
7
1.09
1.19
2.7
1.75
2.1
3.1
1.38
2.25
3.5
3.05
1.363
1.285
1.615
1.66
2.25
1.91
1.91
1.533
4.5
5.4
1.143
1.19
2.44
1.92
1.9
2.54
1.533
1.833
3.9
3.9
1.24
1.24
1.94
2.46
1.56
3.2
1.363
1.45
4.5
6.8
1.095
1.19
2.68
1.77
2.08
2.8
1.45
2.48
3.5
2.7
1.444
1.285
1.52
1.833
1.99
2.54
1.533
1.45
4.5
6.8
1.095
1.19
2.68
1.77
2.08
2.44
1.571
1.909
3.6
3.9
1.24
1.285
1.86
2.7
1.48
2.14
1.727
2.15
3.6
3.15
1.34
1.285
1.68
1.61
2.35
2.18
1.7
1.833
3.7
4.1
1.222
1.27
1.94
2.52
1.54
2.54
1.533
1.45
4.8
6.2
1.111
1.181
2.68
1.77
2.08
2.44
1.571
2.8
3.5
2.4
1.55
1.285
1.42
2.08
1.77
1.91
1.91
3.05
3.5
2.25
1.615
1.285
1.363
2.25
1.66
2.44
1.571
1.833
4
3.8
1.25
1.23
1.94
0
0
3
1.4
1.952
3.6
3.75
1.26
1.285
1.82
2.72
1.47
2.44
1.571
5
4.5
1.571
2.35
1.19
1.166
1.833
1.99
2.82
1.444
1.285
6
8.8
1.055
1.125
3.5
1.87
1.952
3.35
1.333
1.45
4.8
6.2
1.111
1.181
2.68
1.75
2.1
3
1.4
2.58
3.5
2.6
1.48
1.285
1.48
1.9
1.92
2.82
1.444
2.375
3.5
2.84
1.41
1.285
1.56
1.75
2.1
2.54
1.533
2.4
3.05
3.55
1.32
1.4
1.6
1.64
2.44
1.46
2.98
4.05
2.85
2.25
1.666
1.444
1.25
2.72
1.51
1.52
2.68
2.72
2.85
3.1
1.39
1.444
1.48
1.82
2.08
1.47
2.85
1.9
3
5.5
1.166
1.41
1.93
2.72
1.51
1.5
2.75
2.84
2.88
2.92
1.42
1.43
1.444
1.91
1.97
1.45
2.92
1.72
3.2
6.8
1.111
1.363
2.16
2.35
1.65
1.56
2.56
2.2
3
3.3
1.26
1.31
1.56
1.56
2.34
1.65
2.16
2.35
3
3
1.31
1.31
1.49
1.666
2.12
1.6
2.25
1.8
3.45
4.7
1.181
1.3
1.98
2.52
1.54
1.63
2.3
1.66
3.65
5.5
1.143
1.27
2.18
2.2
1.69
1.833
2
3.1
3.3
2.5
1.56
1.35
1.39
2.2
1.77
1.833
2.1
1.952
3.55
4.3
1.24
1.32
1.89
2.76
1.52
2.12
1.82
2.1
3.5
3.8
1.285
1.32
1.77
1.52
2.76
1.75
2.22
2.3
3.35
3.4
1.34
1.35
1.65
1.64
2.44
1.75
2.22
2.2
3.4
3.6
1.31
1.34
1.7
1.58
2.58
1.96
1.96
1.72
3.7
5.7
1.153
1.3
2.18
2.3
1.71
2.06
1.87
2.6
3.25
3
1.41
1.363
1.52
1.833
2.1
1.72
2.28
2.22
3.35
3.6
1.31
1.35
1.69
1.58
2.58
1.833
2.1
1.9
3.6
4.5
1.222
1.31
1.94
2.7
1.54
1.65
2.42
2.5
3.25
3.15
1.38
1.363
1.56
1.76
2.22
1.7
2.32
2.5
3.35
2.92
1.42
1.34
1.55
1.8
2.1
1.93
1.952
1.48
4.2
7.8
1.09
1.24
2.7
1.833
2.06
2.2
1.74
1.35
4.85
9
1.05
1.166
3.125
1.59
2.4
1.99
1.833
1.66
4.2
5.7
1.166
1.26
2.34
2.15
1.82
2.34
1.7
1.111
12
31
1.001
1.055
7.6
1.93
2.02
1.97
1.97
1.55
4.35
6.6
1.143
1.25
2.6
1.96
1.98
2.52
1.615
5.5
4
1.71
2.24
1.285
1.181
1.75
2.25
2.34
1.7
2.18
3.7
3.5
1.34
1.32
1.75
1.6
2.56
2.56
1.6
1.65
4
6.3
1.153
1.285
2.35
2.12
1.833
2.38
1.68
1.52
4.5
7.4
1.125
1.24
2.68
1.89
2.06
2.25
1.75
2.4
3.5
3.2
1.39
1.34
1.63
1.727
2.3
2.1
1.85
2.8
3.5
2.68
1.52
1.34
1.48
2.02
1.93
2.1
1.85
2.14
3.65
3.65
1.32
1.32
1.77
1.56
2.68
2.26
1.74
2.42
3.4
3.25
1.38
1.363
1.615
1.72
2.3
2.04
1.9
2.75
3.4
2.8
1.48
1.363
1.5
1.952
1.99
2.34
1.7
2.4
3.5
3.2
1.39
1.34
1.63
1.727
2.3
2.68
1.56
3.4
3.55
2.28
1.69
1.333
1.363
2.44
1.65
2.38
1.68
2.7
3.45
2.82
1.48
1.35
1.51
1.93
2.02
2.12
1.833
2.88
3.45
2.64
1.533
1.35
1.46
2.06
1.89
2.56
1.6
2.12
3.65
3.7
1.32
1.32
1.79
1.55
2.7
2.3
1.72
2.14
3.65
3.65
1.32
1.32
1.77
1.56
2.68
2.26
1.74
1.97
3.85
4.05
1.285
1.3
1.91
1.46
3.05
2.2
1.78
1.1
14
31
1.001
1.04
8.2
1.833
2.12
2
1.94
1.444
4.7
9.1
1.085
1.222
2.95
1.74
2.28
2.44
1.65
2.12
3.65
3.7
1.32
1.32
1.79
1.55
2.7
2.12
1.833
8.2
4.4
1.5
2.75
1.25
1.1
2.12
1.84
2.875
1.5
2.04
3.8
3.8
1.3
1.3
1.85
1.51
2.84
2.52
1.615
1.7
3.9
5.9
1.166
1.3
2.26
2.22
1.77
2.34
1.7
2.25
3.5
3.5
1.34
1.34
1.7
1.615
2.52
2.12
1.833
1.75
3.9
5.3
1.19
1.3
2.18
2.34
1.7
2.2
1.78
1.666
3.95
5.8
1.153
1.27
2.26
2.22
1.76
1.92
2
1.55
3.7
7.8
1.09
1.3
2.5
2.02
1.86
1.52
2.68
3.65
3.35
2.2
1.7
1.35
1.3
2.6
1.571
1.88
2.05
11
7.1
1.25
4.25
1.125
1.06
2.32
1.7
3.25
1.4
3.6
3.25
2.2
1.69
1.363
1.3
2.56
1.56
1.7
2.26
3.25
3.5
2.375
1.64
1.34
1.38
2.34
1.7
1.78
2.2
2.06
3.55
4.05
1.285
1.333
1.833
2.98
1.47
1.85
2.1
2.32
3.4
3.45
1.35
1.363
1.666
1.65
2.44
1.8
2.18
1.166
8.9
21
1.017
1.09
5.8
1.77
2.22
2.22
1.77
2.06
3.5
4.1
1.27
1.34
1.833
2.98
1.47
1.85
2.1
1.72
3.9
5.6
1.181
1.3
2.22
2.3
1.727
2.04
1.9
2
3.55
4.3
1.25
1.333
1.88
2.875
1.5
1.9
2.04
2.65
3.35
2.95
1.444
1.363
1.533
1.87
2.08
1.96
1.98
1.59
4.15
6.9
1.133
1.27
2.48
2.02
1.92
2.25
1.75
3.6
3.55
2.2
1.74
1.333
1.333
2.58
1.59
2.1
1.85
13
6.9
1.26
4.2
1.133
1.05
1.727
2.3
1.9
2.04
2.05
3.45
4.2
1.26
1.35
1.84
2.98
1.47
1.85
2.1
1.09
15
34
0
1.036
8.8
1.727
2.3
2.48
1.63
1.65
3.95
6.4
1.143
1.285
2.35
2.15
1.82
2.1
1.85
15
6.4
1.26
4.2
1.143
1.036
2.25
1.75
1.85
2.1
3.3
3.4
2.4
1.63
1.363
1.37
2.34
1.7
2.04
1.9
2.62
3.45
2.9
1.46
1.35
1.54
1.87
2.08
2.1
1.85
2.9
3.5
2.6
1.55
1.34
1.46
2.08
1.87
2.04
1.9
1.55
4.35
7.1
1.125
1.25
2.6
1.952
1.99
2.25
1.75
1.3
6
13
1.05
1.166
3.8
1.88
2.08
2.48
1.63
3.1
3.5
2.45
1.61
1.34
1.41
2.24
1.76
2
1.94
2.12
3.3
4.15
1.27
1.37
1.79
1.49
2.9
1.85
2.1
2.84
3.2
2.84
1.47
1.39
1.47
1.97
1.97
1.8
2.18
1.32
5.8
12
1.055
1.166
3.65
1.98
1.96
2.25
1.75
2.28
3.35
3.6
1.333
1.363
1.69
1.61
2.54
2
1.94
2.04
3.6
4.05
1.285
1.333
1.85
1.48
2.95
1.8
2.18
2.08
3.5
4
1.285
1.34
1.82
1.5
2.875
1.85
2.1
3.9
3.5
2.12
1.79
1.34
1.3
2.8
1.52
2
1.94
2.6
3.3
3.05
1.42
1.37
1.55
1.82
2.15
2
1.94
1.23
6.8
18
1.025
1.133
4.6
1.68
2.38
2.25
1.75
1.45
4.8
8.5
1.095
1.222
2.92
1.75
2.25
2.1
1.85
1.9
3.7
4.55
1.23
1.32
1.98
1.4
3.35
2.1
1.85
1.98
3.5
4.45
1.24
1.34
1.9
2.84
1.51
1.9
2.04
1.46
4.85
8
1.111
1.21
2.88
1.77
2.22
2.12
1.833
1.43
5.2
8.2
1.1
1.19
3
2.26
1.74
2.2
1.78
8.4
5.5
1.4
3.15
1.181
1.095
1.8
2.18
2.26
1.74
2.8
3.35
2.8
1.48
1.363
1.48
1.97
1.97
1.9
2.04
3.05
3.3
2.6
1.55
1.37
1.42
2.15
1.82
1.77
2.22
2.1
3.4
4.1
1.27
1.363
1.8
1.49
2.9
1.9
2.04
3.05
3.3
2.6
1.55
1.37
1.42
2.15
1.82
1.85
2.1
4.1
3.5
2.06
1.833
1.34
1.27
2.95
1.48
1.952
1.99
1.4
5
9.9
1.075
1.21
3.15
2.2
1.79
2.2
1.78
2.25
3.15
3.7
1.31
1.39
1.69
1.58
2.58
1.75
2.22
2.56
3
3.25
1.37
1.42
1.55
1.75
2.22
1.8
2.15
1.98
3.4
4.3
1.25
1.35
1.88
1.43
3.125
1.9
2.02
2.7
3
3.05
1.41
1.42
1.5
1.85
2.08
1.85
2.08
2.8
3
2.94
1.444
1.42
1.47
1.91
2.02
1.8
2.15
3.05
3
2.7
1.5
1.42
1.41
2.08
1.85
1.85
2.08
2.5
3
3.35
1.363
1.42
1.571
1.71
2.3
1.85
2.08
1.6
4.25
5.9
1.153
1.25
2.44
2.8
1.51
2.52
1.6
3.95
3.3
2.1
1.78
1.363
1.285
2.82
1.5
1.94
1.98
2.3
3.3
3.125
1.35
1.32
1.59
1.66
2.25
1.97
1.85
2.35
3.2
3.125
1.35
1.333
1.571
1.666
2.24
1.8
2.04
2.72
3.55
2.72
1.51
1.333
1.51
1.97
1.97
1.9
2.04
1.5
4.3
8.6
1.095
1.25
2.75
1.84
2.12
1.88
2.08
2.8
3.25
2.85
1.47
1.38
1.48
1.952
1.99
1.7
2.34
1.27
7
12
1.055
1.125
4.1
1.81
2.16
2.18
1.8
2
3.65
4.15
1.27
1.32
1.88
1.46
3.05
1.7
2.34
3.5
3.4
2.3
1.68
1.363
1.34
2.48
1.63
1.85
2.1
2.3
3.65
3.25
1.38
1.32
1.68
1.68
2.38
2.1
1.85
6.5
3.95
1.64
2.375
1.285
1.143
1.833
2.12
2.05
1.9
1.45
4.75
8.7
1.09
1.222
2.92
1.75
2.25
2.2
1.78
4.45
3.45
2
1.88
1.35
1.24
1.52
2.8
1.97
1.97
2.65
3.5
2.85
1.47
1.34
1.533
1.9
2.04
2.4
1.666
1.8
3.8
5.1
1.2
1.3
2.1
2.44
1.65
2.1
1.85
1.27
6.4
14
1.04
1.143
4.1
1.87
2.08
2.34
1.7
3.15
3.45
2.45
1.61
1.35
1.4
2.25
1.75
1.85
2.1
1.27
6.2
15
1.036
1.153
4.1
1.8
2.18
2.3
1.72
2.6
3.3
3.05
1.42
1.37
1.55
1.82
2.15
1.8
2.18
2.56
3.3
3.1
1.41
1.37
1.56
1.8
2.18
1.85
2.1
2.24
3.35
3.7
1.32
1.363
1.71
1.58
2.62
1.952
1.99
4.05
3.55
2.06
1.833
1.333
1.285
2.9
1.49
1.97
1.97
1.363
5.5
10
1.075
1.181
3.35
1.58
2.625
2.18
1.8
1.181
8.5
19
1.022
1.095
5.4
2.15
1.82
3.1
1.45
2.98
3.3
2.65
1.533
1.37
1.444
2.1
1.86
1.8
2.18
4.6
3.7
1.89
1.99
1.32
1.23
1.59
2.58
1.86
2.1
2.5
3.45
3.1
1.41
1.35
1.58
1.78
2.2
1.99
1.952
1.4
4.75
9.9
1.065
1.21
3.05
2.18
1.78
2.82
1.5
26
9.1
1.153
6.1
1.085
1.008
1.78
2.2
1.92
2.02
1.21
7.7
17
1.03
1.111
4.9
2.7
1.55
2.68
1.56
2.45
3.4
3.2
1.39
1.363
1.61
1.74
2.26
1.85
2.1
1.111
12
31
1.001
1.055
7.6
1.85
2.1
1.9
2.04
3.4
3.45
2.32
1.666
1.35
1.363
2.42
1.66
1.86
2.1
3.75
3.65
2.1
1.8
1.32
1.31
1.45
3.1
2.08
1.87
2.14
3.7
3.6
1.333
1.32
1.77
1.58
2.62
2.28
1.74
2.58
3.75
2.76
1.5
1.31
1.55
1.909
2.04
2.44
1.65
2.6
3.45
2.94
1.45
1.35
1.55
1.833
2.12
1.82
2.15
1.1
14
29
1.004
1.04
8.2
1.94
2
1.87
2.08
1.77
4
5
1.21
1.285
2.15
2.4
1.666
2.1
1.85
1.6
4.3
6.3
1.153
1.25
2.46
2.04
1.909
2.12
1.833
1.23
7.7
14
1.04
1.111
4.6
2.06
1.89
2.98
1.47
1.72
4.1
5.3
1.19
1.27
2.22
2.26
1.74
2.62
1.58
1.363
5.3
11
1.065
1.19
3.35
2.08
1.87
2.16
1.81
1.37
5.4
10
1.075
1.181
3.3
2.12
1.833
2.3
1.72
1.8
3.6
5.2
1.181
1.31
2.06
2.46
1.63
1.96
1.96
1.8
4
4.25
1.24
1.26
2.04
1.38
3.25
2.75
1.5
2.84
3
2.68
1.45
1.37
1.41
1.96
1.86
1.86
1.96
7.4
4.8
1.4
2.88
1.181
1.08
1.65
2.26
1.91
1.91
3.1
3.1
2.42
1.54
1.35
1.35
2.18
1.7
1.8
2.04
2.4
3
3.55
1.333
1.45
1.615
1.64
2.44
1.9
2.02
3.75
3.3
2.16
1.74
1.363
1.3
2.7
1.54
1.75
2.22
2.66
3
3.1
1.4
1.42
1.51
1.82
2.12
1.85
2.08
1.92
3.4
4.85
1.2
1.34
1.92
2.75
1.533
1.75
2.25
1.6
4.1
6.6
1.125
1.26
2.4
2.08
1.87
1.7
2.34
4.6
3.6
1.9
1.94
1.31
1.21
1.56
2.68
1.92
2.02
1.68
3.7
6.5
1.125
1.3
2.24
2.24
1.76
1.85
2.1
1.952
3.45
4.6
1.21
1.333
1.89
2.8
1.52
1.85
2.1
3.65
3.3
2.25
1.68
1.35
1.3
2.58
1.59
2.04
1.9
8.8
4.6
1.45
2.84
1.21
1.08
2.22
1.77
2.02
1.92
3.45
3.3
2.35
1.63
1.35
1.333
2.42
1.66
1.87
2.08
1.38
5.2
9.7
1.065
1.181
3.15
2.18
1.8
1.9
2.04
2.22
3.45
3.55
1.32
1.333
1.69
1.6
2.56
1.9
2.04
2.3
3.45
3.4
1.34
1.333
1.65
1.65
2.44
1.8
2.18
1.26
6.4
14
1.03
1.133
4.05
1.78
2.2
2.3
1.72
1.71
3.65
6.2
1.133
1.3
2.18
2.36
1.69
1.87
2.08
2.52
3.4
3.05
1.4
1.34
1.55
1.8
2.18
1.94
2
5.6
3.95
1.7
2.2
1.27
1.166
1.74
2.26
1.833
2.12
2.42
3.35
3.25
1.363
1.35
1.59
1.74
2.26
1.81
2.16
2.2
3.55
3.5
1.32
1.32
1.7
1.61
2.54
1.97
1.97
2.35
3.1
3.4
1.333
1.39
1.615
1.65
2.35
1.5
2.75
1.75
3.3
6
1.143
1.35
2.12
2.4
1.63
1.6
2.46
1.9
3.6
4.2
1.24
1.3
1.93
2.72
1.51
1.6
2.46
1.65
3.9
5.6
1.153
1.27
2.28
2.22
1.727
1.533
2.64
3.1
3.3
2.4
1.59
1.35
1.39
2.22
1.72
1.65
2.35
1.25
6.5
12
1.04
1.125
4.1
1.82
2.08
1.68
2.3
1.6
4
6
1.143
1.26
2.38
2.1
1.8
1.6
2.46
2.6
3.3
2.82
1.45
1.35
1.51
1.86
2.02
1.55
2.6
2.7
3.2
2.78
1.46
1.363
1.48
1.91
1.97
1.6
2.46
2
3.4
4.05
1.25
1.333
1.833
2.92
1.45
1.6
2.46
2.25
3.3
3.4
1.333
1.35
1.666
1.61
2.44
1.65
2.35
3.05
3.1
2.45
1.533
1.35
1.363
2.15
1.72
1.75
2.1
1.35
5
8.5
1.06
1.166
3.125
1.96
1.86
2.04
1.8
2.25
3.2
3.3
1.32
1.333
1.615
1.61
2.35
1.8
2.04
3.75
3.4
2.15
1.77
1.363
1.31
2.7
1.55
1.78
2.2
2.02
3.5
4.25
1.26
1.34
1.87
1.45
3.1
1.58
2.62
1.76
3.8
5.4
1.181
1.3
2.16
2.38
1.68
1.85
2.1
3.3
3.3
2.44
1.61
1.37
1.37
2.32
1.71
1.69
2.36
11
5.5
1.3
3.65
1.166
1.05
1.94
1.94
2.1
1.8
1.2
7.3
14
1.027
1.1
4.75
1.94
1.94
2.54
1.571
2.3
3.3
3.45
1.333
1.35
1.65
1.63
2.46
2.42
1.65
1.45
4.9
7.6
1.1
1.2
2.84
1.75
2.22
2.82
1.5
2.35
3.55
3.1
1.4
1.333
1.64
1.72
2.28
2.52
1.6
1.952
3.6
4.15
1.26
1.32
1.909
1.444
3.05
2.42
1.65
4.15
3.85
1.85
1.98
1.285
1.25
3.15
1.4
2.6
1.55
2.72
3.55
2.55
1.533
1.31
1.48
2
1.88
2.46
1.6
1.952
3.65
3.9
1.27
1.3
1.88
1.46
2.88
2.35
1.65
1.7
3.9
5.1
1.181
1.27
2.18
2.24
1.71
2.4
1.63
3.5
3.55
2.1
1.76
1.31
1.32
2.6
1.55
2.35
1.65
1.9
3.65
4.15
1.25
1.3
1.93
1.41
3.1
2.52
1.58
1.9
3.55
4.6
1.21
1.32
1.94
1.38
3.4
1.8
2.15
2
3.45
4.25
1.24
1.333
1.85
1.444
3.05
1.8
2.15
1.66
3.8
6.2
1.133
1.285
2.28
2.2
1.77
2.02
1.9
2
3.5
3.9
1.27
1.32
1.833
1.47
2.84
1.84
2.05
2.7
3.3
2.7
1.48
1.35
1.48
1.94
1.94
2.02
1.86
3.5
3.5
2.12
1.74
1.32
1.32
2.56
1.56
2.02
1.86
10
4.6
1.4
3.1
1.222
1.07
1.75
2.22
2.08
1.85
1.25
6.3
15
1.036
1.153
4.333
1.85
2.1
2.25
1.75
1.285
6.2
13
1.05
1.153
3.95
1.75
2.25
2.1
1.85
3.2
3.2
2.5
1.58
1.39
1.39
2.25
1.75
1.7
2.34
3.2
3.3
2.5
1.58
1.37
1.39
2.25
1.75
1.7
2.34
1.9
3.3
5.1
1.2
1.37
1.98
2.74
1.54
1.7
2.34
2.4
3.2
3.5
1.34
1.39
1.63
1.66
2.42
1.75
2.25
1.66
4
6.2
1.153
1.285
2.34
2.2
1.79
1.8
2.18
2.2
3.2
3.85
1.3
1.39
1.74
1.55
2.7
1.65
2.44
1.45
4.45
9
1.085
1.24
2.92
1.78
2.2
1.85
2.1
2.12
3.35
4.1
1.27
1.363
1.79
1.49
2.9
1.8
2.18
3.2
3.3
2.5
1.58
1.37
1.39
2.25
1.75
1.65
2.44
7.8
4.55
1.5
2.75
1.23
1.111
2.1
1.85
1.9
2.04
1.55
4.2
7.5
1.125
1.26
2.6
1.96
1.98
1.9
2.04
2.1
3.35
4.15
1.27
1.363
1.8
1.48
2.95
1.75
2.25
0
0
0
1.333
1.38
1.65
1.64
2.46
1.65
2.44
2.65
3.2
3.1
1.41
1.39
1.533
1.833
2.12
1.7
2.34
2.1
3.25
4.333
1.25
1.38
1.8
3.1
1.444
1.7
2.34
1.666
3.65
7.1
1.125
1.32
2.32
2.2
1.78
1.7
2.34
2.3
3.3
3.6
1.333
1.37
1.68
1.615
2.52
1.75
2.25
8.3
4
1.55
2.6
1.285
1.1
1.97
1.97
1.8
2.18
2.85
3.15
2.76
1.48
1.39
1.46
1.99
1.93
1.727
2.26
2.1
3.25
3.65
1.27
1.333
1.71
1.5
2.625
1.75
2.1
2.88
3.3
2.45
1.533
1.32
1.4
2.08
1.77
1.75
2.1
7.1
4.15
1.48
2.6
1.222
1.085
2
1.833
2
1.833
2.65
3.3
2.65
1.46
1.32
1.46
1.91
1.91
2.1
1.75
4.1
3.5
1.89
1.88
1.285
1.222
1.49
2.66
1.833
2
2.05
3.3
3.75
1.26
1.32
1.74
1.48
2.7
1.833
2
2.1
3.3
3.6
1.285
1.32
1.71
1.51
2.6
2
1.833
2.75
3.3
2.55
1.49
1.32
1.43
1.99
1.84
1.72
2.15
1.89
3.5
4.1
1.222
1.285
1.88
1.39
3.05
2
1.833
1.4
4.55
8.1
1.065
1.19
2.88
1.68
2.22
2.18
1.7
3.55
3.3
2.25
1.69
1.363
1.333
2.52
1.6
2.02
1.9
2.3
3.3
3.3
1.35
1.35
1.64
1.65
2.35
2.46
1.6
1.77
3.85
5
1.19
1.285
2.1
2.42
1.65
1.79
2.16
1.153
8
15
1.005
1.07
5.1
1.81
2.02
3.7
1.285
2.75
3.5
2.45
1.533
1.285
1.43
2.02
1.81
3
1.4
2
3.6
3.55
1.285
1.285
1.78
1.49
2.66
2.8
1.45
3.4
3.6
2.05
1.74
1.285
1.3
2.54
1.533
2.18
1.7
2.55
3.5
2.625
1.47
1.285
1.49
1.88
1.94
2.82
1.444
2.25
3.5
3.05
1.363
1.285
1.615
1.66
2.25
2.18
1.7
3.75
3.6
1.952
1.82
1.285
1.26
1.47
2.72
2.8
1.45
2.4
3.5
2.8
1.42
1.285
1.55
1.77
2.08
3
1.4
2.1
3.5
3.35
1.31
1.285
1.71
1.55
2.48
3.2
1.363
4.15
3.2
1.98
1.8
1.333
1.222
1.43
2.875
1.65
2.26
2.2
3.25
3.7
1.31
1.37
1.72
1.56
2.64
1.85
2.08
2.15
3.2
3.95
1.285
1.38
1.75
1.51
2.8
1.51
2.78
1.65
3.8
6.2
1.143
1.3
2.32
2.22
1.76
1.56
2.625
2.25
3.25
3.6
1.32
1.37
1.69
1.59
2.55
1.7
2.32
1.65
3.95
6
1.143
1.27
2.3
2.16
1.79
1.9
2.02
3.1
3.4
2.45
1.58
1.34
1.39
2.22
1.75
2.02
1.9
4.7
3.9
1.8
2.06
1.27
1.21
1.65
2.42
2.5
1.615
2.12
3.6
3.6
1.31
1.31
1.75
1.56
2.64
2.1
1.833
3.8
3.65
2.04
1.81
1.3
1.285
2.8
1.51
2.1
1.833
2.28
3.4
3.4
1.34
1.34
1.66
1.64
2.44
2.1
1.833
2.78
3.4
2.68
1.5
1.34
1.47
2
1.92
2.2
1.77
2.15
3.7
3.45
1.333
1.3
1.74
1.59
2.55
2.66
1.55
2.45
3.45
3.05
1.4
1.333
1.58
1.77
2.2
1.96
1.96
1.08
8.4
21
0
1.023
5.9
1.87
1.87
4.25
1.2
2.35
3.4
2.68
1.38
1.25
1.49
1.75
2
2.36
1.55
19
7.6
1.1
5.3
1.036
0
2.12
1.68
4.25
1.2
1.9
3.7
3.35
1.25
1.21
1.75
1.47
2.56
2.82
1.4
