2.88
3.3
2.55
1.533
1.35
1.43
2.06
1.833
1.75
2.18
2.45
3.55
2.84
1.444
1.31
1.571
1.81
2.1
1.92
1.96
2.375
3.75
2.82
1.45
1.285
1.6
1.79
2.12
2.18
1.75
2.62
3.6
2.62
1.51
1.3
1.51
1.94
1.94
2.02
1.86
2.74
3.85
2.4
1.59
1.285
1.47
2.08
1.82
1.58
2.52
2.64
3.8
2.5
1.55
1.285
1.5
1.99
1.89
2.46
1.6
2.45
3.65
2.78
1.46
1.3
1.571
1.82
2.08
2.14
1.78
2.35
3.5
3.05
1.4
1.32
1.615
1.72
2.22
1.84
2.05
2.35
3.45
3.15
1.39
1.34
1.64
1.71
2.3
2.32
1.7
2.1
3.5
3.7
1.31
1.333
1.78
1.533
2.72
2.52
1.6
1.85
3.45
4.4
1.2
1.3
1.92
2.54
1.533
2.18
1.7
2.3
3.4
3.05
1.363
1.3
1.59
1.68
2.22
1.88
1.94
2
3.45
3.75
1.26
1.3
1.78
1.46
2.76
2.1
1.75
2.78
3.45
2.45
1.533
1.3
1.43
2.04
1.8
1.91
1.91
2.35
3.45
2.92
1.39
1.3
1.571
1.727
2.14
1.86
1.96
2.82
3.35
2.68
1.52
1.363
1.48
2.02
1.92
2.34
1.7
2.06
3.55
3.85
1.3
1.333
1.833
1.51
2.84
2.26
1.74
1.99
3.5
4.2
1.26
1.34
1.89
2.84
1.51
2.48
1.63
3.2
3.5
2.34
1.66
1.34
1.39
2.34
1.7
2.25
1.75
5.2
3.7
1.78
2.14
1.32
1.19
1.666
2.4
2.24
1.76
2.76
3
2.76
1.43
1.37
1.43
1.91
1.91
1.55
2.48
1.61
4.25
6.3
1.153
1.26
2.44
2.05
1.91
2.44
1.666
1.59
4.2
6.7
1.133
1.26
2.48
2.14
1.84
2.18
1.81
2.4
3.5
3.2
1.39
1.34
1.63
1.727
2.32
1.89
2.08
1.222
7
18
1.025
1.125
4.7
2.1
1.87
2.65
1.58
2.35
3.4
3.4
1.363
1.363
1.65
1.68
2.4
1.833
2.15
2.45
3.4
3.2
1.39
1.363
1.61
1.75
2.28
1.833
2.16
6.5
4.15
1.615
2.42
1.27
1.143
1.81
2.18
2.02
1.952
6.5
4.2
1.6
2.46
1.26
1.143
1.9
2.06
1.94
2.02
2.1
3.45
4
1.285
1.35
1.8
1.51
2.875
1.91
2.05
4.6
3.9
1.85
2.04
1.3
1.23
1.63
2.52
2.32
1.727
1.45
4.8
8.5
1.095
1.222
2.92
1.74
2.3
2.18
1.81
3.8
3.5
2.15
1.77
1.34
1.3
2.74
1.55
1.86
2.12
1.285
6.5
13
1.05
1.143
3.95
1.833
2.15
2.48
1.65
1.4
5
9.9
1.075
1.21
3.15
2.18
1.81
2.32
1.727
2.25
3.4
3.6
1.333
1.363
1.7
1.61
2.58
1.76
2.26
1.7
3.8
6.1
1.153
1.3
2.26
2.25
1.77
2.06
1.9
1.285
6.5
13
1.05
1.143
3.95
1.833
2.15
2.45
1.66
1.48
4.4
9
1.085
1.25
2.82
1.833
2.16
1.86
2.12
5.5
3.8
1.75
2.18
1.3
1.181
1.71
2.35
2.02
1.952
4.333
3.5
2
1.88
1.34
1.25
1.51
2.875
1.85
2.14
2.8
3.4
2.75
1.5
1.363
1.48
2
1.96
1.87
2.1
7.4
4.25
1.55
2.6
1.26
1.125
2
1.96
2.26
1.76
3.4
3.45
2.32
1.666
1.35
1.363
2.44
1.666
1.86
2.12
1.4
5.1
9.7
1.08
1.2
3.15
2.18
1.81
2.375
1.7
1.31
5.9
12
1.055
1.166
3.75
1.93
2.04
2.375
1.7
2.12
3.35
4.1
1.27
1.363
1.79
1.5
2.92
1.86
2.12
1.9
3.6
4.75
1.222
1.333
1.98
1.39
3.45
1.96
2
2.4
3.3
3.4
1.363
1.37
1.63
1.69
2.38
1.94
2.02
1.94
3.55
4.55
1.23
1.333
1.94
1.41
3.35
1.81
2.18
1.363
5.5
10
1.075
1.181
3.35
2.12
1.86
1.98
1.98
2.32
3.35
3.5
1.34
1.363
1.666
1.65
2.48
2.14
1.85
3.65
3.5
2.15
1.77
1.34
1.32
2.68
1.56
2.02
1.92
2.45
3.4
3.1
1.41
1.363
1.61
1.75
2.25
1.85
2.1
2.95
3.5
2.5
1.58
1.34
1.444
2.15
1.82
2.12
1.833
1.78
3.75
5.1
1.2
1.31
2.14
2.44
1.65
1.85
2.1
2.2
3.5
3.5
1.34
1.34
1.74
3.35
1.4
2.02
1.92
3.3
3.45
2.3
1.68
1.35
1.37
2.4
1.666
1.97
1.97
4.6
3.9
1.81
2.1
1.3
1.23
1.63
2.48
2.3
1.72
2.05
3.5
3.95
1.285
1.34
1.84
1.5
2.875
2.05
1.9
2.04
3.5
4
1.285
1.34
1.85
1.49
2.9
2.1
1.85
3.65
3.5
2.15
1.77
1.34
1.32
2.68
1.56
1.9
2.04
2.25
3.6
3.3
1.37
1.333
1.7
3.35
1.4
2.12
1.833
2.45
3.35
3.125
1.39
1.35
1.58
1.75
2.22
1.92
2
1.91
3.5
4.6
1.21
1.32
1.93
2.66
1.55
1.96
1.96
3.7
3.5
2.12
1.75
1.32
1.3
1.43
3.125
1.92
2
4.25
3.7
1.92
1.92
1.3
1.24
1.54
2.7
2.1
1.833
2.1
3.55
3.75
1.3
1.32
1.77
1.533
2.72
2.08
1.85
2.98
3.45
2.5
1.56
1.333
1.42
2.15
1.8
1.9
2.02
2.05
3.55
3.9
1.27
1.32
1.81
1.49
2.86
2.08
1.85
2.45
3.4
3.1
1.39
1.34
1.58
1.75
2.22
2.1
1.833
3.8
3.35
2.15
1.74
1.35
1.285
2.72
1.533
2.08
1.85
1.56
4.05
7.3
1.111
1.26
2.5
1.98
1.94
2
1.92
2.62
3.35
2.9
1.444
1.35
1.52
1.86
2.08
1.96
1.96
2.05
3.4
4.1
1.26
1.34
1.81
2.98
1.46
1.88
2.05
2.85
3.45
2.6
1.52
1.333
1.45
2.06
1.87
1.96
1.96
2.1
3.4
3.9
1.27
1.34
1.77
1.51
2.8
1.88
2.05
2.05
3.55
3.9
1.27
1.32
1.81
1.49
2.86
2
1.92
2.45
3.4
3.1
1.39
1.34
1.58
1.75
2.22
2
1.92
2.86
3.4
2.62
1.52
1.34
1.444
2.05
1.88
1.89
2.04
3.1
3.4
2.45
1.58
1.34
1.39
2.22
1.75
1.87
2.06
1.85
3.65
4.75
1.21
1.3
2
2.55
1.59
2
1.92
2.15
3.4
3.75
1.3
1.34
1.74
1.54
2.7
1.92
2
2.55
3.4
2.95
1.42
1.34
1.54
1.833
2.1
2
1.92
2.02
3.5
4.1
1.26
1.32
1.833
2.9
1.48
1.97
1.952
2.3
3.4
3.35
1.35
1.34
1.65
1.65
2.42
2.02
1.9
2.35
3.4
3.25
1.363
1.34
1.63
1.69
2.34
1.9
2.02
1.35
5
8.5
1.06
1.166
3.125
2.08
1.76
2.44
1.571
2.9
3.6
2.3
1.59
1.285
1.4
2.16
1.71
2.18
1.7
2.05
3.5
3.5
1.285
1.285
1.74
1.51
2.6
3
1.4
1.363
5.5
7
1.09
1.143
3.05
1.59
2.38
3
1.4
3
3.7
2.2
1.65
1.27
1.37
2.26
1.65
2.82
1.444
1.615
4.333
4.8
1.181
1.21
2.26
2.08
1.77
2.54
1.533
1.7
4
4.55
1.19
1.23
2.12
2.26
1.65
2.04
1.8
2.2
3.1
4
1.285
1.41
1.74
1.533
2.75
1.5
2.875
3.5
3.1
2.4
1.63
1.41
1.34
2.42
1.66
1.56
2.68
3.1
3
2.7
1.51
1.43
1.41
2.12
1.84
1.55
2.7
1.75
3.3
6.6
1.143
1.37
2.18
2.42
1.66
1.54
2.74
2.86
3.05
2.86
1.47
1.42
1.47
1.97
1.97
1.52
2.8
2.3
3.1
3.75
1.31
1.41
1.68
1.59
2.58
1.56
2.68
2.15
3.1
4.2
1.26
1.41
1.77
1.49
2.9
1.58
2.62
2.65
3.05
3.125
1.41
1.42
1.533
1.82
2.15
1.52
2.8
1.952
3.1
5.2
1.19
1.41
1.93
2.875
1.5
1.5
2.875
2.66
3
3.15
1.4
1.43
1.533
1.82
2.15
1.52
2.8
3.75
3.05
2.3
1.66
1.41
1.3
2.52
1.6
1.52
2.76
1.98
3.125
4.6
1.21
1.38
1.85
1.39
3.2
1.58
2.52
2.5
2.94
3.3
1.35
1.42
1.55
1.7
2.26
1.55
2.58
2
3.1
3.7
1.21
1.3
1.68
1.444
2.65
1.65
2.16
1.8
3.4
4.1
1.181
1.25
1.85
2.54
1.48
1.7
2.08
1.35
5.2
11
1.065
1.19
3.45
1.97
1.97
2.7
1.55
2.3
3.6
3.2
1.39
1.333
1.68
1.69
2.36
1.9
2.04
2.25
3.6
3.3
1.37
1.333
1.7
1.66
2.42
1.9
2.04
1.77
3.85
5
1.21
1.3
2.15
1.333
3.75
2.18
1.8
3.55
3.6
2.15
1.77
1.333
1.333
2.62
1.58
2.25
1.75
1.3
6
11
1.065
1.166
3.8
1.9
2.04
2.64
1.571
3.2
3.6
2.3
1.68
1.333
1.39
2.36
1.69
2.48
1.63
2.7
3.6
2.65
1.533
1.333
1.51
1.99
1.952
2.44
1.65
1.52
4.2
6.2
1.111
1.222
2.48
1.85
1.97
2.35
1.61
1.59
3.95
7
1.125
1.285
2.48
2.12
1.833
1.76
2.24
1.88
3.5
4.8
1.222
1.34
2
2.68
1.56
1.75
2.26
1.43
4.75
8.6
1.095
1.222
3
1.72
2.3
2.36
1.69
2.22
3.35
3.6
1.333
1.363
1.72
1.59
2.58
1.82
2.15
2.52
3.3
3.05
1.42
1.37
1.58
1.8
2.18
1.84
2.12
1.65
3.9
6.1
1.153
1.3
2.35
2.2
1.78
1.61
2.54
2.15
3.35
3.8
1.3
1.363
1.77
1.54
2.74
1.78
2.2
2.85
3.35
2.66
1.533
1.363
1.47
2.04
1.9
1.68
2.38
1.45
4.35
9.4
1.08
1.25
2.92
1.82
2.15
1.99
1.952
2.82
3.25
2.75
1.5
1.38
1.48
2
1.94
1.97
1.97
1.89
3.5
4.4
1.222
1.32
1.94
2.68
1.52
1.75
2.18
1.98
3.4
4.1
1.25
1.333
1.85
1.444
2.95
1.88
2
1.88
3.4
4.65
1.21
1.333
1.952
2.64
1.533
1.99
1.89
2.05
3.35
3.9
1.27
1.34
1.79
1.48
2.82
1.8
2.1
1.444
4.4
8.2
1.085
1.222
2.84
1.76
2.16
2.26
1.7
1.66
3.85
5.6
1.153
1.285
2.26
2.2
1.74
2.18
1.75
2.18
3.35
3.5
1.32
1.34
1.71
1.571
2.54
1.7
2.25
2.25
3.3
3.4
1.333
1.35
1.666
1.61
2.44
1.91
1.97
1.64
3.85
5.8
1.153
1.285
2.3
2.15
1.77
2.04
1.85
5.7
3.9
1.64
2.3
1.27
1.153
1.77
2.15
1.97
1.91
2.45
3.55
2.98
1.444
1.333
1.61
1.79
2.2
2.36
1.69
5.3
4
1.7
2.26
1.285
1.19
1.75
2.25
2.54
1.61
1.31
5.8
11
1.065
1.166
3.75
1.87
2.08
2.7
1.55
2.375
3.65
3.05
1.42
1.32
1.64
1.75
2.25
2.48
1.63
1.75
4
4.9
1.21
1.285
2.18
2.34
1.7
2.48
1.63
1.84
4
4.3
1.25
1.285
2.05
1.41
3.25
2.56
1.6
5.3
4.3
1.65
2.35
1.25
1.19
1.833
2.12
2.68
1.56
2.54
3.5
2.88
1.46
1.34
1.571
1.85
2.1
2.18
1.8
2.72
3.45
2.72
1.51
1.35
1.51
1.97
1.97
2.18
1.8
3.45
3.55
2.2
1.74
1.333
1.35
2.52
1.615
2.875
1.5
4.95
3.95
1.75
2.18
1.285
1.21
1.69
2.36
2.12
1.833
1.92
3.7
4.25
1.26
1.32
1.96
1.43
3.15
2
1.94
1.125
10.5
23
1.013
1.07
7
1.97
1.97
1.97
1.97
1.222
7.5
14
1.04
1.125
4.7
2
1.94
1.94
2
2.18
3.5
3.55
1.333
1.34
1.75
1.59
2.58
2.16
1.81
2.44
3.4
3.1
1.41
1.363
1.61
1.76
2.24
2.2
1.78
2.4
3.4
3.2
1.39
1.363
1.63
1.727
2.3
2.26
1.74
2.32
3.45
3.3
1.37
1.35
1.666
1.68
2.38
2.2
1.78
1.9
3.7
4.35
1.25
1.32
1.98
2.68
1.56
2
1.94
1.133
10.5
21
1.017
1.07
6.7
2
1.94
1.94
2
1.58
4.2
6.5
1.143
1.26
2.52
1.97
1.97
2.48
1.63
2.32
3.5
3.25
1.38
1.34
1.666
1.69
2.36
2.4
1.666
1.4
4.7
10
1.075
1.222
3.15
2.2
1.78
2.3
1.72
4.75
3.85
1.8
2.1
1.3
1.222
1.64
2.46
2.52
1.615
1.92
3.9
4.05
1.285
1.3
1.96
2.68
1.56
2.34
1.7
2.3
3.45
3.3
1.37
1.35
1.68
1.666
2.4
2.24
1.76
2.04
3.7
3.75
1.31
1.32
1.85
1.52
2.8
2.38
1.68
1.615
4.2
5.9
1.166
1.26
2.42
2.08
1.87
2.2
1.78
3.9
3.7
2
1.88
1.32
1.3
1.5
2.875
1.94
2
1.78
3.8
5
1.21
1.3
2.14
2.42
1.66
2.2
1.78
1.7
4
5.3
1.19
1.285
2.26
2.25
1.75
2.05
1.9
2.25
3.6
3.3
1.37
1.333
1.7
1.66
2.42
1.92
2.02
3.1
3.5
2.4
1.63
1.34
1.41
2.25
1.75
1.9
2.04
1.9
3.8
4.25
1.26
1.3
1.98
2.68
1.56
2.02
1.92
2.2
3.55
3.45
1.35
1.333
1.74
1.615
2.52
1.98
1.96
1.85
3.8
4.5
1.24
1.3
2.04
2.58
1.59
2
1.94
2.2
3.5
3.5
1.34
1.34
1.74
1.6
2.56
1.9
2.04
2.1
3.4
3.45
1.3
1.3
1.71
1.533
2.54
1.91
1.91
2.5
3.2
2.9
1.4
1.333
1.51
1.78
2.06
1.78
2.06
1.85
3.5
4.3
1.21
1.285
1.92
2.6
1.51
1.833
1.99
2.4
3.3
2.95
1.38
1.32
1.55
1.727
2.14
1.93
1.89
2.5
3.3
2.82
1.41
1.32
1.51
1.8
2.04
1.8
2.04
1.85
3.5
4.3
1.21
1.285
1.92
2.6
1.51
1.615
2.34
2.05
3.35
3.7
1.27
1.31
1.74
1.48
2.7
1.94
1.88
2.45
3.3
2.88
1.4
1.32
1.533
1.77
2.08
2.08
1.77
2
3.45
3.75
1.26
1.3
1.78
1.46
2.76
1.93
1.89
3.05
3.3
2.35
1.571
1.32
1.363
2.2
1.69
1.78
2.06
1.91
3.5
4
1.23
1.285
1.86
2.7
1.48
2
1.833
2.2
3.3
3.35
1.31
1.32
1.65
1.58
2.42
1.9
1.92
2.18
3.5
3.55
1.333
1.34
1.75
1.59
2.58
2.08
1.87
2.38
3.45
3.15
1.4
1.35
1.64
1.727
2.3
2.04
1.9
1.9
3.7
4.35
1.25
1.32
1.98
1.41
3.25
2.34
1.7
1.9
3.7
4.35
1.25
1.32
1.98
1.41
3.25
2.1
1.85
1.5
4.5
7.3
1.125
1.24
2.75
1.87
2.08
2.25
1.75
2.4
3.45
3.125
1.41
1.35
1.63
1.74
2.26
2.04
1.9
1.6
3.8
7.3
1.125
1.3
2.46
2.06
1.89
2.2
1.78
2.5
3.55
2.78
1.46
1.31
1.55
1.84
2.05
2.26
1.7
2.625
3.55
2.625
1.51
1.31
1.51
1.94
1.94
2.1
1.8
6.9
4.8
1.42
2.8
1.181
1.09
2.18
1.7
2.625
1.5
2.58
3.55
2.58
1.48
1.285
1.48
1.91
1.91
2.1
1.75
2.25
3.55
3
1.37
1.285
1.615
1.666
2.24
2.42
1.58
1.68
3.75
5.6
1.153
1.285
2.22
2.26
1.7
1.727
2.22
6.5
3.65
1.59
2.32
1.27
1.1
1.77
2.08
1.65
2.26
2.35
3.1
3.25
1.333
1.35
1.571
1.65
2.26
1.6
2.375
1.75
3.35
5.3
1.143
1.31
2.04
2.4
1.59
1.72
2.15
2
3.25
4
1.23
1.333
1.78
2.92
1.42
1.65
2.26
2.25
3.05
3.5
1.285
1.363
1.615
1.571
2.44
1.6
2.375
1.5
3.95
7.2
1.085
1.24
2.54
1.89
1.93
1.8
2.04
4.75
3.35
1.82
1.952
1.31
1.181
1.52
2.56
1.6
2.375
1.79
3.6
4.85
1.19
1.3
2.06
2.46
1.6
2
1.88
2.25
3.45
3.25
1.363
1.333
1.666
3.35
1.363
1.833
2.06
1.51
4.2
7.1
1.111
1.24
2.62
1.833
2.06
2
1.88
3
3.45
2.38
1.6
1.333
1.41
1.32
3.65
1.94
1.94
1.38
5
8.5
1.08
1.181
3.125
1.64
2.38
2.32
1.666
3.2
3.35
2.42
1.615
1.363
1.39
2.26
1.74
1.94
2
1.51
4.3
7.6
1.111
1.25
2.72
1.89
2.06
2.04
1.9
1.56
4.1
7.1
1.125
1.27
2.56
1.99
1.952
1.952
1.99
2.55
3.4
2.95
1.444
1.363
1.571
1.833
2.12
1.8
2.18
3.3
3.45
2.3
1.68
1.35
1.37
2.4
1.666
2.12
1.833
9.7
5.5
1.35
3.45
1.181
1.08
1.9
2.04
2.625
1.58
1.133
10
23
1.013
1.075
6.7
2.08
1.87
1.9
2.04
1.533
4.2
7.4
1.125
1.26
2.64
1.92
2.02
2.3
1.72
2.45
3.35
3.125
1.41
1.363
1.61
1.76
2.24
1.72
2.3
2.3
3.35
3.4
1.363
1.363
1.68
1.65
2.44
2.2
1.78
1.27
6
14
1.04
1.166
4.1
1.81
2.16
2.7
1.55
2.05
3.5
3.95
1.285
1.34
1.84
2.95
1.48
2.1
1.85
2.26
3.45
3.4
1.363
1.35
1.7
1.64
2.46
2.15
1.82
1.71
3.85
5.5
1.181
1.3
2.24
2.3
1.727
2.04
1.9
1.8
3.7
5
1.21
1.32
2.1
2.46
1.64
2.25
1.75
3.25
3.45
2.35
1.65
1.35
1.38
2.34
1.7
1.97
1.97
2.28
3.4
3.4
1.363
1.363
1.69
1.65
2.44
1.85
2.1
17
7.5
1.2
5.1
1.125
1.03
2.1
1.85
2.1
1.85
1.166
8.5
20
1.019
1.095
5.8
1.7
2.34
2.44
1.65
2.1
3.35
4
1.285
1.363
1.8
1.5
2.875
1.85
2.1
4.4
3.5
1.952
1.93
1.34
1.25
1.52
2.8
2.04
1.9
1.87
3.85
4.333
1.25
1.3
2.02
2.56
1.6
1.68
2.38
1.64
4
6
1.166
1.285
2.375
2.12
1.833
2.15
1.82
2.32
3.3
3.45
1.35
1.37
1.666
1.65
2.44
1.75
2.25
2.35
3.4
3.25
1.38
1.363
1.65
1.7
2.34
2.15
1.82
1.63
4
6.2
1.153
1.285
2.4
2.18
1.8
2.04
1.9
2.25
3.3
3.6
1.333
1.37
1.7
1.6
2.56
1.85
2.1
2.3
3.35
3.4
1.363
1.363
1.68
1.65
2.44
1.85
2.1
1.26
6.4
13
1.05
1.143
4.2
1.8
2.18
2.34
1.7
2.5
3.2
3.2
1.39
1.39
1.58
1.75
2.25
1.8
2.18
1.9
3.55
4.6
1.23
1.333
1.98
1.39
3.4
1.9
2.04
2.5
3.3
3.1
1.41
1.37
1.58
1.78
2.2
1.9
2.04
1.63
4
6.2
1.153
1.285
2.4
2.12
1.84
2.18
1.8
2.05
3.4
4.1
1.27
1.363
1.84
1.48
2.95
1.8
2.18
2.7
3.3
2.84
1.47
1.37
1.51
1.92
2.02
2.25
1.75
1.7
3.9
5.5
1.181
1.3
2.26
2.25
1.75
2.18
1.8
3.3
3.25
2.4
1.63
1.38
1.37
2.34
1.7
1.92
2.02
2.35
3.3
3.35
1.363
1.37
1.65
1.68
2.38
1.8
2.18
2
3.5
4.15
1.27
1.34
1.88
1.46
3.05
1.85
2.1
2.25
3.35
3.55
1.333
1.363
1.7
1.61
2.54
1.75
2.25
2.86
3.2
2.75
1.5
1.39
1.47
2.02
1.93
1.9
2.04
3.85
3.5
2.08
1.82
1.34
1.3
2.8
1.52
2.04
1.9
5.2
3.6
1.8
2.1
1.333
1.19
1.63
2.48
2.02
1.92
3.6
3.2
2.26
1.68
1.38
1.32
2.55
1.59
1.85
2.08
2.78
3.1
2.875
1.45
1.4
1.48
1.93
1.99
1.93
1.99
1.76
3.25
5.5
1.143
1.333
2.02
2.42
1.58
1.75
2.1
1.952
3.125
4.4
1.2
1.35
1.82
2.8
1.45
1.85
1.97
3.45
3.2
2.2
1.65
1.333
1.3
2.46
1.56
1.85
1.97
2.25
3.2
3.3
1.32
1.333
1.615
1.61
2.35
1.87
1.952
1.35
5
8.5
1.06
1.166
3.125
2.1
1.75
1.99
1.833
2.32
3.2
3.2
1.333
1.333
1.59
1.65
2.26
1.85
1.97
1.52
4
6.7
1.095
1.23
2.48
1.9
1.92
2.26
1.65
3.2
3.15
2.35
1.571
1.34
1.333
2.25
1.66
1.75
2.1
2.72
3.1
2.72
1.444
1.35
1.444
1.91
1.91
1.6
2.375
7.3
4.5
1.5
2.75
1.24
1.125
2.08
1.87
2.12
1.833
3.2
3.45
2.36
1.65
1.35
1.39
2.32
1.71
1.89
2.06
1.51
4.25
7.8
1.111
1.26
2.72
1.89
2.06
1.92
2.02
3.55
3.45
2.2
1.74
1.35
1.333
2.58
1.59
1.9
2.04
2.05
3.6
3.85
1.3
1.333
1.84
1.51
2.84
1.85
2.1
1.8
3.9
4.7
1.222
1.3
2.1
2.48
1.63
1.99
1.952
1.48
4.3
8.5
1.095
1.25
2.82
1.8
2.18
1.85
2.1
1.55
4.3
6.8
1.133
1.25
2.6
1.97
1.97
2.04
1.91
3.65
3.5
2.14
1.77
1.34
1.32
1.42
3.2
1.94
2
5.3
3.75
1.75
2.18
1.31
1.19
1.68
2.38
2
1.94
1.48
4.6
7.5
1.125
1.23
2.82
1.82
2.15
2.34
1.7
1.87
3.75
4.45
1.24
1.31
2.02
1.4
3.35
1.9
2.04
2.92
3.2
2.7
1.51
1.39
1.45
2.04
1.9
1.85
2.1
2.45
3.3
3.2
1.39
1.37
1.61
3.75
1.333
2
1.94
3.9
3.3
2.15
1.77
1.37
1.3
1.42
3.2
1.85
2.1
1.94
3.7
4.15
1.27
1.32
1.94
2.75
1.533
1.85
2.1
2.4
3.55
3.05
1.42
1.333
1.63
1.76
2.24
2.02
1.92
2.2
3.6
3.4
1.363
1.333
1.74
1.615
2.52
1.85
2.1
2.25
3.4
3.5
1.34
1.363
1.7
1.615
2.52
1.85
2.1
1.43
4.75
8.6
1.095
1.222
3
2.26
1.74
2.32
1.71
1.56
4.15
6.9
1.133
1.27
2.56
1.99
1.952
1.94
2
3.3
3.5
2.28
1.69
1.34
1.37
2.4
1.666
1.85
2.1
3.3
3.45
2.3
1.68
1.35
1.37
2.4
1.666
2.04
1.9
3.5
3.5
2.2
1.74
1.34
1.34
2.56
1.6
2.3
1.72
1.34
5.3
11
1.065
1.19
3.5
1.87
2.1
2.62
1.58
2.58
3.5
2.84
1.47
1.34
1.55
1.88
2.08
1.65
2.44
1.25
6.3
15
1.036
1.153
4.333
1.72
2.3
2.56
1.6
2.04
3.55
3.95
1.285
1.333
1.85
1.49
2.9
2.25
1.75
3.15
3.4
2.42
1.615
1.363
1.4
2.26
1.74
2
1.94
2.55
3.45
2.9
1.46
1.35
1.571
1.85
2.1
2.16
1.81
1.285
6.1
12
1.055
1.153
3.95
1.85
2.1
2.68
1.56
2.86
3.35
2.65
1.533
1.363
1.47
2.04
1.9
1.77
2.22
9.5
5.3
1.363
3.35
1.19
1.08
1.78
2.2
2.4
1.666
5.2
3.75
1.76
2.16
1.31
1.19
1.65
2.44
1.94
2
1.63
4.05
6.1
1.153
1.285
2.4
2.9
1.49
2
1.94
2.42
3.4
3.125
1.41
1.363
1.615
1.75
2.25
1.87
2.08
1.75
3.95
5
1.21
1.285
2.18
2.36
1.69
2.2
1.78
3.55
3.55
2.16
1.76
1.333
1.333
2.56
1.6
2.25
1.75
1.85
3.6
4.8
1.222
1.333
2.04
2.58
1.59
1.952
1.99
1.07
16
36
0
1.035
10.5
1.96
1.98
2.05
1.9
2.5
3.5
2.94
1.45
1.34
1.58
1.82
2.15
1.99
1.952
1.27
6.2
13
1.05
1.153
4.1
1.85
2.1
2.56
1.6
1.97
2.95
4.75
1.181
1.38
1.8
1.35
3.25
1.333
3.4
2
3.4
4.05
1.25
1.333
1.833
2.92
1.45
1.8
2.1
2.15
3.3
3.65
1.3
1.35
1.727
1.54
2.62
1.85
2.04
2.2
3.3
3.5
1.32
1.35
1.69
1.58
2.52
1.94
1.94
2.35
3.3
3.2
1.363
1.35
1.615
1.68
2.3
1.952
1.93
1.5
4.2
7.9
1.1
1.25
2.7
1.87
2.06
2.15
1.8
1.85
3.6
4.7
1.222
1.32
2.02
2.58
1.58
1.952
1.97
1.9
3.5
4.55
1.222
1.333
1.96
2.66
1.55
1.9
2.02
1.58
4
6.8
1.125
1.27
2.48
2.04
1.89
1.98
1.94
3.05
3.3
2.5
1.571
1.363
1.41
2.18
1.78
1.87
2.06
2.1
3.3
3.95
1.285
1.363
1.78
1.5
2.82
1.75
2.22
2.12
3.4
3.75
1.3
1.35
1.77
1.533
2.72
1.98
1.94
1.6
3.85
6.8
1.125
1.285
2.44
2.08
1.85
1.8
2.15
3.2
3.25
2.45
1.59
1.37
1.38
2.26
1.727
1.8
2.15
2.92
3.3
2.6
1.533
1.363
1.444
2.08
1.85
1.8
2.15
4.05
3.8
1.94
1.94
1.3
1.285
3.05
1.46
2.44
1.65
4.9
4
1.75
2.18
1.285
1.21
3.7
1.34
2.25
1.75
3.55
3.75
2.1
1.8
1.31
1.333
2.64
1.571
2.62
1.58
2
3.75
3.85
1.3
1.31
1.88
1.5
2.875
2.56
1.6
2.5
3.6
2.875
1.46
1.333
1.58
1.84
2.12
2.75
1.533
2.05
3.7
3.75
1.31
1.32
1.84
1.52
2.8
2.56
1.6
1.26
6.4
13
1.05
1.143
4.2
1.72
2.3
2.08
1.88
2.65
3.6
2.7
1.51
1.333
1.533
1.952
1.99
2.56
1.6
2.6
3.6
2.75
1.5
1.333
1.55
1.92
2.02
2.44
1.65
1.181
8.3
17
1.03
1.1
5.4
1.87
2.08
2.25
1.75
2.5
3.7
2.7
1.48
1.3
1.55
1.87
2.02
2.6
1.55
2.05
3.7
3.55
1.31
1.3
1.79
1.533
2.64
2.68
1.52
1.3
6.2
9
1.07
1.133
3.65
1.85
2.04
2.92
1.45
2.3
3.4
3.35
1.363
1.363
1.68
1.66
2.42
2.38
1.68
1.45
4.9
7.6
1.111
1.21
2.92
2.3
1.72
2.3
1.72
1.46
4.8
7.6
1.111
1.222
2.88
1.77
2.22
2.8
1.52
1.78
3.95
4.75
1.222
1.285
2.14
2.4
1.666
2.48
1.63
2.3
3.5
3.3
1.37
1.34
1.68
1.666
2.4
2.25
1.75
1.68
3.95
5.6
1.181
1.285
2.3
2.22
1.77
2.4
1.666
1.72
3.9
5.3
1.19
1.3
2.22
2.3
1.727
2.48
1.63
1.25
6.7
13
1.05
1.133
4.333
1.72
2.3
2.84
1.51
1.85
3.35
4.55
1.19
1.31
1.92
2.6
1.51
1.87
1.952
1.952
3.3
4.1
1.222
1.32
1.82
2.8
1.45
1.833
1.99
1.5
4.1
6.8
1.095
1.222
2.54
1.88
1.94
1.96
1.86
1.84
3.4
4.5
1.19
1.3
1.93
2.56
1.52
1.92
1.9
2.4
3.3
2.95
1.38
1.32
1.55
1.727
2.14
2.1
1.75
1.4
4.5
8.2
1.065
1.19
2.88
1.69
2.2
2.1
1.75
2
3.3
3.9
1.24
1.32
1.78
1.444
2.82
1.86
1.96
2.6
3.25
2.74
1.444
1.333
1.48
1.86
1.96
1.99
1.833
1.68
3.75
5.9
1.153
1.3
2.26
2.24
1.74
1.72
2.28
1.8
3.5
5
1.181
1.32
2.04
2.54
1.571
1.55
2.6
2.75
3.2
2.75
1.47
1.363
1.47
1.94
1.94
1.55
2.6
2.25
3.2
3.5
1.32
1.363
1.666
1.59
2.48
1.65
2.35
2.1
3.3
3.8
1.285
1.35
1.76
1.51
2.72
1.55
2.6
2.1
3.3
3.8
1.285
1.35
1.76
1.51
2.72
1.55
2.6
2.3
3.2
3.4
1.333
1.363
1.64
1.63
2.4
1.55
2.6
2.35
3.2
3.3
1.35
1.363
1.615
1.66
2.34
1.85
2.04
2.35
3.25
3.4
1.363
1.38
1.65
1.666
2.4
1.78
2.2
1.9
3.6
4.2
1.24
1.3
1.93
2.68
1.52
1.94
1.94
1.85
3.6
4.5
1.222
1.3
1.98
2.6
1.55
1.85
2.04
3.25
3.35
2.3
1.64
1.34
1.363
2.34
1.66
2
1.88
2.92
3.25
2.55
1.533
1.363
1.42
2.08
1.82
1.75
2.18
1.952
3.6
3.95
1.26
1.3
1.88
2.82
1.48
2
1.88
2.1
3.45
3.65
1.3
1.333
1.76
1.533
2.64
2.1
1.8
2.45
3.45
2.78
1.43
1.3
1.533
1.8
2.04
2.04
1.8
2.42
3.4
3.2
1.37
1.34
1.59
1.727
2.3
1.82
2.15
8
4.1
1.533
2.56
1.26
1.09
2
1.94
1.952
1.99
1.82
3.7
5
1.19
1.3
2.04
2.52
1.615
1.87
2.08
1.32
5.5
13
1.036
1.166
3.5
2.06
1.89
1.96
1.98
1.35
4.95
13
1.036
1.19
3.3
2.12
1.84
2.08
1.87
9.5
5.1
1.39
3.1
1.181
1.07
1.79
2.2
2.1
1.85
3.5
3.45
2.25
1.68
1.333
1.32
2.44
1.65
1.8
2.18
2.44
3.3
3.25
1.363
1.35
1.58
1.727
2.3
1.97
1.97
7.8
4.05
1.55
2.52
1.26
1.095
1.55
2.7
1.89
2.06
4.95
3.4
1.91
1.93
1.34
1.19
1.55
2.7
1.74
2.26
1.85
3.45
5.3
1.181
1.333
2
2.58
1.59
1.89
2.06
1.79
3.7
5.2
1.181
1.3
2.08
2.44
1.65
1.94
2
1.571
4.15
7
1.111
1.25
2.46
2
1.94
1.98
1.96
1.39
4.7
12
1.045
1.21
3.1
2.18
1.8
2.1
1.85
1.84
3.65
4.95
1.19
1.3
2
2.56
1.6
1.9
2.04
1.571
4.05
7.3
1.111
1.26
2.46
2.75
1.533
1.92
2.02
3.7
3.4
2.1
1.76
1.333
1.3
2.68
1.52
1.6
2.46
1.55
4
6.8
1.111
1.26
2.5
2
1.88
1.6
2.46
2.25
3.3
3.4
1.333
1.35
1.666
1.6
2.46
1.6
2.46
1.5
4.05
7.8
1.09
1.25
2.64
1.9
1.98
1.8
2.1
2.35
3.2
3.3
1.35
1.363
1.615
1.65
2.35
1.5
2.74
2.7
3.25
2.75
1.47
1.363
1.48
1.93
1.952
1.5
2.74
1.3
5.6
10.5
1.055
1.153
3.65
1.98
1.9
1.9
1.98
1.6
3.9
6.2
1.133
1.27
2.38
2.1
1.8
1.8
2.1
1.52
4.333
6.5
1.125
1.23
2.58
1.92
1.96
1.8
2.1
4.5
3.4
1.9
1.93
1.333
1.222
1.51
2.72
1.65
2.35
1.9
3.4
4.5
1.222
1.333
1.93
2.72
1.51
1.65
2.35
2.2
3.3
3.5
1.32
1.35
1.69
1.58
2.52
1.7
2.26
3.05
3.4
2.4
1.59
1.333
1.4
2.22
1.727
1.77
2.15
3.9
3.5
2
1.833
1.32
1.27
1.45
2.92
1.75
2.18
1.8
3.5
5
1.181
1.32
2.04
2.52
1.58
1.75
2.18
3.3
3.5
2.2
1.69
1.32
1.35
2.42
1.615
1.85
2.04
1.85
3.5
4.65
1.21
1.32
1.98
2.6
1.55
1.6
2.46
3.15
3.1
2.2
1.56
1.3
1.285
2.26
1.59
1.8
1.94
2.4
3
2.92
1.333
1.31
1.47
1.7
2.08
1.8
1.94
4.55
3.5
1.7
1.97
1.23
1.143
1.6
2.25
1.84
1.9
1.9
3.4
4.2
1.222
1.3
1.87
1.39
3.05
1.8
2.04
3.25
3.7
2.24
1.71
1.32
1.38
2.4
1.666
1.85
2.1
2.3
3.35
3.4
1.363
1.363
1.68
1.65
2.44
1.7
2.34
2.35
3.5
3.2
1.39
1.34
1.65
1.71
2.32
1.615
2.52
1.065
14
67
0
1.04
11
2.15
1.82
1.65
2.44
2.58
3.25
3.05
1.42
1.38
1.55
1.82
2.15
1.68
2.38
4.75
3.7
1.833
2.06
1.32
1.222
1.6
2.56
1.99
1.952
20
8.4
1.166
5.8
1.095
1.019
2.1
1.85
2.56
1.6
1.04
23
51
0
1.013
14
1.8
2.18
2.25
1.75
1.82
3.55
5.1
1.2
1.333
2.08
2.56
1.6
1.71
2.32
2.55
3.6
2.82
1.48
1.333
1.571
1.88
2.08
1.85
2.1
5.1
3.5
1.833
2.06
1.34
1.2
1.59
2.58
1.72
2.3
46
19
1.05
13
1.022
0
2.1
1.85
2.7
1.55
26
14
1.095
8.5
1.04
1.008
1.78
2.2
2.8
1.52
1.45
4.65
8.3
1.1
1.23
2.92
2.36
1.69
2.44
1.65
5.5
3.9
1.7
2.26
1.3
1.181
1.74
2.26
1.9
2.04
1.2
8
15
1.036
1.111
5.1
1.94
2
1.97
1.97
1.5
4.5
7.3
1.125
1.24
2.75
1.86
2.1
1.7
2.34
1.38
4.9
10.5
1.07
1.21
3.25
2.2
1.79
1.92
2.02
2.2
3.4
3.6
1.333
1.363
1.74
1.59
2.58
1.75
2.25
1.98
3.6
4.1
1.27
1.333
1.9
2.875
1.5
1.68
2.38
1.76
3.9
4.95
1.21
1.3
2.16
2.4
1.666
1.97
1.97
1.39
5
9.4
1.08
1.21
3.2
1.666
2.4
1.9
2.05
1.25
6.3
15
1.036
1.153
4.333
1.85
2.1
2.2
1.79
1.07
17
31
1.001
1.03
10.5
1.7
2.34
2.7
1.55
1.99
3.45
4.3
1.25
1.35
1.89
2.95
1.48
1.78
2.2
1.77
3.65
5.4
1.181
1.32
2.15
2.44
1.65
1.77
2.22
2.1
3.45
3.85
1.3
1.35
1.8
1.52
2.8
1.75
2.25
1.2
7.2
19
1.022
1.125
5.1
1.99
1.952
2.3
1.72
1.2
6.3
15
1.005
1.111
4.4
0
0
3.6
1.3
2.68
3.2
2.68
1.45
1.333
1.45
1.91
1.91
2.375
1.6
1.3
5.7
8.8
1.055
1.133
3.4
1.85
1.97
2.625
1.5
1.03
17
34
0
0
11
0
0
4.05
1.25
3.3
2.9
2.25
1.533
1.333
1.26
2.3
1.571
1.571
2.3
2.4
3.55
2.78
1.43
1.285
1.55
1.78
2.06
2.375
1.6
3.6
3.55
2
1.78
1.285
1.285
2.66
1.49
2.375
1.6
2.35
3.3
3.35
1.363
1.37
1.65
1.68
2.38
2.04
1.9
2.1
3.35
4
1.285
1.363
1.8
1.5
2.875
2.25
1.75
1.75
3.5
5.9
1.166
1.34
2.18
2.36
1.69
2.25
1.75
2.45
3.3
3.2
1.39
1.37
1.61
1.74
2.26
1.89
2.06
1.952
3.35
4.65
1.23
1.363
1.93
2.8
1.52
1.85
2.1
1.75
3.5
5.9
1.166
1.34
2.18
2.36
1.69
2.18
1.8
2.65
3.25
2.94
1.45
1.38
1.533
1.87
2.08
1.97
1.97
1.3
6
11
1.065
1.166
3.8
1.9
2.04
2.7
1.55
2.56
3.3
3
1.43
1.37
1.56
1.82
2.15
1.94
2
1.58
3.7
6.5
1.1
1.27
2.34
1.99
1.833
1.86
1.96
4.6
3.7
1.8
2.04
1.3
1.21
3.45
1.35
2.1
1.8
2.34
3.3
3.2
1.363
1.35
1.615
1.68
2.3
1.92
1.96
2.85
2.9
2.76
1.43
1.4
1.41
1.94
1.88
1.85
1.97
4.2
3.4
2
1.86
1.35
1.25
1.48
2.9
1.68
2.35
2.75
3.45
2.65
1.52
1.34
1.49
2
1.92
1.7
2.32
2.7
3.45
2.7
1.5
1.34
1.5
1.96
1.96
1.63
2.46
1.143
9.5
20
1.014
1.075
6.2
1.727
2.26
2.82
1.5
2.25
3.3
3.55
1.333
1.363
1.69
1.6
2.52
1.77
2.2
1.5
4.5
7
1.125
1.23
2.7
1.88
2.04
1.96
1.96
1.55
4
7.4
1.111
1.27
2.56
1.99
1.93
1.7
2.32
2.55
3.45
2.86
1.46
1.34
1.55
1.85
2.08
2
1.92
9
6.2
1.32
3.6
1.143
1.08
1.93
1.99
2.08
1.85
2.35
2.96
3.6
1.3
1.41
1.615
1.6
2.46
1.79
2.12
3.05
3
2.62
1.51
1.41
1.4
2.1
1.8
1.98
1.9
2.65
3.25
2.94
1.45
1.38
1.533
1.87
2.08
1.74
2.26
1.615
3.8
7
1.125
1.3
2.42
2.1
1.85
2
1.94
2.3
3.2
3.6
1.333
1.39
1.68
1.615
2.52
1.7
2.34
2.26
3.25
3.65
1.32
1.38
1.7
1.59
2.58
1.68
2.38
1.35
4.95
12
1.055
1.21
3.45
2.04
1.9
1.952
1.99
1.85
3.4
5.2
1.19
1.363
2.04
2.62
1.58
1.7
2.34
1.98
3.3
4.6
1.23
1.37
1.9
1.41
3.25
1.7
2.34
2.5
3.2
3.2
1.39
1.39
1.58
1.75
2.25
1.7
2.34
1.6
3.75
7.5
1.125
1.31
2.46
2.08
1.87
1.8
2.18
4.15
3.5
2
1.88
1.34
1.27
3.05
1.46
1.8
2.18
2.5
3.2
3.2
1.39
1.39
1.58
1.75
2.25
1.7
2.34
2.1
3.3
4.05
1.285
1.37
1.8
1.5
2.875
1.75
2.25
3.2
3.2
2.5
1.58
1.39
1.39
2.25
1.75
1.8
2.18
3.125
3.2
2.55
1.571
1.39
1.41
2.2
1.79
1.7
2.34
1.181
7.7
20
1.019
1.111
5.4
2
1.94
2.56
1.6
2.86
3.2
2.75
1.5
1.39
1.47
2.02
1.93
1.65
2.44
1.7
3.7
6
1.166
1.32
2.26
2.26
1.74
1.75
2.25
1.65
3.8
6.4
1.143
1.3
2.35
2.2
1.79
1.85
2.1
4.85
3.4
1.9
1.98
1.363
1.21
1.56
2.68
1.75
2.25
2.3
3.2
3.6
1.333
1.39
1.68
1.615
2.52
1.75
2.25
2.75
3.35
2.75
1.5
1.363
1.5
1.97
1.97
1.7
2.34
1.8
3.55
5.3
1.19
1.333
2.1
1.32
3.9
1.78
2.2
2.25
3.25
3.65
1.32
1.38
1.7
1.59
2.58
1.65
2.44
2.25
3.25
3.65
1.32
1.38
1.7
1.59
2.58
1.65
2.44
2.5
3.25
3.15
1.4
1.38
1.58
1.77
2.22
1.7
2.34
2.35
3.25
3.4
1.363
1.38
1.65
1.666
2.4
1.63
2.48
2.3
3.25
3.55
1.333
1.38
1.68
1.63
2.48
1.68
2.38
1.85
3.55
4.9
1.21
1.333
2.04
1.363
3.55
1.65
2.44
1.9
3.45
4.75
1.222
1.35
1.98
1.38
3.45
1.8
2.18
5
3.35
1.9
1.98
1.363
1.21
3.55
1.363
1.8
2.18
2.1
3.35
3.9
1.285
1.363
1.78
1.51
2.8
1.75
2.22
1.63
3.8
5.5
1.143
1.25
2.24
2.12
1.74
2
1.833
2.72
3.55
2.55
1.533
1.31
1.48
2
1.88
2.08
1.82
1.43
4.65
9
1.085
1.23
3
2.18
1.81
2.16
1.81
2.94
3.25
2.65
1.533
1.38
1.45
2.08
1.87
1.97
1.97
1.285
5.8
13
1.05
1.166
3.95
1.77
2.24
2.84
1.51
2.5
3.45
2.98
1.444
1.35
1.58
1.81
2.16
2.15
1.82
2.9
3.55
2.5
1.58
1.333
1.46
2.12
1.833
1.97
1.97
2.3
3.6
3.2
1.39
1.333
1.68
1.69
2.36
2
1.94
2.3
3.55
3.25
1.38
1.333
1.68
1.68
2.38
2
1.94
4.9
4
1.75
2.18
1.285
1.21
1.78
2.22
2.7
1.55
2.3
3.45
3.3
1.37
1.35
1.68
1.666
2.4
1.94
2
2.8
3.5
2.6
1.55
1.34
1.48
2.04
1.9
2.04
1.9
4.65
3.7
1.85
2.04
1.32
1.23
1.6
2.56
2.2
1.78
1.55
4.4
6.5
1.143
1.25
2.6
1.88
2.08
2.2
1.79
3.15
3.75
2.18
1.71
1.285
1.38
1.39
3.2
2.46
1.6
3.55
3.65
2.05
1.79
1.3
1.31
1.43
3
2
1.88
4.65
3.7
1.85
2.04
1.32
1.23
3.45
1.38
1.82
2.14
1.833
3.6
4.95
1.21
1.333
2.06
2.54
1.61
2.02
1.92
3
3.4
2.52
1.58
1.363
1.43
2.2
1.78
1.82
2.14
1.46
4.6
8
1.111
1.23
2.88
1.78
2.2
2.22
1.77
2.68
3.4
2.78
1.49
1.363
1.52
1.91
2.04
1.96
1.98
2.25
3.4
3.5
1.34
1.363
1.7
1.615
2.52
1.94
2
2.6
3.35
2.92
1.45
1.363
1.55
1.86
2.1
1.77
2.22
2.5
3.6
2.625
1.47
1.285
1.51
1.86
1.96
2.44
1.571
2.2
3.6
3.05
1.363
1.285
1.65
1.64
2.28
3.4
1.333
2.75
3.6
2.4
1.55
1.285
1.43
2.05
1.79
2.24
1.666
3.05
3.6
2.2
1.65
1.285
1.363
2.28
1.64
2.8
1.45
1.727
4
4.333
1.21
1.23
2.08
2.28
1.64
2.82
1.444
2.4
3.6
2.75
1.43
1.285
1.55
1.79
2.05
2.14
1.727
1.86
3.7
4
1.23
1.27
1.909
1.4
3
2.8
1.45
2.3
3.45
3
1.37
1.3
1.59
1.69
2.2
1.8
2.04
2.68
3.4
2.56
1.49
1.3
1.45
1.952
1.87
1.97
1.85
1.23
6.5
11
1.03
1.1
4
2.26
1.65
2.625
1.5
1.45
4.4
8
1.085
1.222
2.82
1.8
2.1
1.58
2.52
2.05
3.45
3.55
1.285
1.3
1.74
2.92
1.42
2.92
1.42
3.75
3.6
1.94
1.833
1.285
1.26
1.47
2.72
2.625
1.5
6
3.8
1.59
2.32
1.25
1.125
1.79
2.05
2.3
1.63
5.7
4
1.58
2.34
1.23
1.133
1.82
2.02
2.625
1.5
1.48
4.15
7.1
1.085
1.222
2.6
1.833
2
2.35
1.61
7.6
4.95
1.38
2.96
1.166
1.075
1.727
2.14
1.9
1.92
2.35
3.75
2.86
1.41
1.26
1.571
1.74
2.12
1.69
2.2
1.75
3.75
4.55
1.19
1.26
2.04
2.34
1.615
1.77
2.08
2.72
3.45
2.72
1.51
1.35
1.51
1.97
1.97
2.2
1.78
2.3
3.3
3.45
1.35
1.37
1.68
1.64
2.46
1.833
2.12
5.7
3.8
1.7
2.26
1.3
1.166
1.75
2.25
2.34
1.7
1.78
3.7
5.2
1.19
1.32
2.14
2.4
1.666
2.12
1.833
3.85
3.55
2.06
1.833
1.333
1.3
2.84
1.51
2.26
1.74
1.72
3.9
5.3
1.19
1.3
2.22
2.3
1.727
2.2
1.78
4.35
3.7
1.9
1.98
1.32
1.25
1.56
2.68
1.97
1.97
2.3
3.4
3.35
1.363
1.363
1.68
1.66
2.42
2.26
1.74
2.12
3.6
3.6
1.333
1.333
1.79
1.56
2.68
2.3
1.72
1.25
6
11
1.03
1.125
3.8
2.02
1.82
2.8
1.45
18
6.5
1.181
4.65
1.1
0
1.833
2
3.6
1.3
