2.2
3.8
3.1
1.39
1.285
1.69
1.66
2.34
1.85
2.04
2.5
4.15
2.5
1.55
1.25
1.55
1.94
1.94
1.6
2.46
2.5
3.95
2.58
1.52
1.26
1.55
1.91
1.97
2.54
1.571
2.7
3.2
2.8
1.45
1.363
1.48
1.909
1.97
2.18
1.75
2.4
3.85
2.74
1.47
1.285
1.59
1.82
2.08
2.26
1.7
2.46
4.35
2.46
1.571
1.23
1.571
1.94
1.94
1.97
1.91
2.44
3.55
2.86
1.444
1.31
1.571
1.8
2.1
1.54
2.62
1.93
4.15
3.55
1.31
1.25
1.9
1.5
2.75
2.46
1.6
2.65
3.05
3
1.41
1.4
1.5
1.833
2.06
2.1
1.81
2.5
4.15
2.5
1.55
1.25
1.55
1.94
1.94
1.87
2.02
2.38
3.85
2.76
1.47
1.285
1.6
1.81
2.1
2.35
1.65
2.24
3.65
3.125
1.38
1.3
1.666
1.666
2.32
2.3
1.68
2.65
3.05
3
1.41
1.4
1.5
1.833
2.06
2.24
1.71
2.5
3.1
3.125
1.38
1.39
1.55
1.75
2.18
2.14
1.78
2.75
3.2
2.75
1.47
1.363
1.47
1.94
1.94
2.44
1.61
2.25
3.65
3.1
1.39
1.3
1.666
1.68
2.3
2.04
1.85
2.44
3.75
2.74
1.47
1.285
1.571
1.833
2.06
2.06
1.833
2.4
3.5
2.95
1.42
1.32
1.59
1.76
2.16
2.4
1.63
2.45
4.15
2.55
1.533
1.25
1.571
1.9
1.98
1.65
2.35
2.16
4.15
2.96
1.41
1.25
1.72
1.68
2.3
2.35
1.65
1.88
3.5
4.15
1.222
1.285
1.89
2.6
1.51
1.99
1.84
4.05
3.5
1.9
1.87
1.285
1.23
1.48
2.7
1.8
2.04
1.5
4.2
6.5
1.1
1.222
2.54
1.79
2.05
2.15
1.72
1.6
3.8
5.9
1.125
1.25
2.3
1.952
1.87
2.3
1.63
1.444
4.7
8.3
1.085
1.21
2.86
1.75
2.22
2.22
1.75
2.2
3.8
3.25
1.363
1.285
1.7
1.64
2.44
1.75
2.22
1.25
7.4
11
1.05
1.111
4.15
1.61
2.5
1.833
2.1
1.64
4.2
5.6
1.166
1.25
2.32
2.12
1.82
2.42
1.65
5.4
4.15
1.666
2.26
1.25
1.166
1.84
2.1
2.32
1.7
1.444
4.55
7.7
1.095
1.21
2.84
1.8
2.1
2.34
1.66
2.12
3.6
3.4
1.333
1.3
1.74
1.571
2.54
2.22
1.72
1.5
4
7.1
1.085
1.23
2.54
1.88
1.94
2.04
1.8
1.5
4.2
6.5
1.1
1.222
2.54
1.88
1.94
1.85
1.97
5
3.7
1.7
2.12
1.27
1.166
1.64
2.28
1.91
1.91
2
3.3
3.9
1.24
1.32
1.78
1.444
2.82
1.7
2.18
1.7
3.3
6
1.125
1.32
2.12
2.3
1.63
1.5
2.625
2.5
3
3.1
1.35
1.37
1.51
1.727
2.14
1.5
2.625
2.1
3
4
1.23
1.37
1.71
1.46
2.76
1.5
2.625
2.4
3
3.25
1.333
1.37
1.55
1.66
2.25
1.5
2.625
2.76
3
2.76
1.43
1.37
1.43
1.91
1.91
1.5
2.625
5.3
3.2
1.8
1.98
1.333
1.143
1.54
2.52
1.55
2.48
1.8
3.2
5.3
1.143
1.333
1.98
2.52
1.54
1.5
2.625
5.9
4.15
1.65
2.35
1.27
1.166
1.84
2.14
2.22
1.79
1.54
4.35
7.4
1.125
1.25
2.62
1.93
2.04
2.2
1.8
2.24
3.5
3.55
1.333
1.34
1.71
1.615
2.56
1.92
2.04
1.19
8
20
1.019
1.111
5.2
2.1
1.88
2.74
1.55
3.3
3.25
2.46
1.6
1.38
1.37
2.32
1.727
1.61
2.58
6.6
4.25
1.59
2.48
1.26
1.143
1.92
2.04
2.18
1.82
2.18
3.35
3.9
1.3
1.363
1.75
1.54
2.78
1.74
2.3
2.28
3.55
3.4
1.363
1.333
1.69
1.65
2.48
2.44
1.666
2.54
3.4
3.05
1.42
1.363
1.571
1.81
2.18
1.91
2.05
3.5
3.4
2.3
1.68
1.363
1.34
2.5
1.64
1.833
2.15
1.98
3.55
4.35
1.25
1.333
1.9
2.84
1.52
2.02
1.952
6.6
4.25
1.59
2.48
1.26
1.143
1.92
2.04
2.06
1.9
1.285
6.2
13
1.05
1.153
3.95
1.833
2.15
2.45
1.66
1.56
4.2
7.3
1.125
1.26
2.56
1.98
1.98
1.98
1.98
1.3
6.1
12
1.055
1.153
3.8
1.9
2.06
2.4
1.68
2.375
3.45
3.3
1.37
1.35
1.64
1.7
2.375
1.89
2.08
1.5
4.5
7.9
1.111
1.24
2.75
1.81
2.18
2.18
1.81
7.1
4.35
1.55
2.6
1.25
1.125
2
1.96
2.25
1.77
2.2
3.5
3.65
1.32
1.34
1.74
1.59
2.625
2.06
1.9
1.74
3.65
6
1.166
1.32
2.2
2.35
1.71
1.86
2.12
2.82
3.35
2.76
1.5
1.363
1.48
2
1.96
1.94
2.02
1.6
4.35
6.2
1.153
1.25
2.46
2.05
1.91
2.1
1.87
1.85
3.65
5
1.21
1.32
2.04
2.58
1.61
1.86
2.12
1.833
3.6
5.2
1.19
1.333
2.06
2.56
1.615
1.81
2.18
2.75
3.4
2.8
1.48
1.363
1.5
1.96
2
1.9
2.06
1.88
3.65
4.8
1.222
1.32
2
2.625
1.59
2.02
1.94
5.7
3.85
1.72
2.22
1.3
1.166
1.74
2.3
1.96
2
1.71
4.1
5.4
1.181
1.27
2.24
2.26
1.76
2.1
1.87
6.5
4.15
1.615
2.42
1.27
1.143
1.89
2.08
2.18
1.81
2.06
3.4
4.25
1.26
1.363
1.833
1.47
3.05
1.86
2.12
2.4
3.45
3.25
1.38
1.35
1.63
1.71
2.32
2.2
1.78
2.36
3.4
3.35
1.363
1.363
1.65
1.68
2.38
1.85
2.1
2.375
3.5
3.25
1.38
1.34
1.64
1.7
2.34
2
1.94
2.5
3.45
3.1
1.41
1.35
1.58
1.78
2.2
2.08
1.87
3.75
3.4
2.2
1.74
1.363
1.31
2.68
1.56
1.78
2.2
1.952
3.55
4.5
1.24
1.333
1.93
2.8
1.52
1.85
2.1
1.74
3.9
5.4
1.181
1.3
2.2
2.3
1.72
2.18
1.8
3.35
3.45
2.34
1.66
1.35
1.363
2.4
1.666
1.85
2.1
1.833
3.7
5
1.21
1.32
2.06
1.35
3.65
1.92
2.02
1.833
3.75
4.9
1.21
1.31
2.06
2.52
1.615
1.909
2.04
3.1
3.5
2.46
1.6
1.34
1.41
2.22
1.77
2
1.94
2.24
3.45
3.45
1.333
1.333
1.68
1.615
2.5
1.93
1.99
1.533
4.15
7.5
1.1
1.25
2.56
1.88
2.05
1.96
1.96
2.25
3.4
3.5
1.32
1.34
1.68
1.61
2.5
2
1.92
1.615
4.3
5.7
1.153
1.24
2.36
2.08
1.85
2.1
1.833
2.88
3.4
2.6
1.52
1.34
1.444
2.08
1.86
1.88
2.05
3.6
3.35
2.22
1.69
1.35
1.31
2.58
1.58
1.98
1.94
2.05
3.4
4.1
1.26
1.34
1.81
2.94
1.47
1.96
1.96
2.15
3.5
3.65
1.3
1.32
1.74
3.15
1.42
2.1
1.833
1.65
3.95
6
1.143
1.27
2.3
2.16
1.79
1.909
2.02
1.7
3.75
5.8
1.153
1.3
2.2
2.26
1.727
2.02
1.9
1.8
3.75
4.9
1.2
1.3
2.06
2.46
1.63
2.05
1.88
2.9
3.35
2.62
1.52
1.35
1.444
2.08
1.86
1.8
2.15
3.55
3.55
2.22
1.72
1.333
1.333
2.56
1.6
1.97
1.97
3
3.4
2.52
1.55
1.34
1.41
2.15
1.8
1.9
2.02
2
3.6
4.05
1.26
1.31
1.85
1.46
2.98
1.96
1.96
2
3.6
4.05
1.26
1.31
1.85
2.86
1.49
1.98
1.94
1.88
3.75
4.4
1.23
1.3
1.96
2.64
1.56
1.87
2.06
2.1
3.5
3.8
1.285
1.32
1.77
3.125
1.43
1.75
2.22
2.02
3.5
4.05
1.26
1.32
1.833
1.47
2.94
2.02
1.9
1.88
3.75
4.4
1.23
1.3
1.96
2.64
1.56
1.94
1.98
2.05
3.5
3.95
1.27
1.32
1.81
2.94
1.47
2
1.92
2.05
3.5
3.95
1.27
1.32
1.81
1.49
2.86
1.96
1.96
2.15
3.5
3.65
1.3
1.32
1.74
1.56
2.64
2.02
1.9
1.82
3.75
4.75
1.21
1.3
2.04
2.5
1.61
1.92
2
1.68
4.4
4.25
1.21
1.2
2.14
2.24
1.666
2.15
1.72
2.65
3.65
2.46
1.533
1.27
1.46
1.99
1.84
2.34
1.615
1.42
5.2
6.2
1.111
1.153
2.8
1.7
2.18
3.2
1.363
2.24
3.6
3
1.37
1.285
1.63
1.666
2.24
2.26
1.65
2.42
3.35
2.88
1.4
1.31
1.54
1.76
2.08
2
1.833
3.55
3.6
2
1.78
1.285
1.285
2.66
1.49
2.18
1.7
3.05
3.5
2.25
1.615
1.285
1.363
2.25
1.66
2
1.833
2.55
3.25
2.8
1.42
1.333
1.49
1.82
2.02
1.952
1.87
3.75
3.6
1.952
1.82
1.285
1.26
1.45
2.8
1.833
2
2.68
3.4
2.55
1.49
1.3
1.45
1.96
1.86
1.97
1.85
2.96
3.5
2.3
1.59
1.285
1.38
2.18
1.7
1.833
2
2.4
3.4
2.88
1.4
1.3
1.55
1.75
2.1
1.833
2
1.5
4.3
6.3
1.111
1.21
2.54
1.88
1.94
2.04
1.8
2.88
3.4
2.4
1.55
1.3
1.4
2.1
1.75
1.833
2
2.15
3.6
3.15
1.34
1.285
1.68
1.61
2.35
2.55
1.533
1.8
3.8
4.2
1.222
1.25
1.98
2.44
1.571
2.55
1.533
2.16
3.5
3.25
1.333
1.285
1.666
1.59
2.4
2.04
1.8
2.15
3.55
3.2
1.333
1.285
1.68
1.6
2.375
2.02
1.81
3.15
3.6
2.16
1.666
1.285
1.34
2.35
1.61
2.18
1.7
2.15
3.55
3.2
1.333
1.285
1.68
1.6
2.375
2.02
1.81
3.75
3.6
1.94
1.833
1.285
1.26
1.46
2.76
2.16
1.71
2.15
3.6
3.15
1.34
1.285
1.68
1.61
2.35
2.1
1.75
3.35
3.6
2.08
1.72
1.285
1.31
2.48
1.55
2.14
1.727
1.88
3.65
3.95
1.24
1.27
1.89
2.625
1.5
2.15
1.72
2.14
3.65
3.15
1.34
1.27
1.68
1.6
2.375
2.48
1.55
4.8
5
1.54
2.42
1.166
1.181
1.89
1.93
2.8
1.45
4
4
1.79
1.99
1.23
1.23
1.59
2.4
2.92
1.42
2.66
3.65
2.45
1.533
1.27
1.46
1.99
1.833
2.56
1.52
1.96
3.65
3.65
1.27
1.27
1.81
2.72
1.47
2.92
1.42
3.15
3.65
2.14
1.68
1.27
1.34
2.375
1.6
2.92
1.42
2.18
3.55
3.15
1.34
1.285
1.66
1.615
2.34
1.99
1.833
2.875
3.5
2.35
1.571
1.285
1.4
2.12
1.74
1.92
1.9
1.68
4.1
4.55
1.19
1.222
2.14
2.2
1.69
2.8
1.45
1.38
4.95
7.5
1.075
1.166
2.96
2.18
1.7
2.35
1.61
1.85
3.8
3.95
1.24
1.25
1.92
2.54
1.533
2.15
1.72
2.32
3.6
2.875
1.4
1.285
1.59
1.727
2.14
1.952
1.87
2.76
3.6
2.4
1.55
1.285
1.43
2.06
1.78
2.15
1.72
1.81
3.9
4
1.23
1.24
1.96
2.48
1.55
2.16
1.71
2.84
3.6
2.34
1.58
1.285
1.41
2.12
1.74
2.2
1.69
1.93
3.75
3.65
1.27
1.26
1.84
2.7
1.48
2.08
1.77
1.72
3.9
4.55
1.19
1.24
2.08
2.28
1.64
2.2
1.69
1.55
4.6
5.1
1.153
1.181
2.4
1.94
1.88
3.15
1.37
2.15
3.8
3.05
1.363
1.25
1.68
3.1
1.38
2.25
1.66
2.02
3.2
4.6
1.21
1.37
1.833
1.41
3.2
1.47
2.94
6.1
3.5
1.74
2.14
1.32
1.143
1.65
2.42
1.58
2.58
2.45
3.1
3.4
1.34
1.39
1.58
1.69
2.34
1.52
2.76
1.97
3.3
4.65
1.21
1.35
1.87
1.39
3.3
1.56
2.64
2.1
3.15
4.3
1.24
1.38
1.77
1.46
2.98
1.533
2.72
1.85
3.3
5.5
1.166
1.35
2
2.6
1.571
1.58
2.58
2.7
3.1
3
1.41
1.39
1.49
1.86
2.08
1.5
2.82
2.64
3.1
3.1
1.39
1.39
1.51
1.81
2.14
1.54
2.7
2.34
3.2
3.5
1.32
1.37
1.63
1.63
2.46
1.55
2.66
2.52
3.1
3.25
1.363
1.39
1.55
1.74
2.24
1.5
2.82
2.82
2.85
2.98
1.41
1.444
1.45
1.89
1.99
1.48
2.82
2.15
2.9
4.3
1.23
1.43
1.727
1.45
2.92
1.52
2.68
2.45
2.85
3.55
1.31
1.444
1.571
1.64
2.375
1.49
2.78
2.45
2.9
3.45
1.333
1.43
1.571
1.66
2.34
1.49
2.78
2.05
2.95
4.65
1.21
1.42
1.79
1.4
3.15
1.5
2.75
1.52
3.95
7.7
1.095
1.26
2.58
1.94
1.94
1.55
2.6
4.05
2.85
2.25
1.666
1.444
1.25
2.72
1.51
1.52
2.68
2.65
2.85
3.2
1.363
1.444
1.5
1.77
2.15
1.47
2.85
1.9
3
5.5
1.166
1.41
1.93
2.72
1.51
1.5
2.75
2.65
2.88
3.15
1.38
1.43
1.5
1.79
2.12
1.45
2.92
1.72
3.2
6.8
1.111
1.363
2.16
2.35
1.65
1.56
2.56
2.4
2.9
3
1.31
1.333
1.47
1.68
2.1
1.55
2.36
1.35
4
9.8
1.006
1.181
2.82
1.6
2.24
1.98
1.77
1.6
3.65
5.2
1.111
1.222
2.12
2.1
1.69
1.94
1.8
2
3.1
3.7
1.21
1.3
1.68
1.444
2.65
1.65
2.16
1.55
3.8
6.7
1.095
1.25
2.4
1.99
1.833
1.7
2.18
2.3
3.3
3.125
1.35
1.32
1.59
1.66
2.25
1.65
2.26
1.45
4
8.4
1.06
1.23
2.68
1.79
2.05
1.72
2.15
2.2
3.3
3.35
1.31
1.32
1.65
1.58
2.42
1.65
2.26
2.2
3.3
3.35
1.31
1.32
1.65
1.58
2.42
1.7
2.18
1.7
3.6
5.2
1.153
1.285
2.12
2.28
1.64
1.75
2.1
1.85
3.6
4.5
1.222
1.3
1.98
1.37
3.3
1.75
2.18
1.25
6
13
1.035
1.143
4.1
1.79
2.12
2.46
1.6
1.66
3.9
5.5
1.166
1.27
2.26
2.18
1.75
2.3
1.68
1.72
3.75
5.2
1.181
1.285
2.16
2.3
1.68
1.98
1.9
3.5
3.6
2.1
1.76
1.3
1.32
2.6
1.55
1.94
1.94
2.85
3.65
2.4
1.59
1.3
1.444
2.12
1.79
2.15
1.77
1.45
4.45
7.9
1.09
1.222
2.82
1.77
2.15
2.26
1.7
4
3.6
1.94
1.89
1.3
1.26
2.95
1.444
2.15
1.77
1.27
6.5
12
1.045
1.125
3.95
1.8
2.15
2.82
1.5
1.6
4.2
6.2
1.133
1.25
2.4
2.06
1.87
2.02
1.9
2.35
3.5
3.2
1.37
1.32
1.63
1.7
2.32
1.92
2
2.82
3.6
2.54
1.54
1.31
1.46
2.08
1.86
2.32
1.7
6.1
4.1
1.615
2.36
1.26
1.143
1.85
2.08
2.28
1.72
3.6
3.6
2.12
1.75
1.31
1.31
2.64
1.56
2.12
1.82
1.9
3.7
4.35
1.23
1.3
1.94
1.41
3.2
2.35
1.68
2.4
3.6
3.05
1.4
1.31
1.6
1.75
2.22
2
1.92
2.3
3.3
3.125
1.35
1.32
1.59
1.66
2.25
1.91
1.91
1.3
5.3
10
1.04
1.143
3.4
1.9
1.92
2.04
1.8
1.4
4.5
8.2
1.065
1.19
2.88
1.63
2.3
2.625
1.5
3.25
3.4
2.2
1.65
1.3
1.333
2.375
1.6
1.8
2.04
3.9
3.3
2
1.78
1.32
1.24
2.82
1.444
1.7
2.18
2.3
3.3
3.125
1.35
1.32
1.59
1.66
2.25
1.91
1.91
2
3.3
3.9
1.24
1.32
1.78
1.444
2.82
1.65
2.26
2.2
3.2
3.45
1.3
1.333
1.65
1.56
2.46
1.65
2.26
1.8
3.45
4.7
1.181
1.3
1.98
2.52
1.54
1.63
2.3
1.66
3.65
5.5
1.143
1.27
2.18
2.2
1.69
1.833
2
2.12
3.45
3.8
1.285
1.333
1.75
3.125
1.43
1.9
2.02
1.666
4
5.7
1.153
1.26
2.26
2.22
1.76
2.02
1.9
1.25
6.3
15
1.025
1.133
4.15
1.75
2.22
2.375
1.666
2.52
3.2
3.15
1.38
1.37
1.55
1.76
2.22
1.615
2.5
2.5
3.3
3.1
1.39
1.35
1.56
1.77
2.2
2
1.92
1.51
4.2
8
1.09
1.25
2.64
1.96
1.96
1.7
2.32
3.125
3.4
2.44
1.58
1.34
1.39
2.24
1.74
2.02
1.9
2.66
3.4
2.82
1.46
1.34
1.5
1.9
2.02
1.87
2.06
2.1
3.45
3.85
1.285
1.333
1.77
3.125
1.43
1.92
2
2.54
3.35
3
1.41
1.35
1.54
1.81
2.14
1.72
2.28
1.64
3.95
5.6
1.153
1.26
2.3
2.15
1.77
2
1.88
1.58
4.2
5.9
1.143
1.24
2.42
2.02
1.87
2.24
1.71
1.98
3.45
4.05
1.25
1.333
1.85
2.85
1.47
1.85
2.04
1.84
3.65
4.45
1.222
1.3
1.99
1.37
3.3
1.9
1.98
2.7
3.25
2.75
1.47
1.363
1.48
1.92
1.96
1.8
2.1
3.25
3.3
2.32
1.63
1.35
1.363
2.34
1.66
1.94
1.94
2.18
3.5
3.35
1.34
1.32
1.71
3.25
1.38
1.9
1.98
1.54
4.05
6.8
1.111
1.25
2.52
1.96
1.92
1.98
1.9
2.14
3.4
3.55
1.31
1.333
1.727
1.55
2.6
1.833
2.06
1.82
3.65
4.6
1.21
1.3
2.02
2.54
1.571
1.92
1.96
2.62
3.4
2.62
1.47
1.3
1.47
1.91
1.91
2.02
1.81
2.62
3.4
2.62
1.47
1.3
1.47
1.91
1.91
2.02
1.81
8.5
4.7
1.37
3
1.181
1.06
1.7
2.18
2.08
1.76
1.833
3.55
4.333
1.21
1.285
1.94
2.56
1.52
1.7
2.18
2.32
3.25
3.125
1.35
1.333
1.59
1.666
2.24
1.7
2.18
1.94
3.5
3.9
1.24
1.285
1.833
2.8
1.45
1.7
2.18
3.15
3.25
2.3
1.59
1.333
1.34
2.26
1.65
1.85
1.97
2.55
3.25
2.8
1.42
1.333
1.49
1.82
2.02
1.7
2.18
1.68
3.7
5.2
1.153
1.27
2.14
2.26
1.65
1.74
2.12
2.85
3.25
2.5
1.51
1.333
1.41
2.05
1.79
1.72
2.15
1.81
3.6
4.4
1.2
1.285
1.96
2.52
1.54
1.63
2.3
1.41
4.45
8
1.07
1.2
2.84
1.7
2.18
1.99
1.833
7.7
4.65
1.49
2.78
1.23
1.111
2.15
1.82
2.36
1.69
2.3
3.7
3.25
1.38
1.32
1.68
1.68
2.38
2.7
1.55
2.3
3.6
3.3
1.37
1.333
1.68
1.666
2.4
2.3
1.72
2.04
3.6
4.05
1.285
1.333
1.85
1.48
2.95
2
1.94
12
6.5
1.285
3.95
1.143
1.055
2.22
1.77
1.97
1.97
2.45
3.4
3.2
1.39
1.363
1.61
1.74
2.26
2.16
1.81
2.05
3.5
4.15
1.27
1.34
1.84
1.47
2.98
1.99
1.952
2.32
3.55
3.3
1.37
1.333
1.666
1.68
2.38
2.26
1.74
1.6
4.35
6.2
1.153
1.25
2.46
2.04
1.91
2.34
1.7
1.133
10
23
1.013
1.075
6.7
2.08
1.87
1.97
1.97
1.55
4.35
6.6
1.143
1.25
2.6
1.96
1.98
2.52
1.615
4.95
3.95
1.75
2.18
1.285
1.21
1.7
2.34
2.34
1.7
2.25
3.7
3.35
1.363
1.32
1.7
1.65
2.44
2.56
1.6
1.7
4
5.3
1.19
1.285
2.26
2.25
1.75
2.38
1.68
1.6
4.2
6.2
1.153
1.26
2.46
2.06
1.89
2.25
1.75
2.5
3.45
2.98
1.444
1.35
1.58
1.81
2.16
2.1
1.85
2.8
3.5
2.68
1.52
1.34
1.48
2.02
1.93
2.1
1.85
2.14
3.65
3.65
1.32
1.32
1.77
1.56
2.68
2.26
1.74
2.42
3.4
3.25
1.38
1.363
1.615
1.72
2.3
2.04
1.9
2.75
3.4
2.8
1.48
1.363
1.5
1.952
1.99
2.34
1.7
2.4
3.5
3.2
1.39
1.34
1.63
1.727
2.3
2.68
1.56
3.4
3.55
2.28
1.69
1.333
1.363
2.44
1.65
2.38
1.68
2.5
3.4
3.125
1.41
1.363
1.58
1.77
2.22
2.12
1.833
2.8
3.45
2.72
1.51
1.35
1.48
2
1.94
2.56
1.6
2.12
3.65
3.7
1.32
1.32
1.79
1.55
2.7
2.3
1.72
2.08
3.8
3.7
1.32
1.3
1.82
1.54
2.74
2.26
1.74
1.58
4.3
6.2
1.133
1.24
2.45
2.02
1.91
2.28
1.72
3.9
3.35
2.2
1.7
1.35
1.27
2.72
1.533
1.98
1.94
2.74
3.3
2.8
1.46
1.35
1.48
1.94
1.98
1.79
2.16
1.9
3.65
4.45
1.222
1.3
1.94
2.66
1.55
1.92
2
1.87
3.6
4.7
1.21
1.31
1.97
2.6
1.571
1.81
2.14
1.666
3.95
5.8
1.153
1.27
2.26
2.22
1.76
1.92
2
4.95
3.5
1.75
2.04
1.285
1.166
1.59
2.4
1.87
1.952
2.05
3.5
3.5
1.285
1.285
1.74
1.51
2.6
1.91
1.91
1.85
3.4
4.45
1.2
1.3
1.92
2.6
1.51
1.91
1.91
1.65
3.8
5.3
1.143
1.25
2.2
2.18
1.7
1.87
1.952
1.55
4
6.1
1.125
1.23
2.4
1.97
1.85
2.1
1.75
2.15
3.3
3.45
1.3
1.32
1.68
1.55
2.48
1.91
1.91
2.75
3.3
2.55
1.49
1.32
1.43
2.02
1.81
1.85
1.97
2.46
3.2
2.95
1.38
1.333
1.533
1.75
2.1
1.91
1.91
1.3
5.3
7.4
1.04
1.1
3.05
1.7
2.08
1.8
1.94
2.2
3.5
2.84
1.34
1.23
1.56
1.66
2.14
2.1
1.68
2
3.5
3.25
1.27
1.23
1.68
1.51
2.46
1.6
2.25
5.4
4.15
1.5
2.32
1.166
1.095
4.35
1.19
1.7
2.08
2.35
3.5
2.62
1.4
1.23
1.49
1.77
1.98
2.16
1.65
1.952
3.5
3.4
1.25
1.23
1.71
1.47
2.56
2.2
1.63
2.55
3.25
2.55
1.42
1.27
1.42
1.87
1.87
2.08
1.7
2.44
3.2
2.7
1.38
1.285
1.46
1.78
1.97
1.8
1.94
1.55
3.8
5.4
1.095
1.2
2.22
1.99
1.76
2.05
1.72
2.65
3.25
2.45
1.45
1.27
1.39
1.94
1.8
1.92
1.82
2
3.3
3.45
1.24
1.26
1.68
1.5
2.48
1.9
1.84
3.25
3.3
2.08
1.63
1.26
1.27
2.42
1.52
1.92
1.82
1.571
4
4.85
1.125
1.181
2.18
2.04
1.727
2
1.75
2.4
3.5
2.56
1.42
1.23
1.47
1.8
1.94
2.4
1.533
3.3
3.3
2.05
1.64
1.26
1.26
2.42
1.52
2.4
1.533
2.45
3.25
2.65
1.39
1.27
1.45
1.8
1.94
2.2
1.63
1.9
3.4
3.65
1.222
1.25
1.75
2.56
1.47
2.48
1.5
3.3
3.2
2.1
1.61
1.285
1.26
2.4
1.533
1.98
1.77
1.25
5.3
9.6
1.008
1.1
3.35
1.72
2.05
2.48
1.5
1.4
4.3
6.8
1.055
1.166
2.62
1.65
2.16
2.54
1.48
2.92
3.2
2.28
1.52
1.285
1.333
2.15
1.65
2.25
1.6
2.5
3.4
2.5
1.444
1.25
1.444
1.85
1.89
2.36
1.55
4.4
3.6
1.7
1.97
1.222
1.153
1.6
2.25
1.98
1.77
1.87
3.4
3.8
1.2
1.25
1.78
2.6
1.46
2.05
1.72
1.45
4.35
5.8
1.08
1.153
2.46
1.7
2.08
1.75
2
1.444
4.3
6
1.075
1.166
2.48
1.75
2
2.34
1.56
1.75
3.5
4.25
1.166
1.23
1.909
2.375
1.54
1.94
1.8
3.125
3.5
2.05
1.64
1.23
1.285
2.36
1.55
1.94
1.8
2.05
3.45
3.15
1.285
1.24
1.64
1.54
2.38
2.08
1.7
1.4
4.4
6.6
1.06
1.153
2.62
2.05
1.72
1.66
2.14
2.4
3.4
2.62
1.4
1.25
1.47
1.79
1.96
2
1.75
2.24
3.5
2.78
1.363
1.23
1.54
1.69
2.1
1.94
1.8
1.68
3.75
4.333
1.153
1.21
1.99
2.1
1.69
2.1
1.68
1.444
4.15
6.3
1.065
1.166
2.48
1.71
2.06
0
0
2.25
3.25
3.25
1.333
1.333
1.615
1.615
2.34
1.91
1.91
2.1
3.3
3.6
1.285
1.32
1.71
1.51
2.6
1.91
1.91
2.1
3.3
3.6
1.285
1.32
1.71
1.51
2.6
2.08
1.77
1.82
3.5
4.5
1.19
1.285
1.952
2.52
1.54
1.94
1.88
1.75
3.5
4.95
1.166
1.285
2.04
2.375
1.6
1.99
1.833
1.9
3.3
4.7
1.2
1.35
1.93
1.363
3.35
1.55
2.58
1.3
5.1
13
1.035
1.181
3.65
1.98
1.9
1.76
2.16
6
3.8
1.63
2.32
1.285
1.143
1.77
2.15
1.92
1.96
3.1
3.1
2.52
1.54
1.39
1.39
2.16
1.76
1.55
2.58
1.75
3.75
5.3
1.181
1.3
2.12
2.22
1.75
2.08
1.85
1.85
3.85
4.45
1.222
1.285
2.1
1.39
3.3
2.18
1.78
1.9
3.65
4.45
1.222
1.3
1.94
1.4
3.25
2.08
1.85
2.1
3.55
3.75
1.3
1.32
1.77
1.533
2.72
2.22
1.75
3.65
3.35
2.2
1.7
1.35
1.3
2.6
1.571
1.88
2.05
1.8
3.7
4.65
1.21
1.3
2.04
1.34
3.5
2.04
1.85
2.2
3.45
3.35
1.34
1.333
1.69
1.61
2.44
2.1
1.8
2.15
3.5
3.45
1.333
1.32
1.727
1.571
2.54
2.08
1.82
2.05
3.55
3.65
1.3
1.31
1.79
1.51
2.72
2.26
1.7
1.3
5.5
11
1.05
1.166
3.65
1.8
2.1
1.94
1.94
1.3
5.5
11
1.05
1.166
3.65
1.8
2.1
2.82
1.48
11
7.1
1.25
4.25
1.125
1.06
2.32
1.7
3.25
1.4
3.25
3.4
2.28
1.65
1.333
1.363
2.35
1.65
1.77
2.15
1.4
4.6
9.1
1.07
1.21
3.05
2.26
1.7
1.9
1.98
3.2
3.2
2.4
1.59
1.363
1.363
2.26
1.7
1.85
2.04
2.8
3.2
2.68
1.49
1.363
1.45
1.98
1.9
1.8
2.1
1.75
3.5
5.4
1.166
1.32
2.12
2.4
1.63
1.75
2.18
1.45
4.4
8
1.085
1.222
2.82
2.46
1.6
1.7
2.26
3.6
3.25
2.2
1.69
1.363
1.3
2.56
1.56
1.7
2.26
2.55
3.2
2.82
1.41
1.333
1.49
1.82
2.02
1.91
1.91
3.8
3.4
2
1.78
1.3
1.25
2.76
1.46
1.97
1.85
4.2
3.4
1.9
1.87
1.3
1.222
3.05
1.39
2.04
1.8
2.25
3.3
3.2
1.333
1.32
1.615
1.63
2.3
1.97
1.85
3.7
3.2
2.1
1.71
1.333
1.27
2.625
1.5
1.6
2.375
2.84
3.05
2.64
1.47
1.363
1.41
1.99
1.84
1.615
2.34
2.08
2.94
4.2
1.222
1.39
1.72
1.43
2.875
1.74
2.12
2.1
3.4
3.45
1.3
1.3
1.71
1.533
2.54
1.59
2.4
2.56
2.98
3
1.37
1.38
1.49
1.77
2.08
1.65
2.26
1.55
3.7
7
1.09
1.27
2.4
1.96
1.86
1.75
2.1
6.7
4.1
1.58
2.45
1.26
1.125
1.9
2.02
1.96
1.96
1.61
4.05
6.8
1.133
1.285
2.44
2.1
1.85
1.87
2.08
2.25
3.35
3.65
1.32
1.363
1.7
1.59
2.58
1.833
2.12
14
6
1.285
3.95
1.166
1.04
2.15
1.82
3.45
1.38
1.59
4.4
6.3
1.153
1.25
2.48
2.02
1.92
2.3
1.72
2.65
3.5
2.84
1.47
1.34
1.533
1.9
2.04
1.87
2.08
1.37
5.3
10.5
1.07
1.19
3.3
2.08
1.87
2.375
1.68
2.14
3.4
3.95
1.285
1.363
1.77
1.52
2.8
1.7
2.34
2.05
3.6
4
1.285
1.333
1.84
1.49
2.9
1.92
2.02
3.45
3.5
2.28
1.69
1.34
1.35
2.46
1.64
1.8
2.18
2
3.5
4.35
1.25
1.34
1.88
2.875
1.5
1.82
2.14
2.25
3.45
3.55
1.333
1.35
1.7
1.61
2.54
1.8
2.18
1.166
8.9
21
1.017
1.09
5.8
1.77
2.22
2.24
1.76
1.98
3.5
4.45
1.24
1.34
1.9
2.84
1.51
1.85
2.1
1.8
3.8
5.1
1.2
1.3
2.1
2.44
1.65
2.04
1.9
2
3.55
4.3
1.25
1.333
1.88
2.875
1.5
1.9
2.04
2.65
3.35
2.95
1.444
1.363
1.533
1.87
2.08
2
1.94
1.68
3.9
6.1
1.153
1.3
2.3
2.2
1.78
2.25
1.75
3.3
3.5
2.35
1.65
1.34
1.37
2.36
1.69
2.1
1.85
14
7.3
1.24
4.45
1.125
1.04
1.8
2.18
1.94
2
2.05
3.45
4.2
1.26
1.35
1.84
2.98
1.47
1.85
2.1
1.09
15
34
0
1.036
8.8
1.727
2.3
2.48
1.63
1.65
3.95
6.4
1.143
1.285
2.35
2.15
1.82
2.1
1.85
15
6.4
1.26
4.2
1.143
1.036
2.25
1.75
1.85
2.1
3.5
3.5
2.25
1.7
1.34
1.34
2.52
1.615
2.04
1.9
2.62
3.45
2.9
1.46
1.35
1.54
1.87
2.08
2.1
1.85
2.9
3.5
2.6
1.55
1.34
1.46
2.08
1.87
2.04
1.9
1.55
4.35
7.1
1.125
1.25
2.6
1.952
1.99
2.25
1.75
1.3
6
13
1.05
1.166
3.8
1.88
2.08
2.48
1.63
3.1
3.5
2.45
1.61
1.34
1.41
2.24
1.76
2
1.94
1.94
3.6
4.2
1.25
1.32
1.92
1.43
3.1
2.12
1.82
2.46
3.2
3.2
1.38
1.38
1.59
1.727
2.26
1.66
2.4
1.99
3.5
4.1
1.26
1.333
1.87
1.46
2.98
1.85
2.08
2.05
3.4
4
1.27
1.35
1.82
1.48
2.9
1.727
2.26
2.08
3.4
3.9
1.285
1.35
1.8
1.5
2.82
1.727
2.26
2.46
3.2
3.2
1.38
1.38
1.59
1.727
2.26
1.75
2.22
2.05
3.4
4
1.27
1.35
1.82
1.48
2.9
1.727
2.26
2.6
3.2
2.98
1.43
1.38
1.533
1.833
2.1
1.727
2.26
1.94
3.55
4.3
1.25
1.333
1.92
1.42
3.15
1.727
2.26
1.64
3.9
6
1.153
1.285
2.34
2.16
1.79
1.88
2.04
2.52
3.2
3.1
1.4
1.38
1.56
1.78
2.18
1.92
2
2.48
3
3.1
1.35
1.37
1.52
1.72
2.15
1.75
2.1
1.68
3.5
5.6
1.133
1.285
2.14
2.26
1.65
1.81
2.02
2.15
3.1
3.7
1.27
1.35
1.68
1.51
2.6
1.79
2.05
2.24
3
3.6
1.285
1.37
1.63
1.55
2.48
1.75
2.1
2.22
3
3.65
1.27
1.37
1.64
1.533
2.54
1.91
1.91
2.76
3
2.76
1.43
1.37
1.43
1.91
1.91
1.75
2.1
2.2
3.05
3.6
1.285
1.363
1.65
1.54
2.52
1.76
2.08
2.25
3
3.55
1.285
1.37
1.615
1.56
2.46
1.91
1.91
1.59
3.65
6.5
1.1
1.27
2.32
2.06
1.78
1.85
1.97
1.69
3.55
5.4
1.143
1.285
2.12
2.25
1.66
2.1
1.75
1.727
3.5
5.2
1.153
1.285
2.08
2.3
1.63
2.04
1.8
2.04
3.15
4
1.23
1.34
1.75
1.444
2.82
1.91
1.91
2.2
3.05
3.65
1.27
1.363
1.65
1.533
2.54
1.79
2.05
1.58
3.55
7
1.09
1.285
2.34
2.06
1.78
1.7
2.18
2.45
3
3.15
1.34
1.37
1.533
1.7
2.18
1.79
2.05
1.64
3.55
6
1.125
1.285
2.22
2.18
1.7
1.76
2.08
2.35
3.05
3.3
1.32
1.363
1.571
1.63
2.3
1.82
2.02
3.3
3.1
2.3
1.59
1.35
1.32
2.34
1.615
1.86
1.96
4.15
3.25
1.96
1.81
1.333
1.222
1.444
2.82
1.8
2.04
2.18
3.2
3.5
1.285
1.333
1.66
1.55
2.48
1.75
2.1
2.96
3.05
2.55
1.49
1.363
1.38
2.06
1.78
1.69
2.2
1.79
3.5
4.7
1.181
1.285
1.99
2.44
1.571
1.99
1.833
2.4
3.125
3.1
1.35
1.35
1.55
1.69
2.2
1.85
1.97
2.16
2.96
3.9
1.24
1.38
1.666
1.48
2.7
1.55
2.48
2.42
3.2
3
1.37
1.333
1.54
1.727
2.14
1.94
1.88
2.14
3.15
3.65
1.27
1.34
1.68
1.51
2.6
1.75
2.1
2.16
3.1
3.65
1.27
1.35
1.666
1.52
2.56
1.69
2.2
3.1
3.125
2.42
1.54
1.35
1.35
2.18
1.7
1.78
2.06
1.75
3.4
5.2
1.153
1.3
2.04
2.4
1.59
1.68
2.22
3.5
3.25
2.15
1.68
1.333
1.285
2.52
1.54
1.91
1.91
2.14
3.15
3.65
1.27
1.34
1.68
1.51
2.6
1.833
1.99
1.68
3.5
5.6
1.133
1.285
2.14
2.24
1.666
1.91
1.91
4.4
3.45
1.85
1.92
1.3
1.2
1.51
2.6
1.8
2.04
2.74
3.05
2.74
1.444
1.363
1.444
1.91
1.91
1.77
2.08
1.79
3.3
5.1
1.153
1.32
1.99
2.48
1.55
1.68
2.22
2.4
3.125
3.1
1.35
1.35
1.55
1.69
2.2
1.77
2.08
2.44
3.125
3.05
1.363
1.35
1.533
1.72
2.15
1.77
2.08
1.59
3.65
6.4
1.111
1.27
2.32
2.06
1.78
1.96
1.86
2.12
3.05
3.9
1.24
1.363
1.69
1.47
2.72
1.6
2.375
5.3
3.9
1.75
2.18
1.3
1.19
1.7
2.34
2.08
1.87
2.08
3.65
3.85
1.3
1.32
1.82
1.52
2.8
2.1
1.85
1.25
6.5
16
1.035
1.143
4.333
1.72
2.3
2.44
1.65
2.82
3.2
2.875
1.46
1.39
1.48
1.952
1.99
1.75
2.25
2.18
3.45
3.75
1.31
1.35
1.75
1.56
2.68
1.97
1.97
1.6
4.1
6.8
1.133
1.27
2.46
2.06
1.89
1.94
2
1.96
3.6
4.4
1.25
1.333
1.92
1.42
3.2
1.85
2.1
2.85
3.4
2.7
1.51
1.363
1.47
2.02
1.92
1.94
2
4.35
3.7
1.94
1.94
1.32
1.25
3.2
1.42
2
1.94
2.1
3.5
3.95
1.285
1.34
1.8
1.51
2.84
1.85
2.1
2.75
3.2
2.95
1.444
1.39
1.5
1.9
2.04
1.8
2.18
1.32
5.8
12
1.055
1.166
3.65
2
1.94
2.25
1.75
2.28
3.35
3.6
1.333
1.363
1.69
1.61
2.54
2.04
1.9
2.04
3.6
4.05
1.285
1.333
1.85
1.48
2.95
1.8
2.18
2.08
3.5
4
1.285
1.34
1.82
1.5
2.875
1.85
2.1
4.2
3.6
2
1.88
1.333
1.26
3.1
1.45
2.02
1.92
2.7
3.3
2.92
1.45
1.37
1.51
1.9
2.04
2.04
1.9
1.23
6.8
18
1.025
1.133
4.6
1.69
2.36
2.25
1.75
1.5
4.5
7.9
1.111
1.24
2.75
1.85
2.1
2.1
1.85
1.9
3.7
4.55
1.23
1.32
1.98
1.4
3.35
2.1
1.85
2.04
3.5
4.2
1.26
1.34
1.85
2.9
1.49
1.9
2.04
1.46
4.85
8
1.111
1.21
2.88
1.77
2.22
2.12
1.833
1.43
5.2
8.2
1.1
1.19
3
2.26
1.74
2.2
1.78
8.4
5.5
1.4
3.15
1.181
1.095
1.8
2.18
2.26
1.74
2.8
3.35
2.8
1.48
1.363
1.48
1.97
1.97
1.9
2.04
3.05
3.3
2.6
1.55
1.37
1.42
2.15
1.82
1.77
2.22
2.1
3.4
4.1
1.27
1.363
1.8
1.49
2.9
1.9
2.04
3.05
3.3
2.6
1.55
1.37
1.42
2.15
1.82
1.85
2.1
3.95
3.5
2.1
1.8
1.34
1.285
2.84
1.51
1.952
1.99
1.4
5
9.9
1.075
1.21
3.15
2.2
1.79
2.2
1.78
1.7
3.7
5.8
1.166
1.31
2.24
2.26
1.727
2.02
1.9
3.2
3
2.6
1.533
1.42
1.38
2.18
1.78
1.8
2.15
3.95
3.2
1.9
1.75
1.285
1.19
2.9
1.38
1.65
2.16
11
4.3
1.3
3.05
1.166
0
2.45
1.51
2.08
1.7
1.6
3.7
5.1
1.111
1.21
2.12
2.1
1.69
2.25
1.6
3.3
3
2.2
1.56
1.31
1.26
2.34
1.56
2.08
1.7
2.3
3.05
3.05
1.3
1.3
1.51
0
0
1.8
1.94
2.3
3
3.1
1.3
1.31
1.51
1.63
2.2
1.63
2.2
4.95
3.75
1.78
2.1
1.3
1.2
1.68
2.35
2.04
1.89
3.3
3.35
2.2
1.65
1.31
1.32
2.4
1.59
2.35
1.61
2.1
3.4
3.45
1.3
1.3
1.71
1.533
2.54
2.18
1.7
4.4
3.5
1.833
1.94
1.285
1.2
1.54
2.52
2.3
1.63
3.2
3.3
2.25
1.615
1.32
1.333
2.3
1.63
2.08
1.77
1.45
4.5
6.8
1.095
1.19
2.68
1.77
2.08
2.375
1.6
9.1
5.6
1.3
3.4
1.133
1.05
1.88
1.94
2.26
1.65
2.5
3.3
2.82
1.41
1.32
1.51
1.8
2.04
1.97
1.85
3.45
3.2
2.2
1.65
1.333
1.3
2.46
1.56
1.92
1.9
1.166
7.2
16
1.001
1.085
4.9
1.91
1.91
2.8
1.45
6.1
4
1.55
2.4
1.23
1.125
1.85
1.97
1.97
1.85
3.95
3.3
2.1
1.78
1.363
1.285
2.82
1.5
1.94
1.98
2.64
3.5
2.64
1.5
1.32
1.5
1.94
1.94
2.26
1.7
2.1
3.5
3.55
1.31
1.32
1.76
1.54
2.62
2.26
1.7
1.2
6.8
16
1.018
1.111
4.75
2.06
1.833
1.65
2.35
2.875
3.5
2.45
1.571
1.32
1.444
2.1
1.8
2.35
1.65
2.1
3.5
3.55
1.31
1.32
1.76
1.54
2.62
2.35
1.65
1.7
4.3
4.55
1.21
1.23
2.18
2.24
1.71
2.26
1.7
1.55
4
6.8
1.111
1.26
2.5
1.96
1.92
2.35
1.65
2.45
3.5
2.875
1.444
1.32
1.571
1.8
2.1
2.3
1.68
1.952
3.3
4.1
1.222
1.32
1.82
2.8
1.45
1.85
1.97
3.35
3.3
2.2
1.65
1.32
1.31
2.42
1.58
1.65
2.26
1.52
4.05
6.5
1.1
1.23
2.48
1.93
1.89
1.79
2.05
2.32
3.2
3.2
1.333
1.333
1.59
1.65
2.26
1.65
2.26
2.4
3.25
3
1.37
1.333
1.55
1.72
2.15
1.63
2.3
2.22
3.2
3.4
1.3
1.333
1.64
1.58
2.42
1.75
2.1
1.92
3.3
4.25
1.21
1.32
1.85
2.7
1.48
1.91
1.91
2.38
3.3
2.98
1.38
1.32
1.56
1.72
2.15
1.75
2.1
1.55
3.85
6.5
1.1
1.25
2.4
1.99
1.833
1.69
2.2
2.65
3.3
2.65
1.46
1.32
1.46
1.91
1.91
1.8
2.04
2.25
3.25
3.25
1.333
1.333
1.615
1.615
2.34
1.91
1.91
2.1
3.3
3.6
1.285
1.32
1.71
1.51
2.6
2.18
1.7
2.4
3
3.25
1.333
1.37
1.55
1.66
2.25
1.68
2.22
2.3
3.3
3.125
1.35
1.32
1.59
1.66
2.25
1.97
1.85
4.45
3.6
1.8
1.98
1.285
1.2
1.56
2.46
2.15
1.72
2.35
3.2
3.125
1.35
1.333
1.571
1.666
2.24
1.8
2.04
1.05
14
29
0
1.01
9.2
1.8
2.04
3
1.4
1.03
17
34
0
0
11
1.8
2.04
2.04
1.8
5.5
4
1.6
2.3
1.23
1.143
1.79
2.05
2.48
1.55
1.2
6.3
15
1.005
1.111
4.4
2.15
1.72
2.18
1.7
17
7.5
1.153
5.1
1.075
0
2.15
1.72
1.91
1.91
2.72
3.55
2.72
1.51
1.333
1.51
1.97
1.97
1.9
2.04
1.5
4.3
8.6
1.095
1.25
2.75
1.87
2.08
1.88
2.08
2.8
3.25
2.85
1.47
1.38
1.48
1.952
1.99
1.7
2.34
1.27
7
12
1.055
1.125
4.1
1.81
2.16
2.18
1.8
2
3.65
4.15
1.27
1.32
1.88
1.46
3.05
1.7
2.34
3.5
3.4
2.3
1.68
1.363
1.34
2.48
1.63
1.85
2.1
2.3
3.65
3.25
1.38
1.32
1.68
1.68
2.38
2.1
1.85
4.9
3.7
1.85
2.04
1.32
1.21
1.615
2.52
2.05
1.9
1.45
4.75
8.7
1.09
1.222
2.92
1.75
2.25
2.2
1.78
4.45
3.65
1.94
1.94
1.32
1.24
1.56
2.68
1.97
1.97
2.65
3.5
2.85
1.47
1.34
1.533
1.9
2.04
2.4
1.666
1.8
3.8
5.1
1.2
1.3
2.1
2.44
1.65
2.1
1.85
1.35
5.6
10.5
1.07
1.181
3.45
2.04
1.9
2.18
1.8
3.15
3.45
2.45
1.61
1.35
1.4
2.25
1.75
1.97
1.97
1.27
6.2
15
1.036
1.153
4.1
1.8
2.18
2.3
1.72
2.4
3.4
3.3
1.37
1.363
1.63
1.7
2.34
1.8
2.18
2.56
3.3
3.1
1.41
1.37
1.56
1.8
2.18
1.85
2.1
2.22
3.45
3.65
1.32
1.35
1.72
1.58
2.62
1.952
1.99
4.05
3.55
2.06
1.833
1.333
1.285
2.9
1.49
1.97
1.97
1.45
5
8
1.111
1.21
2.92
1.61
2.54
2.18
1.8
1.181
8.5
19
1.022
1.095
5.4
2.3
1.72
3.1
1.45
2.875
3.3
2.75
1.5
1.37
1.46
2.02
1.93
1.8
2.18
4.6
3.7
1.89
1.99
1.32
1.23
1.571
2.64
1.86
2.1
2.5
3.45
3.1
1.41
1.35
1.58
1.78
2.2
1.99
1.952
1.4
4.75
9.9
1.065
1.21
3.05
2.18
1.78
2.82
1.5
2.25
3.3
3.6
1.31
1.35
1.68
1.59
2.55
1.63
2.46
21
8.9
1.166
5.8
1.09
1.017
1.78
2.2
1.94
2
1.24
7.3
14
1.04
1.125
4.45
2.95
1.48
2.64
1.571
2.45
3.4
3.2
1.39
1.363
1.61
1.74
2.26
1.85
2.1
1.1
13
34
1.001
1.05
8.2
1.85
2.1
1.9
2.04
3.35
3.4
2.375
1.64
1.363
1.363
2.38
1.68
1.86
2.1
4.333
3.75
1.93
1.952
1.31
1.25
1.56
2.68
2.08
1.87
2.14
3.7
3.6
1.333
1.32
1.77
1.571
2.64
2.28
1.74
2.56
3.65
2.85
1.47
1.32
1.56
1.87
2.08
2.44
1.65
2.6
3.3
3.05
1.42
1.37
1.55
1.82
2.15
1.85
2.1
1.1
14
29
1.004
1.04
8.2
1.97
1.97
1.9
2.04
1.85
3.75
4.8
1.222
1.31
2.04
2.54
1.61
2.1
1.85
1.6
4.3
6.3
1.153
1.25
2.46
2.04
1.9
2.12
1.833
1.222
7.6
15
1.036
1.111
4.7
2.04
1.9
3.15
1.43
1.74
4.1
5.1
1.2
1.27
2.2
2.3
1.727
2.62
1.58
1.38
5.3
9.8
1.075
1.19
3.25
2.16
1.81
2.04
1.9
1.35
5.6
10.5
1.07
1.181
3.45
2.02
1.92
2.3
1.72
19
9.5
1.111
6.2
1.045
0
1.91
1.91
2.08
1.77
1.1
10
20
0
1.04
6.6
2.02
1.82
2.15
1.72
4
3.5
1.91
1.86
1.285
1.23
2.96
1.41
1.86
1.96
6.8
4.1
1.5
2.54
1.222
1.095
1.99
1.833
1.86
1.96
1.43
4.4
7.6
1.075
1.2
2.76
1.74
2.12
2.1
1.75
2.15
3.65
3.45
1.34
1.31
1.75
1.59
2.55
1.65
2.42
1.571
4.5
5
1.166
1.19
2.35
1.99
1.833
2.8
1.45
1.166
7.5
15
1.005
1.075
4.9
1.88
1.94
3.6
1.3
8.2
6
1.3
3.4
1.125
1.065
1.9
1.92
2.625
1.5
5.9
4.5
1.5
2.54
1.19
1.125
1.96
1.86
2.44
1.571
1.727
4
4.333
1.21
1.23
2.08
2.3
1.63
2.34
1.615
5.4
4.5
1.533
2.44
1.19
1.143
1.88
1.94
1.99
1.833
2.76
2.8
2.95
1.38
1.42
1.43
1.85
1.97
1.4
3
2.22
2.85
3.9
1.24
1.41
1.64
1.5
2.625
1.45
2.8
2.4
3.1
3.15
1.34
1.35
1.55
1.68
2.22
1.45
2.8
1.99
2.92
4.7
1.181
1.39
1.79
2.92
1.42
1.52
2.56
2.55
2.75
3.3
1.32
1.43
1.49
1.69
2.2
1.4
3
2.58
2.8
3.2
1.333
1.42
1.48
1.727
2.14
1.66
2.25
3.5
3.25
2.15
1.68
1.333
1.285
2.52
1.54
1.45
2.8
1.8
3.6
5.2
1.181
1.31
2.06
2.46
1.63
2
1.92
2.78
3.35
2.68
1.51
1.363
1.48
2
1.92
1.92
2
1.55
3.9
7.7
1.111
1.285
2.56
1.97
1.952
1.89
2.04
2.4
3.25
3.25
1.37
1.37
1.615
1.7
2.32
2
1.92
2.05
3.4
4
1.27
1.35
1.82
1.48
2.9
1.96
1.96
2.1
3.4
3.85
1.285
1.35
1.78
1.51
2.8
1.96
1.96
2.6
3.3
2.92
1.444
1.363
1.533
1.85
2.08
2.15
1.8
2.2
3.3
3.65
1.31
1.363
1.72
1.571
2.6
1.94
1.98
1.6
3.9
6.7
1.125
1.285
2.44
2.06
1.87
2.08
1.85
2.45
3.25
3.2
1.38
1.37
1.59
1.727
2.26
1.75
2.22
1.55
4.55
6.2
1.133
1.222
2.52
1.92
2
3.2
1.41
1.38
4.75
11
1.05
1.21
3.15
2.06
1.87
2.66
1.55
1.2
7.5
17
1.017
1.1
4.8
1.94
1.98
1.96
1.96
1.363
5.3
9.7
1.065
1.181
3.25
2.05
1.88
3.125
1.43
1.94
3.8
4.05
1.26
1.285
1.9
1.45
3.05
2.44
1.64
2.3
3.8
3.05
1.4
1.285
1.65
1.72
2.28
2.9
1.48
3.8
3.75
2.02
1.833
1.3
1.285
2.82
1.5
2.24
1.74
2.2
3.85
3.2
1.37
1.285
1.7
1.65
2.42
2.98
1.46
2.85
3.65
2.4
1.59
1.3
1.444
2.12
1.79
2.4
1.63
6.1
4.3
1.55
2.5
1.23
1.133
1.94
1.94
2.92
1.45
1.8
3.85
4.4
1.222
1.285
2.04
1.37
3.3
2.85
1.47
1.5
4.5
6.5
1.125
1.222
2.64
1.87
2.02
2.75
1.5
1.6
4.25
5.5
1.166
1.24
2.38
2.05
1.84
2.75
1.5
1.8
4
4.25
1.24
1.26
2.04
1.38
3.25
2.75
1.5
1.9
3.85
3.9
1.27
1.285
1.93
2.62
1.54
2.68
1.52
1.86
3.9
4.05
1.25
1.27
1.97
2.56
1.56
2.92
1.45
2.5
3.6
2.75
1.47
1.3
1.55
1.85
2.04
2.54
1.571
2.46
3.6
2.8
1.45
1.3
1.571
1.82
2.08
2.35
1.65
2.3
3.7
2.98
1.41
1.3
1.64
1.72
2.22
2.62
1.54
3.1
3.55
2.3
1.64
1.31
1.39
2.28
1.69
2.75
1.5
2.02
3.7
3.6
1.3
1.3
1.82
1.51
2.72
2.68
1.52
1.9
3.85
3.9
1.27
1.285
1.93
2.62
1.54
2.75
1.5
1.8
3.95
4.6
1.21
1.27
2.06
2.42
1.65
2.72
1.533
1.58
4.3
6.2
1.133
1.24
2.45
1.98
1.94
2.14
1.81
1.93
3.75
4.15
1.25
1.3
1.91
1.43
3.125
2.44
1.64
3.4
3.55
2.22
1.69
1.32
1.34
2.5
1.615
2.5
1.615
1.9
3.8
4.25
1.24
1.285
1.94
1.42
3.15
2.42
1.65
3.2
3.6
2.3
1.65
1.31
1.37
2.35
1.68
2.4
1.66
2.2
3.5
3.5
1.32
1.32
1.7
1.6
2.52
2.08
1.85
1.78
4
4.7
1.21
1.26
2.08
2.38
1.666
2.42
1.65
2.35
3.25
3.1
1.35
1.333
1.571
1.68
2.22
1.75
2.1
1.75
3.45
5.1
1.153
1.3
2.04
2.4
1.59
1.8
2.04
2.45
3.4
2.8
1.42
1.3
1.533
1.79
2.05
1.75
2.1
2.55
3.45
2.66
1.46
1.3
1.49
1.87
1.952
1.8
2.04
2.45
3.25
2.92
1.39
1.333
1.533
1.76
2.08
1.7
2.18
2.42
3.35
2.88
1.4
1.31
1.54
1.76
2.08
1.75
2.1
2.2
3.25
3.4
1.3
1.333
1.65
1.571
2.44
1.75
2.1
1.5
4.1
6.8
1.095
1.222
2.54
1.88
1.94
1.9
1.92
1.58
3.85
6
1.125
1.25
2.34
2.04
1.8
2.02
1.81
1.55
3.9
6.4
1.111
1.24
2.4
1.97
1.85
1.92
1.9
1.3
5.5
9.3
1.05
1.143
3.4
1.97
1.85
1.94
1.88
2.4
3.25
3
1.37
1.333
1.55
1.72
2.15
1.87
1.952
2.25
3.2
3.3
1.32
1.333
1.615
1.61
2.35
1.77
2.08
1.45
4.05
8.2
1.065
1.23
2.68
1.79
2.05
1.952
1.87
1.49
3.95
7.5
1.075
1.24
2.56
1.86
1.96
1.833
1.99
1.9
3.3
4.35
1.2
1.32
1.87
1.37
3.15
1.9
1.92
1.52
3.95
6.8
1.095
1.24
2.48
1.92
1.9
1.86
1.96
2.08
3.3
3.65
1.27
1.32
1.72
1.5
2.625
1.833
1.99
2.3
3.2
3.2
1.333
1.333
1.59
1.64
2.28
1.8
2.04
2
3.3
3.9
1.24
1.32
1.78
1.444
2.82
1.8
2.04
3.6
3.3
2.1
1.71
1.32
1.285
2.6
1.51
1.65
2.26
1.85
3.5
4.3
1.21
1.285
1.92
2.6
1.51
1.91
1.91
2.72
3.1
2.72
1.444
1.35
1.444
1.91
1.91
1.65
2.26
1.8
3.5
4.6
1.181
1.285
1.98
2.52
1.54
1.7
2.18
1.75
3.5
4.95
1.166
1.285
2.04
2.4
1.59
1.7
2.18
1.7
3.8
4.85
1.166
1.25
2.12
2.28
1.64
1.75
2.1
2.72
3.1
2.72
1.444
1.35
1.444
1.91
1.91
1.7
2.18
2.15
3.3
3.45
1.3
1.32
1.68
1.55
2.48
1.7
2.18
1.87
3.45
4.85
1.21
1.34
1.99
1.363
3.5
1.85
2.08
3.9
3.35
2.1
1.78
1.363
1.285
2.8
1.51
1.98
1.94
1.38
4.8
10
1.07
1.21
3.2
2.15
1.8
2.02
1.9
2.75
3.125
2.88
1.45
1.4
1.49
1.92
2
1.84
2.1
2.02
3.3
4.3
1.25
1.363
1.85
1.444
3.05
1.85
2.08
2.36
3.2
3.4
1.35
1.38
1.63
1.66
2.4
1.9
2.02
3.9
3.35
2.1
1.78
1.363
1.285
2.8
1.51
1.75
2.22
2.5
3.1
3.25
1.37
1.4
1.571
1.74
2.24
1.85
2.08
3.05
3.2
2.5
1.55
1.363
1.4
2.16
1.76
1.571
2.54
2.375
3.2
3.25
1.363
1.363
1.6
1.68
2.3
1.55
2.6
2.1
3.3
3.8
1.285
1.35
1.76
1.51
2.72
1.7
2.26
1.4
5
7.8
1.09
1.181
3.05
2.22
1.72
2.26
1.7
2.3
3.2
3.4
1.333
1.363
1.64
1.63
2.4
1.55
2.6
1.9
3.4
4.5
1.222
1.333
1.93
2.72
1.51
1.74
2.2
3.3
3.2
2.35
1.615
1.363
1.35
2.34
1.66
1.85
2.04
2.78
3.1
2.78
1.46
1.39
1.46
1.94
1.94
1.55
2.6
2.78
3.1
2.78
1.46
1.39
1.46
1.94
1.94
1.63
2.4
2.26
3.2
3.5
1.32
1.363
1.66
1.6
2.46
1.533
2.64
11
5.1
1.35
3.3
1.181
1.05
1.85
2.08
2.08
1.85
1.4
4.7
10
1.06
1.21
3.05
2.22
1.75
2.08
1.85
3.1
3.2
2.55
1.54
1.37
1.39
2.16
1.79
1.63
2.45
1.64
3.7
6.8
1.125
1.3
2.32
2.15
1.8
1.88
2.04
1.64
3.9
6.2
1.133
1.27
2.32
2.14
1.81
2.16
1.79
2.9
3.1
2.78
1.47
1.39
1.444
2
1.92
1.727
2.26
1.74
3.5
6
1.143
1.32
2.14
2.35
1.68
1.75
2.22
2.1
3.5
3.55
1.31
1.32
1.76
1.54
2.62
1.94
1.94
3.3
3.4
2.25
1.666
1.333
1.35
2.4
1.63
1.94
1.94
3.5
3.45
2.15
1.727
1.333
1.32
2.54
1.571
2
1.88
3.15
3.35
2.35
1.615
1.34
1.38
2.28
1.69
1.9
1.98
2
3.45
3.95
1.26
1.333
1.833
1.46
2.88
1.96
1.92
3.35
3.45
2.2
1.69
1.333
1.34
2.44
1.61
2.04
1.85
7.5
4.35
1.52
2.6
1.23
1.1
1.58
2.62
1.97
1.97
1.27
5.8
17
1.017
1.153
3.95
1.9
2.04
2.1
1.85
1.24
6.8
15
1.025
1.125
4.25
1.833
2.12
2.25
1.75
2.65
3.25
2.98
1.42
1.363
1.51
1.87
2.08
1.92
2.02
3.95
3.45
2.1
1.77
1.333
1.27
2.84
1.51
1.78
2.2
2.55
3.45
2.96
1.42
1.333
1.55
1.81
2.16
1.96
1.98
1.99
3.55
4.25
1.24
1.32
1.88
1.444
3.1
1.87
2.08
1.92
3.35
4.95
1.19
1.35
1.92
2.75
1.533
1.8
2.18
1.6
4.1
6.6
1.125
1.26
2.4
2.08
1.87
1.7
2.34
4.6
3.6
1.9
1.94
1.31
1.21
1.56
2.68
1.92
2.02
1.68
3.7
6.5
1.125
1.3
2.24
2.24
1.76
1.85
2.1
1.9
3.5
4.8
1.2
1.32
1.94
2.68
1.56
1.85
2.1
3.65
3.3
2.25
1.68
1.35
1.3
2.58
1.59
2.04
1.9
8.8
4.6
1.45
2.84
1.21
1.08
2.22
1.77
2.02
1.92
3.45
3.3
2.35
1.63
1.35
1.333
2.42
1.66
1.87
2.08
1.38
5.2
9.7
1.065
1.181
3.15
2.18
1.8
1.9
2.04
2.22
3.45
3.55
1.32
1.333
1.69
1.6
2.56
1.9
2.04
2.3
3.45
3.4
1.34
1.333
1.65
1.65
2.44
1.8
2.18
1.71
3.65
6.2
1.133
1.3
2.18
2.36
1.69
1.87
2.08
2.52
3.4
3.05
1.4
1.34
1.55
1.8
2.18
1.94
2
5.6
3.95
1.7
2.2
1.27
1.166
1.74
2.26
1.833
2.12
2.42
3.35
3.25
1.363
1.35
1.59
1.74
2.26
1.81
2.16
2.12
3.6
3.7
1.3
1.31
1.75
1.58
2.62
1.97
1.97
2.5
3.2
3.05
1.4
1.363
1.55
1.77
2.15
1.75
2.18
2.4
3.2
3.2
1.363
1.363
1.59
1.7
2.25
1.5
2.75
3.65
3.3
2.15
1.727
1.35
1.3
2.58
1.55
1.75
2.18
1.7
3.4
6.3
1.133
1.333
2.18
2.3
1.68
1.6
2.46
1.75
3.4
5.7
1.153
1.333
2.12
2.4
1.63
1.6
2.46
5.7
3.4
1.75
2.12
1.333
1.153
1.63
2.4
1.6
2.46
1.55
3.85
7.3
1.1
1.285
2.5
2
1.88
1.65
2.35
2.3
3.2
3.4
1.333
1.363
1.64
1.63
2.4
1.5
2.75
1.75
3.4
5.7
1.153
1.333
2.12
2.4
1.63
1.6
2.46
1.9
3.6
4.2
1.24
1.3
1.93
2.72
1.51
1.6
2.46
1.65
3.9
5.6
1.153
1.27
2.28
2.22
1.727
1.533
2.64
3.1
3.3
2.4
1.59
1.35
1.39
2.22
1.72
1.65
2.35
1.25
6.5
12
1.04
1.125
4.1
1.82
2.08
1.68
2.3
1.6
4
6
1.143
1.26
2.38
2.1
1.8
1.6
2.46
2.6
3.3
2.82
1.45
1.35
1.51
1.86
2.02
1.55
2.6
2.7
3.2
2.78
1.46
1.363
1.48
1.91
1.97
1.6
2.46
2
3.4
4.05
1.25
1.333
1.833
2.92
1.45
1.6
2.46
2.25
3.3
3.4
1.333
1.35
1.666
1.61
2.44
1.65
2.35
2.3
3.5
2.95
1.38
1.285
1.59
1.7
2.18
2.1
1.75
2
3.65
3.5
1.285
1.27
1.78
1.5
2.625
2.26
1.65
2.5
3.65
2.6
1.48
1.27
1.51
1.85
1.97
3
1.4
2.3
3.5
2.95
1.38
1.285
1.59
1.7
2.18
2.1
1.75
2.25
3.65
2.95
1.38
1.27
1.615
1.69
2.2
2.26
1.65
2
3.35
3.85
1.25
1.31
1.78
1.45
2.8
1.86
1.96
11
5.6
1.27
3.65
1.133
1.03
2.04
1.8
2.15
1.72
4.2
3.4
1.9
1.87
1.3
1.222
3.05
1.39
1.86
1.96
1.7
3.7
5
1.166
1.27
2.12
2.18
1.7
1.91
1.91
1.52
4.2
6.2
1.111
1.222
2.48
1.92
1.9
1.86
1.96
3.05
3.1
2.45
1.533
1.35
1.363
2.15
1.72
1.75
2.1
1.4
4.8
7.4
1.08
1.181
2.88
2.15
1.72
2.04
1.8
2.25
3.2
3.3
1.32
1.333
1.615
1.61
2.35
1.8
2.04
6.5
4.1
1.51
2.5
1.222
1.1
1.94
1.88
2.18
1.7
3.9
3.6
1.909
1.86
1.285
1.24
1.49
2.66
2.18
1.7
2.02
3.5
4.25
1.26
1.34
1.87
1.45
3.1
1.58
2.62
3.75
3.4
2.15
1.77
1.363
1.31
2.7
1.55
1.78
2.2
3.3
3.3
2.44
1.61
1.37
1.37
2.32
1.71
1.69
2.36
1.76
3.8
5.4
1.181
1.3
2.16
2.38
1.68
1.85
2.1
11
5.5
1.3
3.65
1.166
1.05
1.94
1.94
2.1
1.8
1.2
7.3
14
1.027
1.1
4.75
1.94
1.94
2.54
1.571
1.8
3.6
5.1
1.19
1.32
2.08
2.42
1.65
2.66
1.55
2.9
3.4
2.55
1.55
1.35
1.444
2.1
1.84
2.98
1.46
4.05
3.5
1.96
1.87
1.32
1.25
1.49
2.78
2.35
1.65
1.37
5
9
1.07
1.181
3.2
2.12
1.79
2.6
1.55
2.42
3.4
3
1.41
1.333
1.58
1.75
2.18
2.46
1.6
1.222
6.5
14
1.027
1.125
4.4
2.2
1.74
2.82
1.48
2.5
3.4
2.875
1.444
1.333
1.55
1.81
2.1
2.375
1.64
3.05
3.45
2.36
1.61
1.333
1.4
2.22
1.72
2.24
1.71
2.45
3.1
3.05
1.363
1.35
1.533
1.72
2.15
1.571
2.44
1.533
4
6.4
1.111
1.23
2.44
1.96
1.86
1.69
2.2
1.952
3.25
4.2
1.222
1.333
1.82
2.82
1.444
1.533
2.54
1.363
4.8
8.6
1.06
1.181
3.05
1.63
2.32
1.8
2.04
2.55
3.25
2.8
1.42
1.333
1.49
1.82
2.02
1.8
2.04
2.25
3.2
3.3
1.32
1.333
1.615
1.61
2.35
1.571
2.44
1.85
3.4
4.45
1.2
1.3
1.92
2.6
1.51
1.571
2.44
1.833
3.5
4.4
1.2
1.285
1.94
2.56
1.52
1.571
2.44
2.35
3.55
3.1
1.4
1.333
1.64
1.72
2.28
2.52
1.6
1.952
3.6
4.15
1.26
1.32
1.909
1.444
3.05
2.42
1.65
4.15
3.85
1.85
1.98
1.285
1.25
3.15
1.4
2.6
1.55
2.55
3.55
2.72
1.48
1.31
1.533
1.88
2
2.46
1.6
2.1
3.55
3.5
1.32
1.31
1.76
1.55
2.6
2.35
1.65
8.8
5
1.37
3.2
1.181
1.075
1.77
2.15
2.22
1.72
2.4
3.3
3.1
1.39
1.35
1.59
1.72
2.22
1.9
1.98
2.6
3.2
2.9
1.43
1.363
1.51
1.84
2.05
1.86
2.02
1.87
3.5
4.5
1.222
1.32
1.96
1.37
3.3
1.77
2.14
4.5
3.8
1.8
2.04
1.285
1.222
3.35
1.363
1.96
1.92
1.3
5.5
11
1.05
1.166
3.65
1.94
1.94
2.1
1.8
2.7
3.3
2.6
1.48
1.32
1.444
1.952
1.87
1.84
1.98
2.7
3.3
2.6
1.48
1.32
1.444
1.952
1.87
1.91
1.91
1.96
3.5
3.8
1.25
1.285
1.81
1.45
2.8
1.91
1.91
1.153
7.5
17
1.001
1.075
5.1
1.833
1.99
1.72
2.14
1.99
3.4
3.8
1.25
1.3
1.79
1.45
2.8
2.02
1.81
2.35
3.35
3.3
1.35
1.35
1.63
1.68
2.35
1.75
2.22
2
3.45
4.25
1.24
1.333
1.85
2.9
1.48
1.72
2.28
2.36
3.5
3.15
1.38
1.32
1.615
1.71
2.3
2.05
1.88
1.666
3.7
6.4
1.133
1.3
2.26
2.2
1.77
2.2
1.77
3.1
3.4
2.35
1.615
1.333
1.39
2.25
1.7
1.94
1.94
3.3
3.4
2.24
1.666
1.333
1.35
2.4
1.63
1.92
1.96
1.39
4.8
8.7
1.075
1.2
3.1
2.22
1.72
2.16
1.76
1.46
4.5
7.4
1.1
1.222
2.78
1.79
2.12
2.1
1.8
2.4
3.3
3.1
1.39
1.35
1.59
1.72
2.22
1.8
2.1
2
3.5
3.9
1.27
1.32
1.833
1.47
2.84
1.84
2.05
2.7
3.3
2.7
1.48
1.35
1.48
1.94
1.94
2
1.88
3.5
3.5
2.12
1.74
1.32
1.32
2.56
1.56
2.02
1.86
1.77
3.6
4.65
1.181
1.285
2.02
2.66
1.49
1.84
1.99
1.46
4.4
6.8
1.095
1.2
2.66
1.8
2.04
2.08
1.76
2
3.125
4.2
1.222
1.35
1.78
2.875
1.43
1.71
2.16
2.45
3.2
2.96
1.38
1.333
1.533
1.74
2.12
1.84
1.99
2.58
2.85
3.125
1.35
1.41
1.48
1.74
2.12
1.7
2.18
1.98
3.3
4
1.23
1.32
1.8
2.875
1.43
1.8
2.04
1.92
3.15
4.55
1.19
1.34
1.85
2.72
1.47
1.61
2.35
1.74
4
4.3
1.21
1.23
2.05
2.375
1.6
1.8
2.04
1.7
3.9
4.7
1.181
1.24
2.12
2.28
1.64
1.85
1.97
2.35
3.3
3.3
1.363
1.363
1.64
1.68
2.35
1.75
2.22
1.47
4.4
8
1.095
1.24
2.8
1.833
2.1
1.63
2.45
6
3.7
1.68
2.26
1.31
1.153
1.75
2.22
2.08
1.85
5.1
3.5
1.82
2.05
1.333
1.19
3.7
1.333
2.18
1.78
6
3.7
1.68
2.26
1.31
1.153
1.74
2.24
1.96
1.96
2.88
3.2
2.68
1.51
1.38
1.45
2.04
1.88
1.63
2.45
10
4.6
1.4
3.1
1.222
1.07
1.75
2.22
2.08
1.85
2.5
3.2
2.625
1.4
1.285
1.444
1.82
1.92
1.65
2.16
1.4
4.6
6.2
1.07
1.143
2.62
1.727
2.04
1.75
2
2.5
3.2
2.625
1.4
1.285
1.444
1.82
1.92
1.65
2.16
1.5
4.1
6.8
1.095
1.222
2.54
1.88
1.94
2.15
1.72
3.4
3.4
2.12
1.69
1.3
1.3
2.48
1.55
1.92
1.9
1.65
3.75
5.4
1.143
1.26
2.2
2.16
1.71
2.04
1.8
1.5
4.1
6.8
1.095
1.222
2.54
1.88
1.94
1.87
1.952
1.4
4.5
8.2
1.065
1.19
2.88
1.69
2.2
1.89
1.93
2.2
3.25
3.4
1.3
1.333
1.65
1.571
2.44
1.72
2.15
2.4
3.25
3
1.37
1.333
1.55
1.72
2.15
2.04
1.8
1.7
3.7
5
1.166
1.27
2.12
2.28
1.64
1.833
1.99
4.9
4.2
1.666
2.25
1.24
1.19
1.76
2.16
3.15
1.4
2.45
3.5
2.875
1.444
1.32
1.571
1.8
2.1
2.32
1.666
1.4
4.8
8.4
1.08
1.2
3.05
1.133
6.7
2.54
1.571
1.444
4.5
7.9
1.09
1.222
2.84
1.75
2.18
2.6
1.55
2.7
3.25
2.96
1.444
1.38
1.51
1.88
2.08
1.8
2.18
2.58
3.15
3.25
1.38
1.4
1.55
1.77
2.22
1.65
2.44
1.833
3.6
5.2
1.19
1.333
2.06
1.333
3.75
1.7
2.34
2.2
3.35
3.8
1.3
1.363
1.77
1.54
2.74
1.68
2.38
4.35
3.5
2
1.88
1.34
1.25
3.1
1.444
1.78
2.2
2.7
3.2
3
1.43
1.39
1.51
1.87
2.08
1.68
2.38
2.35
3.25
3.55
1.333
1.38
1.65
1.64
2.46
1.666
2.4
2.35
3.15
3.65
1.32
1.4
1.65
1.615
2.52
1.63
2.48
3.1
3.35
2.55
1.571
1.363
1.41
2.2
1.79
1.8
2.18
1.25
6.3
15
1.036
1.153
4.333
1.85
2.1
2.25
1.75
1.285
6.2
13
1.05
1.153
3.95
1.75
2.25
2.1
1.85
3.2
3.2
2.5
1.58
1.39
1.39
2.25
1.75
1.7
2.34
3.5
3.3
2.34
1.66
1.37
1.34
2.46
1.64
1.7
2.34
1.9
3.3
5.1
1.2
1.37
1.98
2.74
1.54
1.7
2.34
2.3
3.2
3.6
1.333
1.39
1.68
1.615
2.52
1.75
2.25
1.66
4
6.2
1.153
1.285
2.34
2.2
1.79
1.8
2.18
2.2
3.2
3.85
1.3
1.39
1.74
1.55
2.7
1.65
2.44
1.45
4.45
9
1.085
1.24
2.92
1.78
2.2
1.85
2.1
2.12
3.35
4.1
1.27
1.363
1.79
1.49
2.9
1.8
2.18
2.9
3.2
2.8
1.48
1.39
1.46
2
1.94
1.65
2.44
7.8
4.55
1.5
2.75
1.23
1.111
2.1
1.85
1.9
2.04
1.55
4.2
7.5
1.125
1.26
2.6
1.96
1.98
1.9
2.04
2.1
3.35
4.15
1.27
1.363
1.8
1.48
2.95
1.75
2.25
0
0
0
1.333
1.38
1.65
1.64
2.46
1.65
2.44
2.65
3.2
3.1
1.41
1.39
1.533
1.833
2.12
1.7
2.34
2.1
3.25
4.333
1.25
1.38
1.8
3.1
1.444
1.7
2.34
1.666
3.65
7.1
1.125
1.32
2.32
2.2
1.78
1.7
2.34
2.3
3.3
3.6
1.333
1.37
1.68
1.615
2.52
1.75
2.25
8.3
4
1.55
2.6
1.285
1.1
1.97
1.97
1.8
2.18
2.22
3.35
3.55
1.333
1.363
1.71
1.59
2.55
1.68
2.35
2.64
3.15
2.98
1.43
1.39
1.52
1.85
2.08
1.727
2.26
9.6
4.9
1.333
3.2
1.166
1.045
1.79
2.05
2.25
1.66
1.51
4.1
6.5
1.1
1.222
2.5
1.8
2.04
1.91
1.91
4.5
3.6
1.79
1.99
1.285
1.19
1.56
2.46
1.9
1.92
2.6
3.25
2.74
1.444
1.333
1.48
1.86
1.96
1.77
2.08
2.1
3.25
3.65
1.27
1.333
1.71
1.5
2.625
1.75
2.1
1.9
3.5
4.05
1.23
1.285
1.87
2.7
1.48
2.1
1.75
1.4
4.4
8.6
1.06
1.2
2.88
1.69
2.2
1.92
1.9
3.05
3.2
2.4
1.55
1.333
1.363
2.16
1.71
2.1
1.75
1.45
4.2
7.7
1.075
1.222
2.68
1.78
2.06
2.04
1.8
1.65
3.7
5.5
1.143
1.27
2.2
2.16
1.71
2.04
1.8
1.55
4
6.1
1.125
1.23
2.4
1.99
1.833
1.75
2.1
1.58
3.85
6
1.125
1.25
2.34
2.05
1.79
1.91
1.91
2.04
3.35
3.7
1.27
1.31
1.75
2.96
1.41
1.833
2
2.16
3.3
3.4
1.3
1.32
1.666
1.56
2.46
1.833
2
1.59
3.9
5.8
1.125
1.24
2.32
2.06
1.78
1.91
1.91
2.05
3.3
3.75
1.26
1.32
1.74
1.48
2.7
1.833
2
1.666
3.75
5.2
1.153
1.26
2.16
2.2
1.69
1.85
1.97
1.51
4.1
6.5
1.1
1.222
2.5
1.91
1.91
1.8
2.04
1.4
4.55
8.1
1.065
1.19
2.88
1.68
2.22
2.18
1.7
2.1
3.3
3.95
1.285
1.363
1.78
1.5
2.82
1.96
1.96
3
3.2
2.6
1.533
1.38
1.42
2.1
1.833
1.85
2.08
1.45
4.9
7.3
1.111
1.2
2.88
2.38
1.666
2.15
1.8
2.62
3.25
2.92
1.444
1.37
1.533
1.86
2.08
1.9
2.02
1.615
3.95
6.3
1.143
1.285
2.4
2.08
1.85
2.08
1.85
3.05
3.4
2.45
1.59
1.35
1.41
2.2
1.77
2.08
1.85
3.55
3.3
2.25
1.69
1.363
1.333
2.52
1.6
2.02
1.9
2.7
3.3
2.72
1.48
1.35
1.48
1.93
1.952
1.9
1.98
2.8
3.3
2.625
1.51
1.35
1.45
2
1.88
1.85
2.04
1.79
3.5
5.1
1.181
1.32
2.06
2.46
1.6
1.98
1.9
2.08
3.35
3.8
1.285
1.34
1.77
1.5
2.75
2
1.88
2.25
3.25
3.45
1.333
1.363
1.666
1.6
2.46
1.89
1.99
1.952
3.3
4.4
1.222
1.35
1.88
1.4
3.15
2.1
1.8
5.7
3.6
1.7
2.18
1.3
1.153
1.7
2.26
2.46
1.6
1.65
3.7
6
1.143
1.3
2.28
2.15
1.77
2.75
1.5
5.1
3.9
1.74
2.14
1.27
1.181
1.7
2.32
2.45
1.63
3
3.3
2.56
1.533
1.35
1.41
2.12
1.82
1.71
2.3
4.1
3.6
1.98
1.86
1.31
1.26
3.05
1.444
1.88
2.04
2.4
3.5
3.1
1.39
1.32
1.6
1.74
2.24
2.08
1.85
2.06
3.5
3.9
1.27
1.32
1.8
1.5
2.82
2.02
1.9
2.5
3.4
2.875
1.444
1.333
1.55
1.81
2.1
2.26
1.7
3.5
3.6
2.1
1.76
1.3
1.32
2.6
1.55
2.26
1.7
2
3.55
3.85
1.285
1.31
1.833
2.85
1.47
2.1
1.8
1.96
3.6
3.95
1.26
1.3
1.87
2.75
1.5
2.6
1.55
2.3
3.3
3.3
1.35
1.35
1.64
1.65
2.35
2.46
1.6
2.12
3.6
3.6
1.31
1.31
1.75
1.56
2.64
2.32
1.7
1.5
4.7
6.8
1.125
1.21
2.66
1.8
2.16
2.42
1.65
2.3
3.6
3.2
1.37
1.31
1.65
1.68
2.35
2.22
1.75
1.571
4.3
6.4
1.133
1.24
2.46
1.93
2
2.42
1.65
1.34
5.6
9.9
1.065
1.166
3.4
1.909
2.02
2.9
1.48
2.2
3.5
3.5
1.32
1.32
1.7
1.6
2.52
2.35
1.68
2.1
3.7
3.6
1.31
1.3
1.77
1.55
2.66
2.12
1.82
2.45
3.7
2.88
1.444
1.3
1.58
1.81
2.14
2.52
1.6
2.3
3.2
3.4
1.333
1.363
1.64
1.63
2.4
2.6
1.55
4.35
3.5
1.9
1.93
1.32
1.23
1.533
2.64
2.46
1.6
2.2
3.3
3.5
1.32
1.35
1.69
1.58
2.52
2.46
1.6
1.8
3.7
4.65
1.21
1.3
2.04
2.42
1.615
2.92
1.45
4
3.5
1.98
1.85
1.32
1.26
2.92
1.45
2.35
1.65
1.4
4.4
10
1.06
1.222
3.05
2.2
1.74
2.88
1.46
1.8
3.7
4.65
1.21
1.3
2.04
2.42
1.615
2.62
1.54
6.3
4
1.58
2.42
1.26
1.133
1.87
2.02
2.6
1.55
1.8
3.8
4.85
1.2
1.285
2.06
2.46
1.63
2
1.92
1.363
5.3
9.7
1.065
1.181
3.25
2.08
1.85
2.42
1.65
2.625
3.45
2.82
1.46
1.333
1.51
1.89
2.04
1.96
1.96
3.65
3.45
2.16
1.727
1.333
1.3
2.64
1.56
1.82
2.12
1.81
3.7
4.95
1.19
1.3
2.04
2.5
1.615
1.82
2.12
1.88
3.6
4.65
1.21
1.31
1.96
2.64
1.56
1.727
2.26
5.9
4.5
1.5
2.54
1.19
1.125
1.96
1.86
2.34
1.615
1.181
7.5
13
1.016
1.075
4.65
1.99
1.84
2.5
1.55
1.55
4.333
5.5
1.143
1.21
2.4
1.96
1.86
2.24
1.666
2.75
3.6
2.4
1.55
1.285
1.43
2.05
1.79
2.82
1.444
2.375
3.45
2.875
1.4
1.3
1.56
1.74
2.12
2.8
1.45
2.1
3.7
3.2
1.333
1.27
1.71
3.05
1.39
2.24
1.666
3.15
3.6
2.15
1.68
1.285
1.34
2.35
1.61
1.91
1.91
1.571
4.333
5.2
1.153
1.21
2.35
1.99
1.84
3.2
1.363
1.5
4.5
5.9
1.125
1.19
2.54
1.86
1.96
2.44
1.571
4.55
4.2
1.666
2.16
1.222
1.19
1.69
2.2
2.26
1.65
1.85
3.75
4
1.23
1.26
1.92
1.4
3
2.625
1.5
4.333
3.9
1.75
2.04
1.24
1.21
1.615
2.34
2.54
1.533
1.363
4.9
8.3
1.065
1.166
3.05
2.1
1.75
2.8
1.45
4.55
4
1.7
2.12
1.23
1.19
1.666
2.24
2.8
1.45
6.6
4.6
1.45
2.68
1.181
1.1
2.08
1.77
2.52
1.54
2.68
3.2
2.68
1.45
1.333
1.45
1.91
1.91
1.72
2.15
1.37
4.9
8
1.07
1.166
3
2.2
1.69
1.86
1.96
2.55
3.2
2.82
1.41
1.333
1.49
1.82
2.02
1.65
2.26
2.2
3.3
3.35
1.31
1.32
1.65
1.58
2.42
1.96
1.86
2.05
3.2
3.9
1.24
1.333
1.74
1.46
2.76
1.87
1.952
1.8
3.4
4.8
1.181
1.3
1.98
2.56
1.52
1.85
1.97
11
5.6
1.27
3.65
1.133
1.03
1.99
1.833
2.48
1.55
1.153
7.5
17
0
1.075
5.1
1.78
2.06
2.72
1.47
1.1
10
20
0
1.04
6.6
1.97
1.85
2.52
1.54
20
10
1.1
6.6
1.04
0
1.833
1.99
3
1.4
1.1
10
20
0
1.04
6.6
1.96
1.86
1.96
1.86
2.55
3
3
1.37
1.37
1.49
1.77
2.08
1.58
2.42
2.65
3
2.88
1.4
1.37
1.46
1.833
1.99
1.55
2.48
2.1
3.05
3.95
1.24
1.363
1.71
1.46
2.76
1.55
2.48
2.42
3
3.2
1.333
1.37
1.54
1.68
2.22
1.6
2.375
2.625
3
2.9
1.4
1.37
1.47
1.82
2.02
1.55
2.48
2.76
3
2.76
1.43
1.37
1.43
1.91
1.91
1.55
2.48
4
3.75
1.9
1.93
1.285
1.26
1.52
2.68
1.88
2
2.22
3.4
3.35
1.34
1.333
1.68
1.615
2.42
1.833
2.06
1.222
7.1
12
1.04
1.111
4.4
2.14
1.78
2.75
1.5
2.36
3.4
3.1
1.39
1.333
1.61
1.71
2.24
1.8
2.1
2.58
3.3
2.85
1.444
1.35
1.52
1.85
2.04
1.85
2.04
2.875
3.4
2.5
1.55
1.333
1.444
2.1
1.81
2.05
1.84
1.363
5
9.2
1.07
1.181
3.2
2.12
1.79
2.22
1.72
1.9
3.7
4.1
1.25
1.3
1.93
2.68
1.52
1.88
2
1.9
3.65
4.15
1.25
1.3
1.93
2.68
1.52
2
1.88
2.18
3.3
3.55
1.31
1.35
1.71
1.571
2.54
1.74
2.2
2.3
3.3
3.3
1.35
1.35
1.64
1.65
2.35
2.04
1.85
2.06
3.75
3.8
1.3
1.31
1.833
1.52
2.8
2.3
1.72
1.005
26
41
0
0
15
1.91
1.91
1.91
1.91
5.3
4.3
1.571
2.35
1.21
1.143
1.92
1.909
2.48
1.55
1.3
5.5
9.3
1.05
1.143
3.4
1.78
2.08
3
1.4
6.6
4.6
1.45
2.68
1.181
1.1
2.25
1.66
2.8
1.45
2.1
3.6
3.3
1.32
1.285
1.71
1.56
2.46
2.375
1.6
1.85
3.8
3.95
1.24
1.25
1.92
2.4
1.59
3
1.4
3.25
4
2
1.78
1.23
1.333
2.52
1.54
2.48
1.55
1.65
4.3
4.55
1.19
1.21
2.2
2.14
1.727
2.625
1.5
1.3
5.5
9.3
1.05
1.143
3.4
1.93
1.89
2.8
1.45
2.2
4
2.82
1.41
1.23
1.65
1.7
2.18
3
1.4
7.3
4.333
1.45
2.68
1.21
1.08
2.1
1.75
2.625
1.5
1.42
4.9
6.7
1.095
1.166
2.8
1.7
2.18
2.625
1.5
1.08
8.4
21
0
1.023
5.9
1.87
1.87
4.25
1.2
2.35
3.4
2.68
1.38
1.25
1.49
1.75
2
2.36
1.55
19
7.6
1.1
5.3
1.036
0
2.12
1.68
4.25
1.2
1.9
3.7
3.35
1.25
1.21
1.75
1.47
2.56
2.82
1.4
