2.48
3.65
2.74
1.47
1.3
1.56
1.85
2.04
1.85
2.04
2.1
4
3.15
1.38
1.26
1.76
1.615
2.42
1.71
2.24
2.7
3.3
2.7
1.48
1.35
1.48
1.94
1.94
1.88
2
2.4
3.35
3.05
1.4
1.34
1.59
1.727
2.22
1.65
2.35
2.64
3.5
2.64
1.5
1.32
1.5
1.94
1.94
1.56
2.56
2.5
3
3.25
1.363
1.41
1.55
1.72
2.22
1.533
2.64
2.62
2.95
3.125
1.38
1.42
1.51
1.78
2.14
1.5
2.75
2.25
3.6
3.125
1.38
1.3
1.666
1.666
2.32
1.615
2.42
2.66
3.45
2.66
1.49
1.333
1.49
1.94
1.94
2.08
1.82
2.45
3.5
2.875
1.444
1.32
1.571
1.8
2.1
1.6
2.46
2.45
3
3.35
1.34
1.41
1.571
1.68
2.3
1.54
2.62
2.1
3.8
3.3
1.35
1.285
1.76
1.59
2.48
1.6
2.46
2.32
3.9
2.82
1.45
1.27
1.63
1.77
2.15
2.4
1.63
2.05
4.05
3.25
1.363
1.25
1.79
1.58
2.52
2.22
1.727
2.52
4.05
2.52
1.54
1.25
1.54
1.94
1.94
1.66
2.34
2.12
4
3.125
1.38
1.26
1.74
1.63
2.4
1.79
2.12
2.9
3.125
2.65
1.5
1.38
1.43
2.02
1.86
1.6
2.46
2.6
3.45
2.6
1.48
1.3
1.48
1.91
1.91
2.1
1.75
1.85
3.55
4.25
1.21
1.285
1.92
2.54
1.533
1.96
1.86
4.05
3.45
1.92
1.85
1.3
1.23
1.49
2.66
2.02
1.82
2.2
3.35
3.3
1.32
1.31
1.65
1.59
2.4
1.96
1.86
2.15
3.35
3.4
1.3
1.31
1.68
1.56
2.46
1.8
2.04
2.5
3.6
2.875
1.46
1.333
1.58
1.84
2.12
2.25
1.75
4
3.55
2.02
1.87
1.333
1.285
1.49
2.9
2.2
1.79
1.6
4.3
5.9
1.166
1.25
2.46
2.06
1.89
2.26
1.74
2.02
3.6
3.95
1.285
1.333
1.87
2.9
1.49
2.12
1.833
6.8
4.55
1.52
2.68
1.23
1.133
2.06
1.89
2.74
1.54
1.74
3.4
5.8
1.153
1.333
2.12
2.32
1.666
2.1
1.8
1.4
5.3
7.2
1.111
1.166
3.05
1.666
2.32
2.95
1.444
2.75
3.05
2.85
1.444
1.4
1.47
1.909
1.97
2.05
1.84
1.49
4.45
6.9
1.111
1.222
2.68
1.8
2.1
2.34
1.66
9.7
5.2
1.39
3.2
1.19
1.08
1.87
2.1
2.4
1.68
3.7
3.4
2.22
1.72
1.363
1.32
2.65
1.58
1.99
1.97
1.39
5.3
9.3
1.085
1.19
3.2
2.15
1.833
2.52
1.63
1.34
5.4
12
1.055
1.181
3.5
2.06
1.9
2.22
1.79
2.2
3.35
3.8
1.3
1.363
1.74
1.56
2.7
1.833
2.15
1.6
4.1
6.8
1.133
1.27
2.46
2.04
1.92
1.98
1.98
2.82
3.35
2.76
1.5
1.363
1.48
2
1.96
1.97
1.99
1.71
3.9
5.7
1.166
1.3
2.24
2.28
1.75
2.02
1.94
1.46
4.7
8.6
1.095
1.222
2.88
2.38
1.69
2.1
1.87
2.35
3.4
3.4
1.363
1.363
1.65
1.68
2.4
2.16
1.833
6
3.6
1.75
2.18
1.333
1.166
1.71
2.35
2.04
1.92
1.68
3.75
6.5
1.143
1.31
2.3
2.24
1.78
1.94
2.02
2.15
3.45
3.85
1.3
1.35
1.77
1.54
2.78
1.92
2.04
1.24
6.8
16
1.035
1.133
4.45
1.7
2.375
2.44
1.666
2.9
3.25
2.76
1.5
1.38
1.46
2.04
1.93
1.72
2.34
6.2
3.85
1.68
2.3
1.3
1.153
1.79
2.22
2.14
1.84
2.12
3.35
4.1
1.27
1.363
1.79
1.5
2.92
1.79
2.22
2.2
3.4
3.75
1.31
1.363
1.74
1.571
2.68
2.26
1.76
2.4
3.35
3.35
1.363
1.363
1.63
1.7
2.375
1.94
2.02
2.98
3.3
2.66
1.533
1.37
1.444
2.1
1.87
1.88
2.1
1.952
3.5
4.6
1.23
1.34
1.93
2.78
1.54
2.06
1.9
6.5
4.1
1.615
2.42
1.27
1.143
1.89
2.08
2.1
1.87
1.333
5.7
11
1.065
1.166
3.55
2
1.96
2.5
1.64
1.58
4.15
7.1
1.125
1.27
2.52
2.02
1.94
1.94
2.02
1.363
5.5
10
1.075
1.181
3.35
2.08
1.89
2.375
1.7
2.42
3.4
3.25
1.38
1.363
1.615
1.727
2.32
1.81
2.18
1.6
4.05
7
1.125
1.285
2.46
2.05
1.91
2.1
1.87
7.1
4.35
1.55
2.6
1.25
1.125
2
1.96
2.24
1.78
2.3
3.4
3.5
1.34
1.363
1.68
1.64
2.5
2.02
1.952
1.78
3.5
6
1.166
1.34
2.14
2.45
1.66
1.74
2.3
1.8
3.6
5.2
1.19
1.333
2.1
2.46
1.64
2.1
1.85
2.65
3.35
2.86
1.47
1.363
1.533
1.9
2.04
1.97
1.97
2.5
3.4
3
1.43
1.363
1.58
1.81
2.16
1.85
2.1
2.76
3.4
2.7
1.51
1.363
1.5
1.99
1.952
1.82
2.15
2.45
3.4
3.1
1.41
1.363
1.61
1.76
2.24
1.85
2.1
2.375
3.5
3.125
1.41
1.34
1.64
1.74
2.26
1.97
1.97
1.86
3.6
4.75
1.222
1.333
2.02
2.58
1.59
2.04
1.91
4.9
3.75
1.8
2.1
1.31
1.21
1.63
2.48
1.94
2
1.69
3.8
5.8
1.166
1.3
2.28
2.24
1.76
2.2
1.78
1.727
3.7
5.7
1.166
1.32
2.22
2.25
1.75
2.26
1.74
3.1
3.4
2.46
1.6
1.363
1.41
2.22
1.77
1.85
2.1
2.6
3.35
2.92
1.45
1.363
1.55
1.86
2.1
1.97
1.97
1.727
4
5.1
1.181
1.26
2.16
2.3
1.71
2.1
1.84
2.98
3.45
2.5
1.56
1.333
1.42
2.15
1.8
2.02
1.909
1.615
4.2
5.9
1.153
1.25
2.36
2.08
1.85
2.05
1.88
2.4
3.4
3.2
1.37
1.34
1.6
1.71
2.3
2.15
1.8
2.4
3.5
3.1
1.39
1.32
1.6
1.74
2.24
2.1
1.833
1.91
3.6
4.45
1.222
1.31
1.93
2.66
1.55
2.1
1.84
2.375
3.4
3.2
1.37
1.34
1.61
1.71
2.3
1.94
1.98
1.6
4.2
6.2
1.133
1.25
2.4
2.05
1.88
2.15
1.8
2.14
3.45
3.75
1.3
1.333
1.74
1.54
2.7
1.952
1.97
1.666
3.85
6
1.143
1.285
2.26
2.2
1.77
2.08
1.86
1.9
3.5
4.7
1.21
1.32
1.94
2.66
1.55
2.02
1.909
2.05
3.6
3.85
1.285
1.31
1.81
1.5
2.82
1.909
2.02
2.875
3.4
2.6
1.52
1.34
1.444
2.06
1.87
1.77
2.2
2.56
3.45
2.9
1.444
1.333
1.533
1.84
2.1
1.87
2.06
1.909
3.6
4.45
1.222
1.31
1.93
2.66
1.55
2.02
1.909
2.1
3.5
3.8
1.285
1.32
1.77
1.52
2.76
1.96
1.96
2.45
3.4
3.1
1.39
1.34
1.58
1.75
2.22
1.85
2.08
2.2
3.5
3.5
1.32
1.32
1.7
3.25
1.4
1.97
1.952
1.9
3.6
4.5
1.222
1.31
1.94
2.66
1.55
1.96
1.96
1.9
3.65
4.45
1.222
1.3
1.94
2.66
1.55
1.96
1.96
2
3.5
4.15
1.25
1.32
1.85
2.86
1.49
1.89
2.04
2.2
3.5
3.5
1.32
1.32
1.7
1.6
2.52
1.93
1.99
2.25
3.5
3.4
1.34
1.32
1.68
1.63
2.46
1.98
1.94
1.666
4
5.7
1.153
1.26
2.26
2.22
1.76
1.93
1.99
1.7
3.8
4.8
1.181
1.25
2.12
2.26
1.65
2.44
1.571
1.615
4.2
4.95
1.166
1.222
2.26
2.1
1.75
2.34
1.615
2.4
3.6
2.75
1.43
1.285
1.55
1.79
2.05
2.15
1.72
1.8
3.75
4.25
1.21
1.26
1.98
2.46
1.56
2.24
1.666
2.15
3.6
3.15
1.34
1.285
1.68
1.61
2.35
2.54
1.533
2.2
3.6
3.05
1.363
1.285
1.65
1.64
2.28
2.26
1.65
3.3
3.6
2.1
1.71
1.285
1.32
2.46
1.56
2.82
1.444
3.4
3.6
2.05
1.74
1.285
1.3
2.54
1.533
3.2
1.363
2.55
3.5
2.625
1.47
1.285
1.49
1.88
1.94
2.15
1.72
2.4
3.6
2.75
1.43
1.285
1.55
1.79
2.05
1.99
1.833
2.4
3.75
2.66
1.46
1.26
1.55
1.82
2.02
2.1
1.75
2.2
3.75
2.96
1.38
1.26
1.65
1.666
2.24
2.48
1.55
1.833
3.7
4.1
1.222
1.27
1.94
2.54
1.533
2
1.833
4.8
4.25
1.63
2.24
1.21
1.181
1.74
2.12
2.5
1.55
2.3
3.6
2.9
1.4
1.285
1.59
1.71
2.16
2.04
1.8
1.65
3.7
6.7
1.133
1.32
2.35
2.24
1.76
1.59
2.6
2.2
3.15
3.95
1.285
1.4
1.74
1.533
2.75
1.533
2.75
2.92
3.1
2.78
1.49
1.41
1.45
2.02
1.92
1.52
2.8
2.35
3.1
3.6
1.333
1.41
1.65
1.63
2.48
1.54
2.74
2.12
3.25
4.05
1.285
1.38
1.79
1.5
2.875
1.571
2.65
2.2
3.15
3.95
1.285
1.4
1.74
1.533
2.75
1.56
2.68
1.59
3.8
7.5
1.125
1.3
2.48
2.08
1.88
1.615
2.52
1.89
3.4
4.95
1.21
1.363
1.99
2.74
1.54
1.59
2.6
1.86
3.25
5.5
1.181
1.38
2.02
1.32
3.9
1.55
2.7
2.26
3.05
3.9
1.3
1.42
1.7
1.56
2.68
1.56
2.68
2.08
3.15
4.1
1.25
1.38
1.77
1.46
2.88
1.55
2.6
1.9
3.15
4
1.181
1.285
1.75
2.74
1.42
1.8
1.94
1.5
4
5.7
1.085
1.181
2.32
1.9
1.84
2.08
1.7
1.45
4.75
8
1.111
1.222
2.92
1.75
2.25
2.34
1.7
3.85
3.6
2.05
1.84
1.333
1.3
2.84
1.51
2.08
1.88
2
3.75
3.85
1.3
1.31
1.88
1.5
2.875
1.97
1.97
1.72
3.9
5.3
1.19
1.3
2.22
2.3
1.727
2.34
1.7
3.3
3.6
2.25
1.7
1.333
1.37
2.42
1.66
1.97
1.97
2.25
3.6
3.4
1.363
1.333
1.7
1.64
2.46
2.18
1.8
2.15
3.6
3.55
1.333
1.333
1.77
1.58
2.62
2.3
1.72
1.52
4.5
6.9
1.133
1.24
2.68
1.89
2.06
2.46
1.64
4.25
3.5
1.75
1.909
1.23
1.166
1.52
2.42
1.65
2.16
1.91
3.4
3.65
1.222
1.25
1.74
2.74
1.42
1.87
1.87
2.14
3.45
3.3
1.32
1.3
1.68
1.571
2.44
1.87
1.952
2.1
3.3
3.6
1.285
1.32
1.71
1.51
2.6
1.52
2.56
2.5
3.25
2.85
1.41
1.333
1.51
1.79
2.05
1.833
1.99
2.28
3.3
3.15
1.34
1.32
1.6
1.65
2.26
2.04
1.8
1.952
3.4
4.55
1.23
1.363
1.93
2.8
1.52
1.84
2.12
1.34
5.4
10.5
1.07
1.181
3.5
2.04
1.91
2.44
1.65
2.85
3.25
2.72
1.51
1.38
1.47
2.02
1.92
1.7
2.34
2.14
3.4
3.8
1.3
1.363
1.77
1.54
2.74
1.9
2.04
2.15
3.5
3.65
1.32
1.34
1.77
3.25
1.41
1.64
2.46
2.66
3.25
2.92
1.45
1.38
1.533
1.88
2.08
1.78
2.2
2.5
3.4
3
1.43
1.363
1.58
1.81
2.16
1.96
1.98
2.78
3.25
2.8
1.48
1.38
1.49
1.96
1.98
1.7
2.34
3.05
3.3
2.55
1.571
1.37
1.42
2.16
1.81
1.72
2.3
1.9
3.6
4.5
1.24
1.333
1.98
2.68
1.56
1.833
2.12
2.42
3.3
3.1
1.39
1.35
1.58
1.727
2.22
1.88
2
1.9
3.6
4.2
1.24
1.3
1.93
2.72
1.51
1.86
2.02
1.8
3.65
4.7
1.2
1.3
2.04
2.48
1.59
1.9
1.98
1.66
4
5.8
1.166
1.285
2.34
2.16
1.81
2.34
1.7
1.133
10.5
21
1.017
1.07
6.7
1.97
1.97
2.04
1.9
1.55
4.35
6.6
1.143
1.25
2.6
1.96
1.98
2.44
1.65
2.4
3.5
3.1
1.41
1.34
1.63
1.75
2.25
2.52
1.615
1.54
4.45
6.6
1.143
1.24
2.62
1.94
2
2.3
1.72
3.9
3.85
1.96
1.92
1.3
1.3
1.52
2.8
2.42
1.66
1.76
3.95
4.9
1.21
1.285
2.16
2.36
1.69
2.44
1.65
2.64
3.4
2.84
1.47
1.363
1.533
1.9
2.04
2.12
1.833
2.14
3.6
3.55
1.333
1.333
1.77
1.58
2.62
2.26
1.74
1.38
4.9
10.5
1.07
1.21
3.25
2.12
1.84
2.56
1.6
7
4.2
1.55
2.6
1.26
1.125
1.98
1.96
2.44
1.65
2.45
3.5
3
1.43
1.34
1.61
1.79
2.2
2.42
1.66
2.7
3.5
2.7
1.51
1.34
1.51
1.97
1.97
2.3
1.72
2.4
3.5
3.1
1.41
1.34
1.63
1.75
2.25
2.2
1.78
13
5.3
1.32
3.65
1.19
1.05
2.02
1.93
1.97
1.97
2.3
3.6
3.2
1.39
1.333
1.68
1.69
2.36
2.24
1.76
2.1
3.6
3.7
1.32
1.333
1.8
1.54
2.74
2.1
1.85
2.1
3.65
3.65
1.32
1.32
1.8
3.1
1.45
2.44
1.65
1.55
4.45
6.4
1.143
1.24
2.6
1.96
1.98
2.34
1.7
1.133
10
23
1.013
1.075
6.7
2.08
1.87
1.97
1.97
1.55
4.35
6.6
1.143
1.25
2.6
1.96
1.98
2.52
1.615
4.95
3.95
1.75
2.18
1.285
1.21
1.7
2.34
2.34
1.7
2.5
3.5
2.94
1.45
1.34
1.58
1.82
2.15
2.56
1.6
1.7
4
5.3
1.19
1.285
2.26
2.25
1.75
2.38
1.68
1.6
4.2
6.2
1.153
1.26
2.46
2.06
1.89
2.25
1.75
2.5
3.45
2.98
1.444
1.35
1.58
1.81
2.16
2.1
1.85
2.7
3.4
2.76
1.5
1.363
1.51
1.952
1.99
2.1
1.85
4.333
3.65
1.92
1.96
1.32
1.25
1.55
2.7
1.952
1.99
1.65
4.1
5.7
1.166
1.27
2.35
2.16
1.81
2.05
1.9
1.8
3.7
5
1.21
1.32
2.1
2.46
1.64
2.1
1.85
1.952
3.6
4.25
1.26
1.333
1.93
2.8
1.52
1.99
1.952
1.6
4.2
6.2
1.153
1.26
2.46
2.06
1.89
2.05
1.9
2.65
3.55
2.72
1.51
1.333
1.533
1.94
2
1.99
1.952
2.55
3.6
2.82
1.48
1.333
1.571
1.88
2.08
1.94
2
1.6
4.3
5.9
1.166
1.25
2.46
2.08
1.88
2.18
1.8
3.5
3.65
2.15
1.77
1.32
1.34
2.58
1.59
2.08
1.87
5.1
4.85
1.45
2.46
1.125
1.111
1.97
1.78
1.7
2.08
2.25
3.45
3.45
1.35
1.35
1.7
1.63
2.48
1.91
2.04
2.72
3.45
2.72
1.51
1.35
1.51
1.97
1.97
2.04
1.9
1.9
3.6
4.5
1.24
1.333
1.98
1.4
3.35
2.25
1.75
4
3.45
2.1
1.8
1.35
1.285
2.875
1.5
2.04
1.9
2.98
3.45
2.5
1.58
1.35
1.444
2.16
1.81
2.08
1.88
2.15
3.55
3.6
1.333
1.333
1.77
1.571
2.64
2.18
1.8
4.333
3.7
1.85
1.98
1.3
1.23
3.25
1.38
2.75
1.5
2.84
3.55
2.45
1.571
1.31
1.444
2.1
1.81
2.46
1.6
4.9
3.75
1.75
2.12
1.285
1.19
3.65
1.32
2.52
1.58
2.45
3.55
2.84
1.444
1.31
1.571
1.81
2.1
2.35
1.65
3.5
3.55
2.1
1.76
1.31
1.32
2.6
1.55
2.52
1.58
1.65
3.8
5.8
1.153
1.285
2.28
2.16
1.76
2.42
1.615
2.4
3.6
2.5
1.444
1.222
1.47
1.833
1.909
2.05
1.72
1.58
3.6
5.5
1.095
1.222
2.16
2.05
1.72
2.28
1.58
1.82
3.4
4
1.181
1.25
1.833
2.54
1.48
1.98
1.77
2.3
3.55
2.65
1.39
1.23
1.51
1.75
2
2.14
1.66
2.1
3.4
3.45
1.3
1.3
1.71
1.533
2.54
2.04
1.8
2.1
3.4
3.45
1.3
1.3
1.71
1.533
2.54
2.04
1.8
3.05
3.4
2.3
1.59
1.3
1.363
2.22
1.68
2.04
1.8
1.153
7.5
11
0
1.036
4.35
1.63
2.2
2.54
1.48
2.18
3.45
3.6
1.333
1.35
1.75
1.58
2.62
1.94
2
1.65
3.85
6.3
1.153
1.3
2.35
2.18
1.8
1.9
2.04
1.86
4
4.2
1.26
1.285
2.02
2.56
1.6
1.68
2.38
1.98
3.55
4.2
1.26
1.333
1.9
1.45
3.1
1.8
2.18
2.4
3.35
3.2
1.39
1.363
1.63
1.727
2.3
1.72
2.3
1.48
4.65
7.4
1.125
1.23
2.82
1.82
2.14
2.18
1.8
2.12
3.5
3.75
1.31
1.34
1.79
1.54
2.74
2.1
1.85
1.61
4.1
6.2
1.153
1.27
2.44
2.08
1.87
2.25
1.75
1.285
6
13
1.05
1.166
3.95
1.86
2.1
2.44
1.65
2.86
3.35
2.65
1.533
1.363
1.47
2.04
1.9
1.9
2.04
2.44
3.4
3.1
1.41
1.363
1.61
1.74
2.26
1.85
2.1
15
7.1
1.222
4.7
1.125
1.036
2.3
1.72
3.25
1.41
1.363
5.3
9.7
1.08
1.19
3.35
2.12
1.84
2.62
1.58
2.8
3.35
2.7
1.51
1.363
1.48
2
1.94
1.9
2.04
2.05
3.3
4.25
1.26
1.37
1.84
1.46
3.05
1.8
2.18
1.25
6.5
14
1.04
1.143
4.333
2.12
1.833
2.2
1.78
1.58
4
7
1.125
1.285
2.52
2.02
1.92
2.1
1.85
6
3.85
1.666
2.32
1.3
1.166
1.78
2.2
1.87
2.08
1.615
3.95
6.5
1.143
1.285
2.42
2.1
1.85
2.25
1.75
1.8
3.7
5
1.21
1.32
2.1
2.48
1.63
1.92
2.02
1.125
10
26
1.008
1.075
7
1.99
1.952
2.3
1.72
1.71
3.65
6
1.166
1.32
2.24
2.3
1.72
2.02
1.92
2.25
3.4
3.5
1.34
1.363
1.7
1.615
2.52
1.833
2.12
11
6.4
1.285
3.95
1.143
1.065
2.1
1.85
2.95
1.48
1.46
4.6
8.1
1.1
1.23
2.88
1.78
2.2
2.2
1.78
2.98
3.4
2.52
1.58
1.363
1.444
2.16
1.81
1.87
2.08
1.43
4.75
8.6
1.095
1.222
3
2.3
1.72
2.3
1.72
1.952
3.5
4.4
1.25
1.34
1.93
2.8
1.52
1.7
2.34
1.9
3.6
4.5
1.24
1.333
1.98
2.68
1.56
1.9
2.04
3.6
3.4
2.2
1.74
1.363
1.333
2.58
1.59
1.8
2.18
1.77
3.6
5.3
1.181
1.32
2.12
1.31
3.9
1.79
2.16
2.9
3.3
2.6
1.533
1.363
1.444
2.08
1.85
1.68
2.35
2.4
3.3
3.2
1.38
1.363
1.615
1.71
2.3
1.88
2.04
2.02
3.5
4
1.27
1.333
1.85
1.47
2.94
2.08
1.85
1.86
3.5
4.8
1.21
1.333
2
1.363
3.5
1.727
2.26
2.6
3.2
2.98
1.43
1.38
1.533
1.833
2.1
1.727
2.26
2.3
3.3
3.4
1.35
1.363
1.66
1.64
2.44
1.727
2.26
2.02
3.5
4
1.27
1.333
1.85
1.47
2.94
1.78
2.18
1.96
3.6
4.1
1.26
1.32
1.9
1.444
3.05
1.727
2.26
2.26
3.5
3.3
1.363
1.333
1.68
1.65
2.42
2
1.92
2.08
3.4
3.9
1.285
1.35
1.8
1.5
2.82
1.68
2.35
2.42
3.2
3.35
1.363
1.39
1.615
1.7
2.34
1.72
2.3
1.42
4.6
9.6
1.08
1.23
3.05
2.3
1.727
2.22
1.77
1.35
5.4
10
1.075
1.181
3.45
2.08
1.87
2.25
1.75
2.08
3.3
4.15
1.27
1.37
1.82
1.48
2.95
1.8
2.18
1.85
3.65
4.75
1.222
1.32
2.04
2.58
1.59
1.92
2.02
3.95
3.55
2.04
1.85
1.333
1.285
2.9
1.49
1.85
2.1
3.3
3.3
2.38
1.64
1.37
1.37
2.36
1.69
1.952
1.99
3.85
3.4
2.12
1.79
1.363
1.3
2.75
1.533
2.1
1.85
1.21
7
18
1.025
1.125
4.9
2.15
1.82
2.38
1.68
1.84
3.65
5.1
1.2
1.32
2.05
2.54
1.61
1.85
2.1
3.9
3.3
2.15
1.77
1.37
1.3
2.75
1.533
1.85
2.1
2.06
3.3
4.2
1.26
1.37
1.833
3.05
1.46
1.89
2.06
2.34
3.4
3.3
1.37
1.363
1.66
1.68
2.38
1.81
2.16
2.02
3.45
4.15
1.27
1.35
1.87
1.46
3.05
1.9
2.04
2.64
3.2
3
1.43
1.39
1.533
1.85
2.1
1.833
2.12
1.92
3.7
4.25
1.26
1.32
1.96
2.7
1.55
2.02
1.92
2.92
3.35
2.6
1.55
1.363
1.45
2.1
1.86
1.92
2.02
2.7
3.4
2.76
1.5
1.363
1.51
1.952
1.99
2.05
1.9
1.26
6.6
13
1.05
1.143
4.2
1.727
2.3
2.3
1.72
1.3
6
11
1.065
1.166
3.8
1.87
2.08
2.3
1.72
5
3.7
1.8
2.1
1.32
1.21
1.63
2.48
1.97
1.97
2.06
3.5
3.95
1.285
1.34
1.833
1.5
2.875
2.04
1.9
1.27
6.1
14
1.04
1.153
4.1
1.82
2.15
2.34
1.7
2.56
3.2
3.1
1.41
1.39
1.56
1.8
2.18
1.85
2.1
2.1
3.5
3.8
1.3
1.34
1.8
1.533
2.75
2
1.94
1.7
3.9
5.5
1.181
1.3
2.26
2.25
1.75
2.1
1.85
1.98
3.55
4.2
1.26
1.333
1.9
1.45
3.1
1.85
2.1
2.76
3.3
2.76
1.5
1.37
1.5
1.97
1.97
2.04
1.9
4.5
3.6
1.9
1.98
1.333
1.24
3.35
1.4
2.1
1.85
2.06
3.5
3.95
1.285
1.34
1.833
1.5
2.875
1.85
2.1
2.65
3.05
3.1
1.4
1.41
1.52
1.82
2.12
1.74
2.24
2.3
3.15
3.6
1.32
1.39
1.66
1.61
2.5
1.74
2.24
2.55
3.05
3.2
1.38
1.41
1.55
1.76
2.22
1.81
2.14
2.3
3
3.8
1.3
1.42
1.66
1.571
2.6
1.7
2.32
2.05
3.3
4.15
1.26
1.363
1.82
1.46
2.98
1.75
2.22
1.87
3.4
4.95
1.2
1.35
1.99
2.64
1.56
1.87
2.06
2.2
3.1
3.95
1.285
1.4
1.72
1.52
2.76
1.75
2.22
2.22
3.2
3.75
1.3
1.38
1.71
1.56
2.64
1.82
2.12
3.7
3.15
2.25
1.69
1.39
1.31
2.58
1.58
1.9
2.02
2.35
3.15
3.45
1.34
1.39
1.64
1.65
2.42
1.82
2.12
2.38
3.15
3.4
1.35
1.39
1.63
1.666
2.38
1.74
2.24
2.25
3.2
3.65
1.31
1.38
1.69
1.58
2.58
1.8
2.15
3.95
3.3
2.1
1.78
1.363
1.285
2.82
1.5
1.94
1.98
2.9
3.2
2.5
1.51
1.333
1.4
2.06
1.78
1.94
1.88
2.2
3.3
3.35
1.31
1.32
1.65
1.58
2.42
1.76
2.08
2.3
3.2
3.2
1.333
1.333
1.59
1.64
2.28
1.7
2.18
4.15
3.6
1.85
1.92
1.285
1.222
1.51
2.6
1.8
2.04
2.85
3.25
2.5
1.51
1.333
1.41
2.05
1.79
1.9
1.92
1.61
4.15
6.1
1.153
1.27
2.44
2.08
1.87
1.78
2.2
4
3.7
1.98
1.9
1.32
1.285
2.98
1.47
2.1
1.85
5.4
3.7
1.75
2.18
1.32
1.181
1.72
2.3
1.9
2.04
1.55
4.2
7
1.125
1.26
2.6
1.97
1.97
2.12
1.84
1.727
3.9
5.2
1.19
1.3
2.22
2.32
1.71
2.1
1.85
1.444
4.7
8.3
1.1
1.222
2.95
1.75
2.25
2.34
1.7
1.48
4.75
7.2
1.125
1.222
2.82
1.82
2.14
2.1
1.85
1.88
3.6
4.65
1.23
1.333
2
1.38
3.45
1.9
2.04
4.1
3.55
2
1.88
1.333
1.27
2.98
1.47
2.02
1.92
1.78
3.75
5.1
1.2
1.31
2.14
2.44
1.65
1.85
2.1
1.78
3.7
5.2
1.19
1.32
2.14
1.32
3.9
2.18
1.8
9.8
5.5
1.35
3.45
1.181
1.075
1.88
2.08
2.1
1.85
1.55
4.2
7
1.125
1.26
2.6
1.97
1.97
2.18
1.8
2.04
3.4
4.15
1.27
1.363
1.85
1.47
2.98
1.74
2.26
1.39
5.1
9.1
1.085
1.2
3.2
2.18
1.8
2.2
1.78
3.95
3.6
2.02
1.87
1.333
1.285
2.9
1.49
1.85
2.1
1.75
3.85
5.1
1.2
1.3
2.18
2.36
1.69
2.1
1.85
4.8
3.55
1.87
2.02
1.333
1.222
1.58
2.62
1.97
1.97
1.5
4.7
6.8
1.133
1.222
2.75
1.72
2.3
2.48
1.63
1.51
4.45
7.2
1.125
1.24
2.72
1.89
2.06
1.97
1.97
3.45
3.45
2.24
1.71
1.35
1.35
2.48
1.63
1.85
2.1
1.333
5.6
10.5
1.07
1.181
3.55
2.04
1.9
2.25
1.75
2.24
3.5
3.4
1.363
1.34
1.71
1.63
2.48
1.85
2.1
2.2
3.5
3.5
1.34
1.34
1.74
1.6
2.56
2.18
1.8
4.05
3.6
2
1.88
1.333
1.285
1.49
2.92
2.08
1.88
1.3
5.4
12
1.04
1.166
3.65
1.93
1.952
2.18
1.75
3.3
3.4
2.25
1.666
1.333
1.35
2.4
1.63
2.1
1.8
1.55
3.9
7.1
1.111
1.27
2.5
1.99
1.89
1.8
2.1
1.5
4.2
7.3
1.1
1.24
2.64
1.88
2
1.94
1.94
2.72
3.3
2.72
1.48
1.35
1.48
1.94
1.94
1.8
2.1
1.4
4.6
9.1
1.07
1.21
3.05
1.69
2.28
1.9
1.98
2.82
3.3
2.6
1.51
1.35
1.45
2.02
1.86
1.75
2.18
7.3
4.2
1.5
2.64
1.24
1.1
2.02
1.87
2.26
1.7
2.5
3.6
2.96
1.444
1.333
1.58
1.82
2.15
2.48
1.63
11
5.2
1.35
3.45
1.19
1.065
1.9
2.04
2.15
1.82
3.05
3.3
2.6
1.55
1.37
1.42
2.15
1.82
1.9
2.05
6.2
4.25
1.59
2.48
1.26
1.153
1.82
2.14
2.12
1.833
1.65
4.15
5.6
1.181
1.27
2.35
2.16
1.81
1.92
2.02
2.48
3.45
3
1.43
1.35
1.59
1.8
2.18
1.85
2.1
3
3.5
2.46
1.6
1.34
1.43
2.2
1.79
2.04
1.9
3.6
3.45
2.18
1.75
1.35
1.333
2.62
1.58
2.12
1.833
5.4
4.15
1.666
2.32
1.27
1.181
1.78
2.2
2.12
1.833
8.8
4.7
1.43
3
1.222
1.09
2.3
1.72
2.44
1.65
1.06
18
36
0
1.025
14
2.75
1.533
2.32
1.71
1.85
3.9
4.35
1.25
1.3
2.04
1.4
3.35
2.3
1.727
1.75
3.8
5.2
1.19
1.3
2.18
2.36
1.69
2.16
1.81
1.4
4.95
9.1
1.085
1.21
3.15
2.2
1.78
2.44
1.65
1.5
4.5
7.3
1.125
1.24
2.75
1.87
2.08
2.22
1.77
1.54
4.5
6.5
1.143
1.24
2.62
1.93
2.02
2.7
1.55
5.5
4.3
1.55
2.4
1.21
1.143
1.86
1.96
2.42
1.58
1.58
4.1
5.5
1.143
1.222
2.34
1.99
1.833
2.92
1.42
2
3.65
3.5
1.285
1.27
1.78
1.5
2.625
2.625
1.5
1.3
5.5
9.3
1.05
1.143
3.4
1.93
1.89
2.54
1.533
2.4
3.6
2.5
1.444
1.222
1.47
1.833
1.909
2.04
1.727
1.333
5
7
1.05
1.125
2.88
2.06
1.71
2.65
1.444
1.333
5
7
1.05
1.125
2.88
2.06
1.71
2.48
1.5
11
6
1.2
3.8
1.075
0
2.1
1.68
2.82
1.4
1.571
4.333
4.45
1.153
1.153
2.18
2.02
1.74
2.82
1.4
1.333
5
7
1.05
1.125
2.88
2.06
1.71
2.82
1.4
4.6
2.82
2.06
1.74
1.41
1.181
3.1
1.38
1.45
2.8
3.55
2.8
2.38
1.56
1.42
1.285
2.4
1.59
1.43
2.875
2.4
3.3
3.2
1.38
1.363
1.615
1.71
2.3
1.97
1.952
2.95
3.25
2.6
1.533
1.37
1.43
2.1
1.84
1.94
1.98
1.75
3.6
5.5
1.181
1.32
2.15
2.38
1.666
1.98
1.94
2.4
3.3
3.2
1.38
1.363
1.615
1.71
2.3
1.85
2.08
1.46
4.4
8.4
1.09
1.24
2.85
1.79
2.16
2.15
1.8
3.2
3.3
2.4
1.615
1.363
1.38
2.3
1.71
2.02
1.9
2.26
3.4
3.4
1.35
1.35
1.68
1.63
2.46
1.952
1.97
2.78
3.3
2.72
1.5
1.363
1.48
1.98
1.94
1.92
2
1.96
3.5
4.25
1.25
1.333
1.9
1.43
3.125
1.9
2.02
2.65
3.2
2.94
1.444
1.38
1.52
1.86
2.08
1.9
2.02
2.45
3.3
3.125
1.4
1.363
1.59
1.75
2.22
1.85
2.08
1.65
4
4.2
1.166
1.181
2.04
2.2
1.63
2.28
1.58
1.68
4
4.05
1.181
1.181
1.99
2.25
1.6
2.28
1.58
9.1
5.1
1.27
3.25
1.111
1.014
1.85
1.89
1.76
1.99
3.6
3.7
2.1
1.8
1.32
1.333
1.46
3.05
1.75
2.25
7.1
4.6
1.5
2.75
1.23
1.125
2.12
1.84
2.7
1.55
2.4
3.7
2.95
1.444
1.32
1.63
1.79
2.2
2.38
1.68
1.98
3.8
3.9
1.3
1.3
1.9
1.48
2.95
2.7
1.55
1.2
7.5
17
1.03
1.125
5.1
2
1.94
2.08
1.87
4.85
4.333
1.7
2.26
1.25
1.21
1.76
2.24
2.7
1.55
2.45
3.6
2.94
1.45
1.333
1.61
1.81
2.16
2.75
1.533
1.333
5.9
9.5
1.08
1.166
3.55
1.97
1.97
3.1
1.45
1.75
4
4.9
1.21
1.285
2.18
2.32
1.71
2.875
1.5
3.85
3.7
1.96
1.87
1.3
1.285
1.5
2.75
2.6
1.55
1.88
3.85
4.25
1.26
1.3
2
1.42
3.2
2.12
1.833
2.7
3.4
2.76
1.5
1.363
1.51
1.952
1.99
2.3
1.72
2.44
3.4
3.1
1.41
1.363
1.61
1.76
2.24
2.1
1.85
2.2
3.55
3.45
1.35
1.333
1.74
1.615
2.52
2.24
1.76
1.81
3.9
4.85
1.21
1.3
2.1
2.46
1.64
2.12
1.833
2.24
3.5
3.4
1.363
1.34
1.71
1.63
2.48
2.3
1.72
1.78
4
4.7
1.222
1.285
2.14
2.4
1.666
2.4
1.666
1.38
5.4
8.6
1.095
1.181
3.25
2.12
1.833
2.68
1.56
2.74
3.25
2.6
1.48
1.333
1.444
1.96
1.86
1.92
1.9
2.12
3.4
3.4
1.3
1.3
1.69
1.55
2.48
1.85
1.97
1.8
3.6
4.45
1.2
1.285
1.98
2.46
1.56
2.04
1.8
1.7
3.65
5.1
1.153
1.27
2.12
2.28
1.64
1.85
1.97
1.4
4.45
8.4
1.06
1.2
2.88
1.68
2.22
2.15
1.72
2.4
3.2
3.05
1.363
1.333
1.55
1.71
2.16
1.6
2.375
1.9
3.5
4.05
1.23
1.285
1.87
1.4
3
1.75
2.1
4.45
3.6
1.8
1.98
1.285
1.2
3.3
1.34
1.8
2.04
2.95
2.94
2.84
1.46
1.444
1.43
2
1.92
1.8
2.15
2.66
3
3.1
1.4
1.42
1.51
1.82
2.12
1.9
2.02
2.98
2.98
2.78
1.48
1.43
1.43
2.04
1.89
2.02
1.9
2.02
3.4
4.15
1.26
1.35
1.85
1.46
2.98
1.9
2.02
2.56
3
3.25
1.37
1.42
1.55
1.75
2.22
1.85
2.08
1.85
3.6
4.7
1.222
1.32
2.02
2.46
1.63
1.75
2.22
1.9
3.4
4.75
1.21
1.35
1.96
1.37
3.45
1.9
2.02
3.1
2.94
2.72
1.5
1.444
1.4
2.1
1.84
1.8
2.15
2.55
3.1
3.05
1.4
1.39
1.533
1.78
2.14
1.55
2.6
2.6
3.1
2.98
1.41
1.39
1.51
1.82
2.08
1.666
2.32
2.3
3.2
3.4
1.333
1.363
1.64
1.63
2.4
1.666
2.32
2.9
3.2
2.6
1.51
1.363
1.43
2.05
1.84
1.7
2.26
2.25
3.2
3.5
1.32
1.363
1.666
1.59
2.48
1.571
2.54
1.8
3.5
5
1.181
1.32
2.04
2.52
1.58
1.85
2.04
3.05
3.2
2.5
1.55
1.363
1.4
2.16
1.76
1.75
2.18
1.952
3.45
4.15
1.25
1.333
1.88
2.82
1.48
1.65
2.35
2
3.4
4.05
1.25
1.333
1.833
2.95
1.444
1.571
2.54
1.45
4.45
9
1.085
1.24
2.92
1.77
2.22
2.02
1.92
2.46
3.15
3.3
1.37
1.4
1.6
1.72
2.3
1.65
2.44
1.93
3.45
4.6
1.23
1.35
1.952
2.75
1.533
1.85
2.1
2.46
3.15
3.3
1.37
1.4
1.6
1.72
2.3
1.85
2.1
1.3
6.2
10.5
1.07
1.153
3.8
1.9
2.04
2.56
1.6
1.71
3.95
5.3
1.19
1.285
2.24
2.26
1.74
2.18
1.8
2.78
3.3
2.76
1.5
1.37
1.49
1.98
1.96
1.89
2.06
2.25
3.25
3.65
1.32
1.38
1.7
1.59
2.58
1.85
2.1
2.3
3.4
3.2
1.363
1.333
1.64
1.666
2.32
1.78
2.14
2.35
3.35
3.15
1.38
1.34
1.615
1.69
2.28
1.72
2.22
2.78
3.45
2.55
1.533
1.333
1.46
2.02
1.86
1.98
1.9
2.55
3.4
2.82
1.45
1.333
1.533
1.85
2.04
1.75
2.18
2.45
3.25
3.05
1.4
1.363
1.571
1.75
2.18
1.72
2.22
3.75
3.35
2.2
1.7
1.35
1.3
2.62
1.58
1.87
2.08
2.1
3.35
4.05
1.26
1.35
1.77
1.5
2.875
1.77
2.22
1.55
4
8
1.09
1.26
2.52
1.96
1.98
1.9
2.04
2.54
3.3
3.1
1.39
1.35
1.54
1.79
2.2
1.75
2.25
1.55
4
8
1.09
1.26
2.52
1.96
1.98
2
1.94
2.88
3.3
2.7
1.49
1.35
1.444
2.04
1.9
1.77
2.22
11
5.3
1.35
3.3
1.181
1.05
1.89
2.06
2.2
1.78
1.9
3.55
4.7
1.21
1.32
1.94
2.68
1.56
1.85
2.1
2.1
3.45
3.95
1.27
1.333
1.77
1.51
2.84
1.9
2.04
4.25
3.95
1.88
1.96
1.27
1.24
3.2
1.42
1.8
2.18
1.3
5.5
14
1.03
1.166
3.65
1.952
1.99
2.25
1.75
1.25
6.5
15
1.025
1.125
4.15
1.77
2.22
2.34
1.7
2.58
3.35
3
1.41
1.35
1.533
1.833
2.12
1.99
1.952
4.55
3.4
1.97
1.87
1.34
1.222
3.15
1.43
1.952
1.99
2.42
3.45
3.15
1.38
1.333
1.59
1.74
2.26
2.16
1.81
1.75
3.55
6
1.143
1.32
2.12
2.38
1.68
1.833
2.12
1.85
3.6
4.95
1.19
1.31
2
2.58
1.59
1.7
2.34
4.6
3.6
1.9
1.94
1.31
1.21
1.56
2.68
1.92
2.02
1.72
3.55
6.4
1.133
1.32
2.18
2.3
1.72
1.85
2.1
1.9
3.5
4.8
1.2
1.32
1.94
2.68
1.56
1.85
2.1
3.65
3.3
2.25
1.68
1.35
1.3
2.58
1.59
2.04
1.9
7
4.3
1.55
2.52
1.24
1.111
1.98
1.96
2.02
1.92
3.45
3.3
2.35
1.63
1.35
1.333
2.42
1.66
1.87
2.08
1.55
4
8
1.09
1.26
2.52
1.97
1.97
1.82
2.15
2
3.2
4.35
1.23
1.363
1.833
1.43
3
1.55
2.58
2.35
3.2
3.3
1.35
1.363
1.615
1.68
2.3
1.55
2.58
9.9
5
1.35
3.3
1.181
1.06
2.4
1.63
1.9
1.98
2.1
3.25
3.9
1.27
1.363
1.76
1.49
2.78
1.55
2.58
2.4
3.2
3.2
1.363
1.363
1.59
1.7
2.25
1.55
2.58
2.9
3.35
2.5
1.55
1.34
1.43
2.1
1.8
1.8
2.1
7.9
4.45
1.45
2.82
1.222
1.09
2.12
1.79
1.85
2.04
2.35
3.2
3.3
1.35
1.363
1.615
1.68
2.3
1.55
2.58
1.75
3.5
5.4
1.166
1.32
2.12
2.4
1.63
1.55
2.58
1.3
5.7
10.5
1.055
1.153
3.65
1.952
1.93
1.9
1.98
2.1
3.4
3.7
1.3
1.333
1.76
1.52
2.68
1.6
2.46
2.45
3.4
2.95
1.42
1.333
1.571
1.78
2.14
1.6
2.46
2.1
3.4
3.7
1.3
1.333
1.76
1.52
2.68
1.55
2.6
1.5
4.333
6.9
1.111
1.23
2.64
1.89
1.99
1.85
2.04
2.4
3.4
3.05
1.4
1.333
1.59
1.727
2.22
1.6
2.46
2.6
3.4
2.75
1.47
1.333
1.51
1.89
1.99
1.6
2.46
1.85
3.4
4.85
1.19
1.333
1.98
2.6
1.55
1.6
2.46
2.3
3.4
3.2
1.363
1.333
1.64
1.666
2.32
1.65
2.35
1.6
3.7
5.1
1.111
1.21
2.12
2.08
1.7
1.75
2
2.15
3.1
3.3
1.26
1.3
1.58
1.54
2.38
1.7
2.08
2.32
3
3.05
1.3
1.31
1.5
1.65
2.16
1.75
2
1.25
5
11
0
1.125
3.35
1.87
1.87
1.8
1.94
4.9
3.8
1.6
2.12
1.2
1.125
1.69
2.1
1.94
1.8
2.25
3.3
2.9
1.333
1.26
1.533
1.66
2.14
1.7
2.08
1.3
4.7
8.9
1.015
1.133
3.05
2
1.75
2
1.75
2.45
3.4
2.55
1.42
1.25
1.45
1.84
1.9
1.85
1.89
2.2
3.2
3.05
1.3
1.285
1.56
1.63
2.2
1.75
2
5.7
4
1.5
2.32
1.181
1.085
1.8
1.94
1.85
1.89
2.65
3.15
2.5
1.444
1.285
1.39
1.94
1.8
1.65
2.15
2.05
3.55
3.1
1.3
1.23
1.64
1.55
2.35
2
1.75
1.24
6.8
7.2
1.045
1.055
3.45
1.78
1.97
1.99
1.76
1.94
3.6
4.3
1.25
1.333
1.94
1.43
3.15
1.65
2.44
3.75
3.4
2.15
1.77
1.363
1.31
2.7
1.55
1.78
2.2
1.66
3.95
5.9
1.166
1.285
2.34
2.2
1.78
1.94
2
3.25
3.35
2.375
1.64
1.363
1.38
2.34
1.7
1.71
2.32
9.2
5
1.363
3.2
1.181
1.07
1.78
2.14
2.1
1.8
1.2
7.3
14
1.027
1.1
4.75
2.16
1.76
2.48
1.59
3.6
3.4
2.06
1.74
1.3
1.285
2.625
1.5
2.26
1.65
3.125
3.2
2.35
1.571
1.333
1.35
2.24
1.666
1.952
1.87
3.7
3.5
1.99
1.79
1.285
1.27
2.72
1.47
2.18
1.7
2.9
3.2
2.5
1.51
1.333
1.4
2.06
1.78
2.18
1.7
1.002
23
67
0
0
16
1.8
2.04
1.8
2.04
2.6
3.2
2.76
1.43
1.333
1.48
1.85
1.97
1.97
1.85
2
3.4
3.8
1.25
1.3
1.78
2.82
1.444
2.26
1.65
4
3.6
1.952
1.88
1.3
1.26
2.95
1.444
2.18
1.75
1.59
4.4
5.4
1.166
1.222
2.4
2.02
1.86
2.56
1.56
1.952
3.4
4.25
1.24
1.333
1.88
2.75
1.5
2.26
1.7
5.2
3.9
1.69
2.2
1.27
1.181
1.71
2.24
2.48
1.59
2.6
3.15
2.95
1.42
1.38
1.51
1.82
2.08
1.65
2.35
16
7.5
1.181
5
1.095
1.018
2.04
1.85
3.65
1.32
16
9
1.153
5.6
1.07
1.018
1.81
2.1
2.64
1.533
2.5
3.3
2.95
1.42
1.35
1.55
1.79
2.12
2.6
1.55
1.1
9.7
21
0
1.045
6.6
1.45
2.8
2.375
1.6
2.3
3.45
3
1.37
1.3
1.59
1.69
2.2
2.12
1.74
1.952
3.6
3.95
1.26
1.3
1.88
1.45
2.92
2.35
1.65
2.45
3.55
2.84
1.444
1.31
1.571
1.81
2.1
2.46
1.6
1.5
4.5
6.5
1.125
1.222
2.64
1.87
2.02
2.35
1.65
2.25
3.55
3.15
1.38
1.31
1.666
1.66
2.34
2.26
1.7
2.25
3.1
3.65
1.3
1.39
1.666
1.571
2.54
1.88
2
3
3.15
2.55
1.533
1.38
1.41
2.12
1.79
1.88
2
2.75
3.3
2.66
1.49
1.35
1.47
1.97
1.909
1.92
1.96
1.61
3.95
6
1.143
1.26
2.36
2.1
1.8
1.78
2.14
5.1
4.15
1.61
2.26
1.222
1.153
8.3
1.08
2.12
1.74
1.91
3.75
3.75
1.26
1.26
1.86
2.7
1.48
2.12
1.74
1.74
3.45
5.2
1.153
1.3
2.05
2.35
1.61
1.952
1.87
1.31
5.5
13
1.05
1.181
3.75
1.77
2.22
2.56
1.6
2.6
3.2
3.05
1.42
1.39
1.55
1.82
2.15
1.9
2.04
3.3
3.25
2.4
1.63
1.38
1.37
2.34
1.7
1.97
1.97
1.78
3.75
5.1
1.2
1.31
2.14
2.44
1.65
1.89
2.06
5.9
3.75
1.7
2.26
1.31
1.166
1.74
2.26
1.9
2.04
3.55
3.45
2.2
1.74
1.35
1.333
2.58
1.59
1.85
2.1
2.55
3.25
3.05
1.42
1.38
1.571
1.81
2.16
1.952
1.99
1.86
3.5
4.95
1.21
1.34
2.02
1.35
3.65
1.99
1.952
2.4
3.3
3.25
1.38
1.37
1.63
1.71
2.32
1.99
1.952
2.3
3.35
3.4
1.363
1.363
1.68
1.65
2.44
1.952
1.99
2
3.7
3.1
1.3
1.21
1.68
1.54
2.38
2.22
1.61
1.26
6.1
7.4
1.04
1.07
3.3
1.85
1.89
2.46
1.51
3.15
3.6
2
1.68
1.222
1.285
2.4
1.533
1.92
1.82
1.46
4.3
5.7
1.085
1.166
2.42
1.8
1.94
2.22
1.61
2.76
3.5
2.25
1.533
1.23
1.363
2.08
1.7
2.22
1.61
1.153
7.6
10.5
0
1.036
4.35
1.92
1.82
2.22
1.61
1.6
3.9
4.75
1.133
1.19
2.12
2.1
1.69
2.22
1.61
2.6
3.55
2.35
1.49
1.23
1.41
1.97
1.78
2.05
1.72
2.65
3.35
2.4
1.47
1.25
1.39
1.97
1.78
1.99
1.76
3.35
3.75
1.9
1.75
1.21
1.25
2.56
1.47
1.93
1.81
1.46
4.2
5.9
1.08
1.166
2.42
1.82
1.92
1.84
1.9
3
3.55
2.1
1.61
1.23
1.31
2.26
1.59
2.05
1.72
2.55
3.65
2.35
1.49
1.222
1.42
1.94
1.8
2.22
1.61
3.1
3.7
2
1.68
1.21
1.3
2.38
1.54
2.34
1.56
3
3.4
2.48
1.58
1.35
1.42
2.16
1.79
1.65
2.42
3.4
3.3
2.3
1.66
1.363
1.35
2.44
1.64
1.88
2.05
1.153
8.5
21
1.011
1.09
5.9
1.79
2.16
2.82
1.5
1.26
5.9
15
1.03
1.153
4.1
1.81
2.14
2.22
1.75
2.05
3.4
4
1.27
1.35
1.82
1.48
2.9
1.7
2.32
1.35
4.9
12
1.05
1.2
3.4
2.12
1.82
1.94
1.98
1.6
3.8
7
1.125
1.3
2.44
2.08
1.85
1.72
2.28
1.5
4.2
7.9
1.1
1.25
2.7
1.87
2.06
2.06
1.87
6
3.7
1.68
2.26
1.31
1.153
1.74
2.24
1.96
1.96
2.56
3.2
2.56
1.42
1.285
1.42
1.87
1.87
1.6
2.25
5.2
4.1
1.61
2.26
1.222
1.153
1.77
2.08
2.625
1.5
4.55
4
1.7
2.12
1.23
1.19
1.666
2.24
3.6
1.3
2.1
3.6
3.3
1.32
1.285
1.71
1.56
2.46
2.14
1.727
2.82
3.55
2.375
1.56
1.285
1.41
2.08
1.76
2.34
1.615
4.9
4
1.7
2.18
1.26
1.19
1.72
2.22
3.15
1.4
2.1
3.6
3.5
1.32
1.3
1.76
1.55
2.6
2.6
1.55
1.45
5
6.6
1.125
1.181
2.82
1.76
2.16
2.92
1.45
1.285
7
8.3
1.08
1.111
3.75
1.85
2.04
3.15
1.4
2.875
3.6
2.4
1.59
1.3
1.444
2.14
1.78
2.64
1.533
2.96
3.6
2.35
1.615
1.3
1.41
2.2
1.74
2.32
1.666
2.75
3.35
2.75
1.5
1.363
1.5
1.97
1.97
1.7
2.34
1.68
3.6
6.6
1.143
1.333
2.3
2.24
1.76
1.78
2.2
2.3
3.25
3.55
1.333
1.38
1.68
1.63
2.48
1.63
2.48
1.85
3.45
5.1
1.2
1.35
2.04
1.34
3.7
1.65
2.44
1.85
3.6
4.8
1.222
1.333
2.04
1.363
3.55
1.65
2.44
2.5
3.25
3.15
1.4
1.38
1.58
1.77
2.22
1.7
2.34
2.15
3.3
3.9
1.3
1.37
1.77
1.533
2.75
1.68
2.38
2.06
3.35
4.15
1.27
1.363
1.833
1.47
2.98
1.65
2.44
1.52
4.45
7
1.125
1.24
2.68
1.92
2.02
1.85
2.1
5.1
3.45
1.85
2.04
1.35
1.2
3.7
1.34
1.92
2.02
1.25
6.5
14
1.04
1.143
4.333
1.78
2.2
2.1
1.85
3.4
3.35
2.3
1.68
1.363
1.363
2.44
1.65
1.85
2.1
2.35
3.25
3.4
1.363
1.38
1.65
1.666
2.4
1.65
2.44
1.9
3.45
4.75
1.222
1.35
1.98
1.38
3.45
1.7
2.34
2.15
3.35
3.8
1.3
1.363
1.77
1.54
2.74
1.68
2.38
3.25
3.25
2.44
1.61
1.38
1.38
2.3
1.727
1.75
2.25
2.55
3.25
3.05
1.42
1.38
1.571
1.81
2.16
1.68
2.38
2.25
3.25
3.65
1.32
1.38
1.7
1.59
2.58
1.7
2.34
2.2
3.25
3.8
1.3
1.38
1.74
1.55
2.7
1.75
2.25
3.85
3.45
2.1
1.8
1.35
1.3
2.8
1.52
1.8
2.18
1.25
6.3
15
1.036
1.153
4.333
1.85
2.1
2.25
1.75
1.35
5.6
9.4
1.08
1.181
3.45
2.08
1.87
2.1
1.85
3.2
3.2
2.5
1.58
1.39
1.39
2.25
1.75
1.7
2.34
3.35
3.2
2.4
1.63
1.39
1.363
2.36
1.69
1.7
2.34
1.9
3.3
5.1
1.2
1.37
1.98
2.74
1.54
1.7
2.34
2.3
3.2
3.6
1.333
1.39
1.68
1.615
2.52
1.75
2.25
1.8
3.6
5.2
1.19
1.333
2.1
2.48
1.63
1.8
2.18
2.2
3.2
3.85
1.3
1.39
1.74
1.55
2.7
1.65
2.44
1.45
4.45
9
1.085
1.24
2.92
1.78
2.2
1.85
2.1
2.5
3.15
3.25
1.38
1.4
1.58
1.74
2.26
1.8
2.18
2.45
3.25
3.2
1.38
1.37
1.59
1.727
2.26
1.65
2.42
1.952
3.3
4.65
1.222
1.363
1.909
1.39
3.3
1.7
2.32
1.8
3.5
5.3
1.181
1.333
2.08
2.5
1.615
1.8
2.15
2.35
3.2
3.4
1.35
1.38
1.64
1.66
2.4
1.65
2.42
2.05
3.2
4.333
1.24
1.38
1.82
1.444
3.05
1.63
2.46
2
3.25
4.5
1.23
1.37
1.86
1.42
3.15
1.65
2.42
2
3.25
4.5
1.23
1.37
1.86
1.42
3.15
1.75
2.22
1.8
3.45
5.4
1.181
1.34
2.08
2.5
1.615
1.75
2.22
1.9
3.25
5.1
1.19
1.37
1.96
1.34
3.65
1.72
2.28
2.55
3.15
3.1
1.4
1.39
1.55
1.79
2.16
1.7
2.32
2.05
3.35
4.1
1.26
1.363
1.82
1.47
2.94
1.65
2.42
2.05
3.35
4.1
1.26
1.363
1.82
1.47
2.94
1.65
2.42
3.7
3.25
2.2
1.72
1.37
1.31
2.64
1.56
1.68
2.35
1.35
5.3
9.9
1.07
1.181
3.4
2.12
1.82
1.85
2.08
1.65
3.65
6.6
1.133
1.31
2.32
2.2
1.77
1.7
2.32
1.5
4
8.8
1.085
1.27
2.7
1.88
2.05
1.8
2.15
1.9
3.5
4.55
1.222
1.333
1.96
2.7
1.54
1.85
2.08
2
3.3
4.4
1.24
1.363
1.86
2.86
1.49
1.9
2.02
2.94
3.2
2.65
1.52
1.38
1.444
2.08
1.86
1.9
2.02
6.7
3.9
1.6
2.44
1.285
1.125
1.85
2.08
1.85
2.08
1.7
3.8
5.6
1.166
1.3
2.24
2.24
1.74
2.18
1.78
1.92
3.55
4.4
1.24
1.333
1.94
2.72
1.533
1.96
1.96
2.72
3.4
2.72
1.5
1.35
1.5
1.96
1.96
1.8
2.15
1.85
3.7
4.55
1.222
1.31
2.02
2.58
1.58
2.02
1.9
3.2
3.4
2.35
1.64
1.35
1.38
2.32
1.7
2.1
1.84
1.55
4.2
6.8
1.125
1.25
2.56
1.97
1.952
2.02
1.9
3.25
3.4
2.32
1.65
1.35
1.37
2.35
1.68
2.15
1.8
3.35
3.45
2.25
1.69
1.34
1.363
2.44
1.64
2.05
1.88
3.6
3.6
2.12
1.79
1.333
1.333
2.66
1.56
2.14
1.82
1.74
4.1
4.8
1.222
1.27
2.2
1.34
3.7
2.66
1.56
1.8
3.7
5
1.21
1.32
2.1
1.34
3.7
1.89
2.05
3.5
3.4
2.24
1.71
1.363
1.34
2.52
1.615
1.74
2.26
3.5
3.5
2.2
1.74
1.34
1.34
2.55
1.6
2.26
1.74
1.9
3.6
4.5
1.24
1.333
1.98
2.68
1.56
2.08
1.88
4.65
3.7
1.85
2.04
1.32
1.23
1.61
2.54
2.1
1.85
4.85
3.8
1.8
2.1
1.3
1.21
1.68
2.4
2.34
1.7
1.8
3.8
4.85
1.21
1.3
2.1
2.45
1.65
2.08
1.88
4.1
3.7
1.952
1.93
1.32
1.27
1.52
2.8
2.1
1.85
1.8
3.9
4.7
1.222
1.3
2.1
2.45
1.65
2.18
1.8
2
3.6
4.05
1.285
1.333
1.88
2.84
1.51
2.34
1.7
3.05
3.55
2.4
1.63
1.333
1.42
2.24
1.76
2.3
1.72
3.65
3.5
2.15
1.77
1.34
1.32
2.68
1.56
1.952
1.99
1.71
3.8
5.6
1.181
1.3
2.24
2.3
1.727
1.89
2.06
2.32
3.45
3.3
1.37
1.35
1.666
1.68
2.38
1.77
2.22
3.1
3.55
2.375
1.64
1.333
1.41
2.26
1.74
1.833
2.12
8.5
5.2
1.4
3.15
1.19
1.095
1.78
2.2
2.26
1.74
2.66
3.35
2.85
1.47
1.363
1.533
1.9
2.04
2.02
1.92
2.2
3.5
3.15
1.34
1.285
1.65
1.615
2.34
2.625
1.5
14
7
1.181
4.65
1.09
1.01
1.86
1.96
3.4
1.333
2.25
3.6
2.98
1.38
1.285
1.615
1.68
2.22
2.48
1.55
2.84
3.5
2.375
1.56
1.285
1.41
2.1
1.75
2.54
1.533
2.75
3.5
2.45
1.533
1.285
1.43
2.02
1.81
2.26
1.65
2.8
3.5
2.4
1.55
1.285
1.42
2.08
1.77
2.14
1.727
3.5
3.5
2.05
1.74
1.285
1.285
2.6
1.51
2.26
1.65
2.375
3.5
2.84
1.41
1.285
1.56
1.75
2.1
2.54
1.533
1.833
3.6
4.25
1.21
1.285
1.94
2.54
1.533
2.1
1.75
2.45
3.5
2.75
1.43
1.285
1.533
1.81
2.02
2.48
1.55
2.66
3.5
2.625
1.51
1.32
1.49
1.952
1.93
2
1.88
2
3.5
3.9
1.27
1.32
1.833
2.85
1.47
2.06
1.833
2.25
3.5
3.2
1.363
1.32
1.666
1.65
2.35
2.6
1.55
3.55
3.5
2.1
1.76
1.32
1.31
2.62
1.54
2.32
1.666
1.75
3.8
4.85
1.19
1.285
2.12
2.35
1.65
2.04
1.85
1.75
4
4.2
1.222
1.23
2.04
2.375
1.6
2.34
1.615
1.952
3.6
3.75
1.26
1.285
1.82
2.72
1.47
2.8
1.45
1.4
5
6.9
1.09
1.166
2.88
2.22
1.68
2.8
1.45
2.05
3.6
3.4
1.3
1.285
1.74
1.533
2.54
3
1.4
2.4
3.6
2.75
1.43
1.285
1.55
1.79
2.05
2.8
1.45
2.4
3.6
2.75
1.43
1.285
1.55
1.79
2.05
2.44
1.571
3.05
3.6
2.2
1.65
1.285
1.363
2.28
1.64
2.34
1.615
2.3
3.45
3
1.37
1.3
1.59
1.69
2.2
1.9
1.92
2.56
3.6
2.56
1.49
1.285
1.49
1.91
1.91
2.25
1.66
13
5.3
1.26
3.75
1.143
1.016
2.02
1.81
2.48
1.55
2.78
2.95
2.78
1.43
1.38
1.43
1.91
1.91
1.66
2.25
1.75
3.4
5.2
1.153
1.3
2.04
2.4
1.59
1.66
2.25
2.28
3
3.5
1.285
1.37
1.6
1.58
2.42
1.61
2.35
2.4
3
3.25
1.333
1.37
1.55
1.66
2.25
1.65
2.26
1.94
3.2
4.35
1.2
1.333
1.833
2.8
1.45
1.571
2.44
1.63
3.45
6.5
1.1
1.3
2.24
2.16
1.71
1.66
2.25
3.1
3
2.5
1.51
1.37
1.35
2.14
1.727
1.8
2.04
2.78
2.95
2.78
1.43
1.38
1.43
1.91
1.91
1.55
2.5
1.75
3.45
5.1
1.153
1.3
2.04
2.4
1.59
1.75
2.1
1.6
3.75
6
1.125
1.26
2.3
2
1.833
1.75
2.1
1.533
3.95
7.3
1.1
1.26
2.55
1.96
1.92
1.7
2.26
2.34
3.25
3.25
1.363
1.363
1.615
1.666
2.32
1.71
2.24
2
3.45
3.95
1.26
1.333
1.833
1.46
2.88
1.78
2.14
2.46
3.125
3.2
1.363
1.38
1.571
1.72
2.22
1.6
2.46
1.727
3.65
5.3
1.166
1.3
2.15
2.3
1.68
1.69
2.28
2.78
4.1
2.2
1.65
1.222
1.43
2.16
1.71
2.04
1.8
3.4
4.15
1.909
1.86
1.222
1.3
5.3
1.166
1.85
1.97
3
4.2
2.05
1.74
1.222
1.37
1.42
2.92
2
1.833
2.7
3.8
2.35
1.571
1.25
1.444
2.05
1.79
1.87
1.952
3.55
4.5
1.8
1.98
1.19
1.285
2.82
1.444
1.88
1.94
1.94
3.8
4.05
1.285
1.3
1.94
2.75
1.533
2.04
1.9
1.86
3.9
4.333
1.25
1.3
2.02
2.58
1.59
2.24
1.76
3.75
3.7
2.04
1.85
1.32
1.31
2.8
1.52
2.2
1.78
2.38
3.4
3.2
1.39
1.363
1.64
1.72
2.3
2.34
1.7
2.38
3.4
3.2
1.39
1.363
1.64
1.72
2.3
2.68
1.56
2.14
3.55
3.6
1.333
1.333
1.77
1.571
2.64
2
1.94
8
4.8
1.444
2.95
1.222
1.111
2.25
1.75
2.3
1.72
2
3.7
3.9
1.3
1.32
1.88
2.875
1.5
2.44
1.65
2.96
3.4
2.54
1.571
1.363
1.444
2.12
1.833
2.25
1.75
1.63
3.95
5.7
1.153
1.26
2.32
2.15
1.77
1.88
2
1.25
6.4
9.8
1.04
1.111
3.8
1.98
1.85
3.6
1.3
1.09
10.5
23
0
1.035
6.9
1.98
1.85
4.35
1.222
1.25
6.4
9.8
1.04
1.111
3.8
2.08
1.77
3
1.4
3.55
3.6
2
1.78
1.285
1.285
2.66
1.49
2.26
1.65
1.06
13
26
0
1.016
8.5
1.72
2.15
2.48
1.55
1.153
8
15
1.005
1.07
5.1
1.59
2.4
4.05
1.25
41
23
1.01
14
0
0
1.91
1.91
1.91
1.91
2
3.7
3.45
1.3
1.27
1.78
1.51
2.6
3.25
1.35
12
7
1.2
4.4
1.09
1.022
2.12
1.75
4.05
1.25
1.005
26
41
0
0
15
1.91
1.91
1.91
1.91
2.9
3.6
2.3
1.59
1.285
1.4
2.16
1.71
3.25
1.35
9.3
5.5
1.3
3.4
1.143
1.05
2.12
1.74
3.6
1.3
1.111
9.7
18
0
1.045
6.2
2.15
1.72
4.35
1.222
1.1
9.9
21
0
1.04
6.6
2.12
1.74
4.05
1.25
2.25
3.25
2.95
1.32
1.27
1.533
1.65
2.16
1.82
1.92
