2.3
3.35
3.1
1.35
1.31
1.59
1.666
2.24
1.78
2.06
1.68
3.8
5
1.166
1.25
2.14
2.15
1.72
2.1
1.75
1.7
3.8
4.85
1.166
1.25
2.12
2.18
1.71
2.26
1.65
2.78
3.35
2.5
1.51
1.31
1.43
2.02
1.81
1.78
2.06
1.9
3.45
4.15
1.222
1.3
1.87
2.66
1.49
1.91
1.91
2.52
3.3
3.05
1.4
1.35
1.55
1.79
2.16
2.24
1.74
3.8
3.75
2.02
1.833
1.3
1.285
1.49
2.86
2.28
1.72
3.5
3.8
2.1
1.77
1.285
1.32
2.6
1.571
2.46
1.63
1.533
4.5
6.6
1.125
1.222
2.56
1.92
2
2.32
1.7
4.25
3.8
1.9
1.94
1.285
1.24
3.15
1.42
2.34
1.69
2.46
3.3
3
1.41
1.35
1.571
1.76
2.16
1.952
1.93
1.3
5.8
10
1.06
1.153
3.65
1.91
1.97
2.56
1.56
1.5
4.6
6.3
1.133
1.21
2.64
1.87
2.02
2.24
1.71
2.2
3.6
3.25
1.363
1.3
1.69
1.63
2.4
2.2
1.74
1.9
3.5
4.35
1.23
1.32
1.93
2.64
1.533
2.44
1.61
1.6
3.8
5.9
1.125
1.25
2.3
2.1
1.75
1.8
2.04
3.8
3.4
2
1.78
1.3
1.25
2.76
1.46
1.6
2.375
1.5
4
7.1
1.085
1.23
2.54
1.89
1.93
1.75
2.1
3.8
3.4
2
1.78
1.3
1.25
2.76
1.46
1.7
2.18
1.35
5
8.5
1.06
1.166
3.125
2.12
1.74
1.9
1.92
3.125
3.4
2.5
1.58
1.363
1.41
2.24
1.78
1.98
1.98
1.58
4.3
6.7
1.133
1.25
2.52
2.02
1.952
2.1
1.87
1.79
3.85
5.1
1.2
1.3
2.12
2.4
1.68
2.08
1.89
2.04
3.45
4.25
1.26
1.35
1.85
3.05
1.47
1.74
2.3
3.45
3.4
2.32
1.666
1.363
1.35
2.45
1.66
1.84
2.14
1.88
3.5
5.1
1.2
1.34
2
2.65
1.58
1.74
2.3
6
4
1.666
2.32
1.285
1.166
1.8
2.2
1.99
1.97
1.68
4.1
5.7
1.166
1.27
2.3
2.22
1.79
2.15
1.833
6.5
4.15
1.61
2.44
1.27
1.143
1.9
2.06
2.12
1.86
2.06
3.5
4.1
1.27
1.34
1.833
1.49
2.95
1.94
2.02
1.89
3.65
4.7
1.222
1.32
1.99
1.39
3.45
1.87
2.1
1.9
3.6
4.75
1.222
1.333
1.98
1.39
3.45
1.91
2.05
7.2
4.1
1.58
2.52
1.27
1.125
1.96
2
2.3
1.74
1.74
3.65
6
1.166
1.32
2.2
2.35
1.71
2.06
1.909
1.56
4.25
7.2
1.125
1.26
2.56
1.99
1.97
1.79
2.22
2
3.65
4.15
1.27
1.32
1.88
1.47
3.05
2
1.96
2.8
3.4
2.75
1.5
1.363
1.48
2
1.96
1.98
1.98
6.6
3.75
1.68
2.3
1.31
1.143
1.79
2.22
2.14
1.85
1.333
5.5
12
1.055
1.181
3.55
2.02
1.952
2.24
1.77
1.5
4.5
7.9
1.111
1.24
2.75
2.5
1.64
2.14
1.84
3.35
3.35
2.4
1.63
1.363
1.363
2.375
1.7
1.85
2.14
1.27
6.2
15
1.036
1.153
4.1
1.81
2.18
2.375
1.7
1.23
7
17
1.03
1.125
4.6
2.18
1.82
2.6
1.6
1.72
3.75
6
1.166
1.31
2.22
2.28
1.75
2.2
1.8
8
5
1.45
2.92
1.21
1.111
1.72
2.34
2.32
1.727
1.7
3.7
6.4
1.143
1.32
2.26
2.28
1.75
1.833
2.15
1.87
3.55
5
1.21
1.333
2.02
1.363
3.6
1.79
2.22
2.05
3.5
4.15
1.27
1.34
1.84
1.48
2.98
2.14
1.84
6.6
4
1.63
2.4
1.285
1.143
1.87
2.1
2.3
1.74
4.2
3.6
2
1.88
1.333
1.26
3.1
1.46
1.85
2.14
2.3
3.45
3.3
1.35
1.333
1.65
3.5
1.363
1.82
2.12
2.15
3.5
3.65
1.3
1.32
1.74
1.56
2.64
1.9
2.02
2.46
3.5
3
1.41
1.32
1.571
1.78
2.18
1.82
2.12
2.45
3.4
3.1
1.39
1.34
1.58
1.75
2.22
1.88
2.05
2.75
3.45
2.68
1.5
1.333
1.48
1.98
1.94
2
1.92
2.92
3.5
2.52
1.55
1.32
1.43
2.12
1.82
2.05
1.88
1.66
3.9
6
1.143
1.27
2.28
2.22
1.76
1.77
2.2
2.375
3.4
3.2
1.37
1.34
1.61
1.71
2.3
2.02
1.9
2.06
3.45
4
1.26
1.333
1.8
1.48
2.9
1.97
1.952
2.25
3.4
3.5
1.32
1.34
1.68
1.61
2.5
1.89
2.04
2.14
3.35
3.85
1.285
1.35
1.74
1.52
2.76
1.74
2.25
1.85
3.6
4.8
1.2
1.31
2
2.55
1.59
2.08
1.85
2.5
3.4
3
1.41
1.34
1.56
1.8
2.15
1.96
1.96
2.1
3.4
3.9
1.27
1.34
1.77
1.51
2.8
2.02
1.9
2.55
3.4
2.95
1.42
1.34
1.54
1.833
2.1
1.98
1.94
1.61
3.9
6.8
1.125
1.27
2.38
2.06
1.87
2.08
1.85
2.5
3.4
3
1.41
1.34
1.56
1.8
2.15
1.88
2.05
3.5
3.4
2.25
1.68
1.34
1.32
2.5
1.61
1.92
2
2
3.5
4.15
1.25
1.32
1.85
2.86
1.49
1.96
1.96
1.666
3.8
6.2
1.133
1.285
2.26
2.18
1.78
2.05
1.88
1.66
3.8
6.2
1.133
1.285
2.28
2.2
1.77
1.98
1.94
1.7
3.75
5.9
1.153
1.3
2.2
2.24
1.74
2.05
1.88
2.35
3.35
3.3
1.35
1.35
1.63
1.68
2.35
2.05
1.88
2.15
3.4
3.75
1.3
1.34
1.74
1.54
2.7
1.96
1.96
7.8
4.333
1.5
2.66
1.23
1.095
2.08
1.85
2.22
1.75
6.2
4.15
1.6
2.4
1.25
1.133
1.87
2.06
2.15
1.8
4.05
3.6
2
1.85
1.31
1.26
1.5
2.82
2.08
1.85
1.64
3.85
6.4
1.133
1.285
2.32
2.14
1.81
2.02
1.91
2.25
3.4
3.5
1.32
1.34
1.68
1.61
2.5
1.88
2.05
2.25
3.4
3.5
1.32
1.34
1.68
1.61
2.5
1.84
2.1
1.98
3.5
4.25
1.24
1.32
1.86
2.82
1.5
1.84
2.1
1.952
3.5
4.4
1.23
1.32
1.89
2.8
1.51
1.88
2.05
2.3
3.35
3.4
1.34
1.35
1.65
1.64
2.44
1.8
2.15
2.25
3.4
3.5
1.32
1.34
1.68
1.61
2.5
1.89
2.04
1.85
3.6
4.8
1.2
1.31
2
2.55
1.59
1.97
1.952
1.952
3.5
4.4
1.23
1.32
1.89
2.8
1.51
1.93
1.99
1.9
3.6
4.5
1.222
1.31
1.94
2.66
1.55
1.89
2.04
2.34
3.4
3.3
1.35
1.34
1.63
1.68
2.35
1.88
2.05
2.25
3.4
3.5
1.32
1.34
1.68
1.61
2.5
1.94
1.98
1.7
3.8
5.7
1.153
1.285
2.2
2.26
1.727
1.89
2.04
1.3
5.5
9.3
1.05
1.143
3.4
1.49
2.66
2.625
1.5
2.7
3.5
2.6
1.51
1.32
1.48
1.98
1.9
1.85
2.04
1.85
3.5
4.65
1.21
1.32
1.98
2.6
1.55
1.666
2.32
2.15
3.5
3.25
1.333
1.285
1.68
1.59
2.4
2
1.833
3.9
3.6
1.909
1.86
1.285
1.24
1.49
2.66
2.24
1.666
2.05
3.5
3.5
1.285
1.285
1.74
1.51
2.6
1.833
1.99
3.05
3.5
2.25
1.615
1.285
1.363
2.25
1.66
2.1
1.75
1.444
4.5
7
1.09
1.19
2.7
1.78
2.06
1.97
1.85
1.5
4.333
6.2
1.111
1.21
2.54
1.88
1.94
2.1
1.75
2
3.4
3.8
1.25
1.3
1.78
1.46
2.76
1.833
1.99
1.615
3.9
5.5
1.143
1.24
2.26
2.1
1.75
2.1
1.75
2
3.4
3.8
1.25
1.3
1.78
1.46
2.76
1.85
1.97
1.909
3.5
4
1.23
1.285
1.86
2.7
1.48
1.97
1.85
2.4
3.5
2.8
1.42
1.285
1.55
1.77
2.08
2.04
1.8
2.1
3.5
3.35
1.31
1.285
1.71
1.55
2.48
1.99
1.833
1.909
3.6
3.9
1.24
1.285
1.86
2.66
1.49
2.375
1.6
1.98
3.3
4.6
1.21
1.35
1.86
1.4
3.25
1.59
2.55
2.05
3.125
4.6
1.21
1.39
1.81
1.42
3.15
1.55
2.66
3.05
3.15
2.65
1.51
1.38
1.4
2.1
1.833
1.7
2.32
3.1
3.05
2.66
1.5
1.4
1.39
2.12
1.82
1.75
2.22
1.727
3.55
6.1
1.143
1.32
2.16
2.34
1.69
1.72
2.28
1.91
3.3
5
1.19
1.35
1.93
1.35
3.6
1.58
2.58
1.75
3.45
6.1
1.143
1.333
2.12
2.38
1.666
1.615
2.48
2.66
3.05
3.1
1.39
1.4
1.5
1.85
2.08
1.5
2.82
2.04
3.25
4.4
1.23
1.363
1.81
1.43
3.125
1.615
2.5
1.74
3.4
6.4
1.133
1.34
2.14
2.4
1.66
1.56
2.64
2.02
3.25
4.2
1.24
1.363
1.82
1.43
3
1.56
2.56
2.66
3.05
2.96
1.41
1.4
1.49
1.84
2.05
1.48
2.82
2.875
3.3
2.46
1.533
1.32
1.4
2.08
1.77
1.7
2.18
3.25
3.4
2.2
1.65
1.3
1.333
2.375
1.6
1.82
2.02
2.1
3.4
3.45
1.3
1.3
1.71
1.533
2.54
1.7
2.18
2.4
3.2
3.05
1.363
1.333
1.55
1.71
2.16
1.8
2.04
2.1
3.4
3.45
1.3
1.3
1.71
1.533
2.54
1.8
2.04
1.55
4
6.1
1.125
1.23
2.4
1.99
1.833
1.75
2.1
3.05
3.6
2.3
1.64
1.3
1.4
2.26
1.7
1.8
2.1
1.166
8
17
1.014
1.085
5.3
1.8
2.1
3
1.43
2.25
3.35
3.35
1.34
1.34
1.666
1.615
2.42
1.8
2.1
1.96
3.35
4.3
1.23
1.34
1.87
1.41
3.1
1.74
2.2
2.1
3.5
3.55
1.31
1.32
1.76
1.54
2.62
1.8
2.1
2.76
3.65
2.46
1.571
1.3
1.47
2.06
1.833
1.9
1.98
2.68
3.4
2.68
1.49
1.333
1.49
1.94
1.94
1.88
2
3.2
3.65
2.2
1.69
1.3
1.363
2.375
1.64
1.98
1.9
1.8
3.7
4.65
1.21
1.3
2.04
1.34
3.5
2.18
1.75
6
4.25
1.6
2.4
1.24
1.143
1.88
2.05
2.32
1.7
3.1
3.4
2.45
1.58
1.34
1.39
2.22
1.75
1.9
2.02
1.444
4.6
8.6
1.08
1.21
2.86
2.24
1.74
2.12
1.82
1.8
3.8
4.85
1.2
1.285
2.06
1.34
3.65
2.46
1.63
5.5
4.1
1.666
2.26
1.26
1.166
1.78
2.18
2.18
1.78
1.98
3.45
4.333
1.23
1.333
1.86
1.43
3.125
1.9
2.02
2.52
3.6
2.85
1.45
1.31
1.55
1.85
2.08
2.05
1.88
1.24
6.4
16
1.021
1.133
4.25
2.15
1.8
2.66
1.55
2.15
3.35
3.4
1.3
1.31
1.68
1.56
2.46
1.66
2.25
2.44
3.25
3.1
1.39
1.363
1.571
1.727
2.22
2.2
1.74
2.48
3.3
3.125
1.39
1.35
1.571
1.76
2.22
2.18
1.78
2.32
3.3
3.45
1.333
1.35
1.64
1.64
2.44
1.92
2
1.24
7.6
10
1.06
1.095
4.2
2.26
1.7
2.76
1.52
3.65
3.35
2.2
1.7
1.35
1.3
2.6
1.571
1.77
2.2
2.5
3.25
3.15
1.38
1.363
1.56
1.76
2.22
1.9
2.02
2.54
3.05
3.3
1.35
1.4
1.54
1.74
2.24
1.571
2.6
2.22
3.25
3.75
1.3
1.363
1.69
1.56
2.64
1.82
2.12
2
3.35
4.4
1.23
1.35
1.85
2.86
1.49
1.89
2.04
2.6
3.3
2.96
1.42
1.35
1.52
1.84
2.1
1.84
2.1
2.22
3.3
3.45
1.333
1.35
1.68
1.59
2.48
1.87
2.02
1.55
4
6.8
1.111
1.26
2.5
1.97
1.91
2.1
1.81
2.45
3.25
3.05
1.4
1.363
1.571
1.75
2.18
1.86
2.02
2.3
3.65
3.25
1.38
1.32
1.68
1.68
2.38
2.26
1.74
2.28
3.45
3.5
1.34
1.35
1.69
1.63
2.48
1.9
2.04
2.62
3.6
2.82
1.48
1.333
1.54
1.9
2.04
2.26
1.74
2.14
3.65
3.65
1.32
1.32
1.77
1.56
2.68
2.2
1.78
3.2
3.55
2.38
1.64
1.333
1.39
2.3
1.72
2.16
1.81
3.45
3.5
2.28
1.69
1.34
1.35
2.46
1.64
2.04
1.9
3.2
3.65
2.34
1.66
1.32
1.39
2.34
1.7
2.34
1.7
2.06
3.85
3.7
1.32
1.3
1.833
1.533
2.75
2.52
1.615
2.42
3.55
3.125
1.41
1.333
1.615
1.75
2.25
2.1
1.85
1.9
3.9
4.3
1.25
1.3
1.98
1.42
3.2
2.3
1.72
1.1
14
31
1.001
1.04
8.2
1.75
2.25
2
1.94
1.444
4.7
9.1
1.085
1.222
2.95
1.74
2.28
2.52
1.615
2.12
3.65
3.7
1.32
1.32
1.79
1.55
2.7
2.02
1.92
7.2
4.4
1.54
2.62
1.25
1.125
2.02
1.92
2.875
1.5
2
3.8
3.95
1.285
1.3
1.88
1.48
2.95
2.52
1.615
1.86
3.7
4.8
1.222
1.32
2.02
2.54
1.61
2.44
1.65
2.36
3.45
3.3
1.37
1.35
1.65
1.69
2.36
2.12
1.833
1.63
4
6.6
1.143
1.285
2.4
2.1
1.85
2.2
1.78
2.7
3.45
2.82
1.48
1.35
1.51
1.93
2.02
2.04
1.9
2.2
3.6
3.55
1.333
1.333
1.74
1.59
2.58
2.34
1.7
2.5
3.5
3.05
1.42
1.34
1.58
1.79
2.2
2.26
1.74
11
5.4
1.35
3.45
1.181
1.065
1.94
2
1.952
1.99
2.4
3.5
3.2
1.39
1.34
1.63
1.727
2.3
2.34
1.7
1.8
3.8
5.1
1.2
1.3
2.1
2.42
1.66
2.34
1.7
1.55
4.25
7.4
1.125
1.26
2.6
1.94
2
2.44
1.65
3.4
3.6
2.25
1.7
1.333
1.363
2.46
1.64
2.2
1.78
3.05
3.5
2.5
1.58
1.34
1.42
2.2
1.79
1.97
1.97
3.05
3.45
2.44
1.58
1.333
1.4
2.22
1.76
1.89
2.04
2.46
3.4
3.1
1.39
1.34
1.571
1.76
2.22
1.82
2.12
2.06
3.55
3.85
1.285
1.32
1.8
1.5
2.82
1.94
1.98
1.666
3.95
5.8
1.153
1.27
2.26
2.18
1.78
2.18
1.78
1.45
4.85
7.7
1.095
1.2
2.84
1.77
2.2
2
1.92
2.52
3.4
2.98
1.42
1.34
1.55
1.81
2.14
1.81
2.14
2.02
3.65
3.9
1.27
1.3
1.833
1.49
2.86
1.87
2.06
3.2
3.4
2.4
1.6
1.34
1.37
2.3
1.71
1.9
2.02
2.95
3.45
2.52
1.55
1.333
1.42
2.12
1.82
1.94
1.98
2.5
3.3
2.82
1.41
1.32
1.51
1.8
2.04
1.85
1.97
2.66
3.25
2.66
1.46
1.333
1.46
1.91
1.91
1.91
1.91
1.952
3.5
3.85
1.25
1.285
1.82
2.8
1.45
1.94
1.88
1.85
3.4
4.45
1.2
1.3
1.92
2.6
1.51
1.65
2.26
1.952
3.4
3.95
1.24
1.3
1.82
2.8
1.45
1.89
1.93
1.8
3.6
4.45
1.2
1.285
1.98
2.46
1.56
2.04
1.8
1.8
3.7
4.3
1.21
1.27
1.98
2.48
1.55
1.91
1.91
2.05
3.4
3.6
1.285
1.3
1.74
1.5
2.625
1.58
2.42
2.82
3.3
2.5
1.51
1.32
1.41
2.04
1.8
1.77
2.08
2.55
3.3
2.75
1.43
1.32
1.49
1.84
1.99
1.6
2.375
2.5
3.3
3.05
1.41
1.363
1.571
1.78
2.18
2.02
1.9
2.1
3.3
3.95
1.285
1.363
1.78
1.5
2.82
2.08
1.85
3.65
3.5
2.15
1.74
1.32
1.3
2.64
1.56
1.97
1.952
2.45
3.55
2.98
1.42
1.32
1.58
1.79
2.16
2.02
1.9
1.952
3.55
4.3
1.24
1.32
1.89
1.42
3.15
2.02
1.9
1.4
5
9
1.075
1.19
3.05
1.666
2.38
2.42
1.65
2.44
3.45
3.05
1.4
1.333
1.58
1.76
2.22
1.98
1.94
2.1
3.55
3.75
1.3
1.32
1.77
1.533
2.72
2.08
1.85
2.84
3.55
2.45
1.571
1.31
1.444
2.1
1.81
2.35
1.65
2.55
3.45
2.78
1.46
1.333
1.533
1.86
2.02
2.46
1.6
2.35
3.55
2.98
1.41
1.31
1.615
1.74
2.2
2.35
1.65
2.98
3.55
2.35
1.615
1.31
1.41
2.2
1.74
2.26
1.7
3.65
3.55
2.05
1.79
1.31
1.3
2.72
1.51
2.75
1.5
2.78
3.55
2.5
1.55
1.31
1.46
2.05
1.84
2.52
1.58
2.06
3.45
4.15
1.27
1.35
1.833
2.98
1.47
1.77
2.22
1.133
11
23
1.013
1.065
6.7
2.04
1.91
1.9
2.04
1.68
3.95
6
1.166
1.285
2.3
2.2
1.78
2.1
1.85
12
6.5
1.285
3.95
1.143
1.055
2.1
1.85
2.02
1.92
1.26
6.7
14
1.04
1.133
4.2
1.77
2.22
2.42
1.66
3.75
3.45
2.18
1.75
1.35
1.31
2.68
1.56
1.82
2.15
2.48
3.3
3.25
1.38
1.37
1.59
1.74
2.26
1.85
2.1
2.95
3.5
2.56
1.56
1.34
1.444
2.12
1.84
1.8
2.18
1.68
4.05
5.8
1.166
1.285
2.3
2.2
1.79
2.25
1.75
2.52
3.45
3.05
1.42
1.35
1.58
1.8
2.18
2
1.94
1.94
3.4
4.85
1.21
1.363
1.94
2.75
1.533
1.72
2.3
1.615
4.1
6.6
1.143
1.27
2.42
2.1
1.85
1.9
2.04
7.2
4.333
1.55
2.6
1.25
1.125
1.94
2
1.9
2.04
2
3.45
4.45
1.24
1.35
1.88
2.875
1.5
1.9
2.04
1.111
12
31
1.001
1.055
7.6
1.952
1.99
2.44
1.65
2.44
3.3
3.3
1.37
1.37
1.61
1.71
2.32
1.89
2.06
1.952
3.5
4.6
1.23
1.34
1.93
2.75
1.533
1.99
1.952
2.75
3.35
2.84
1.47
1.363
1.5
1.94
2
1.9
2.04
1.5
4.6
7.6
1.111
1.23
2.75
1.85
2.1
2.04
1.9
7.1
4.8
1.5
2.75
1.222
1.125
1.65
2.44
2.875
1.5
1.952
3.55
4.5
1.24
1.333
1.93
2.8
1.52
1.8
2.18
14
6.4
1.27
4.1
1.143
1.04
2.2
1.78
2.875
1.5
2.1
3.35
4.15
1.27
1.363
1.8
1.48
2.95
1.833
2.12
1.181
8.6
19
1.022
1.095
5.4
1.96
1.98
2.1
1.85
1.952
3.5
4.6
1.23
1.34
1.93
2.84
1.51
1.94
2
2.5
3.4
3.125
1.41
1.363
1.58
1.77
2.22
1.78
2.2
1.7
3.9
5.9
1.166
1.3
2.26
2.25
1.75
2.04
1.9
2.1
3.4
4.1
1.27
1.363
1.8
1.49
2.9
2.18
1.8
1.72
3.8
5.9
1.166
1.3
2.22
2.26
1.74
2.12
1.833
2
3.4
4.5
1.24
1.363
1.88
2.875
1.5
1.8
2.18
2.08
3.4
3.9
1.285
1.35
1.8
1.5
2.82
1.78
2.18
2
3.4
4.2
1.25
1.35
1.86
1.444
3.05
1.9
2.02
2.55
3.3
2.96
1.43
1.363
1.55
1.82
2.12
1.85
2.08
2.5
3.3
3.05
1.41
1.363
1.571
1.78
2.18
2.12
1.82
2.54
3.4
2.9
1.444
1.35
1.56
1.833
2.1
1.75
2.22
1.86
3.6
4.6
1.222
1.32
2
1.38
3.4
1.7
2.32
2.7
3.3
2.8
1.47
1.363
1.5
1.92
2
1.7
2.32
2
3.4
4.2
1.25
1.35
1.86
1.444
3.05
1.82
2.12
1.78
3.7
5
1.2
1.31
2.1
1.333
3.7
1.7
2.32
2.12
3.3
3.9
1.285
1.363
1.77
1.51
2.8
1.66
2.4
2.6
3.3
2.9
1.444
1.363
1.533
1.85
2.08
1.7
2.32
2.08
3.4
4.15
1.27
1.363
1.82
3.1
1.45
1.85
2.1
1.533
4.55
7
1.125
1.23
2.64
1.92
2.02
1.99
1.952
1.45
4.75
8.7
1.09
1.222
2.92
2.34
1.7
2.25
1.75
9.9
5
1.4
3.15
1.21
1.075
1.833
2.12
2.12
1.833
3.1
3.35
2.54
1.571
1.363
1.41
2.2
1.79
1.72
2.3
2.34
3.35
3.45
1.35
1.363
1.66
1.65
2.44
1.77
2.22
1.89
3.45
5.1
1.2
1.35
1.99
1.35
3.65
1.727
2.3
2.94
3.25
2.72
1.51
1.38
1.45
2.04
1.9
1.85
2.1
4.45
3.55
1.96
1.92
1.333
1.24
3.2
1.42
1.952
1.99
1.43
4.75
9.5
1.08
1.222
3
2.3
1.72
2.1
1.85
1.87
3.5
5.1
1.2
1.34
2.02
2.62
1.58
1.9
2.04
2.3
3.3
3.6
1.333
1.37
1.68
1.615
2.52
1.9
2.04
3.55
3.35
2.3
1.68
1.363
1.333
2.48
1.63
1.92
2.02
4
3.45
2.1
1.8
1.35
1.285
2.875
1.5
1.89
2.06
1.38
5.1
10.5
1.07
1.2
3.25
2.2
1.78
2.15
1.82
1.85
3.6
5.1
1.2
1.333
2.04
2.54
1.61
1.94
2
2.12
3.4
4
1.285
1.363
1.79
1.51
2.84
1.78
2.2
1.32
5.5
13
1.05
1.181
3.65
1.94
2
2.34
1.7
1.54
4.35
7.4
1.125
1.25
2.62
1.92
2.02
2.34
1.7
3.6
3.4
2.26
1.7
1.363
1.333
2.56
1.6
2.02
1.92
7.6
4.6
1.5
2.75
1.23
1.111
2.1
1.85
2.18
1.8
4.55
3.7
1.9
1.98
1.32
1.23
3.35
1.4
1.94
2
1.38
5.2
10
1.075
1.19
3.25
2
1.94
2.18
1.8
1.96
3.6
4.4
1.25
1.333
1.92
1.42
3.2
2.1
1.85
2.12
3.4
4
1.285
1.363
1.79
1.51
2.84
1.85
2.1
2.2
3.3
3.9
1.3
1.37
1.74
1.54
2.74
1.8
2.18
2.28
3.3
3.65
1.32
1.37
1.69
1.6
2.56
1.8
2.18
2.2
3.4
3.75
1.31
1.363
1.74
1.56
2.68
1.8
2.18
2.74
3.2
2.96
1.444
1.39
1.5
1.9
2.04
1.85
2.1
1.5
4.6
7.6
1.111
1.23
2.75
1.85
2.1
2.1
1.85
2.625
3.1
3.05
1.41
1.4
1.533
1.82
2.12
1.833
2.1
2.15
3.1
4.1
1.26
1.4
1.75
1.49
2.86
1.76
2.22
2.15
3.1
4.1
1.26
1.4
1.75
1.49
2.86
1.85
2.08
2.64
2.92
3.25
1.37
1.444
1.52
1.78
2.18
1.89
2.04
2.45
3.1
3.35
1.363
1.4
1.59
1.7
2.32
1.89
2.04
2.38
3
3.6
1.32
1.42
1.63
1.63
2.46
1.76
2.22
2.94
3
2.8
1.47
1.42
1.444
2.02
1.91
1.75
2.22
2.08
3.2
4.2
1.25
1.38
1.8
1.47
2.94
1.75
2.22
2.4
2.98
3.6
1.32
1.43
1.615
1.63
2.46
1.72
2.28
2.375
3
3.6
1.32
1.42
1.63
1.63
2.46
1.8
2.15
1.6
3.9
6.7
1.125
1.285
2.44
2.08
1.85
1.89
2.04
5.2
3.55
1.8
2.08
1.333
1.19
1.63
2.46
2.15
1.8
2.25
3.2
3.3
1.32
1.333
1.615
1.61
2.35
1.68
2.22
1.93
3.35
4.15
1.222
1.31
1.84
1.4
3
1.68
2.22
1.666
3.55
5.6
1.133
1.285
2.16
2.24
1.666
1.7
2.18
2.26
3.2
3.3
1.32
1.333
1.615
1.61
2.35
1.68
2.22
3.75
3.3
2.05
1.74
1.32
1.26
2.7
1.48
2.3
1.63
4.3
3.6
1.98
1.9
1.333
1.25
3.1
1.444
1.8
2.18
1.75
3.8
5.5
1.181
1.3
2.18
1.3
4.05
1.7
2.34
1.94
3.9
4.1
1.27
1.3
1.94
2.74
1.54
1.97
1.97
1.51
4.35
8.1
1.1
1.25
2.72
1.87
2.08
1.96
1.98
1.55
4.3
7.3
1.125
1.25
2.6
1.9
2.04
2.25
1.75
3.2
3.4
2.45
1.61
1.363
1.39
2.26
1.74
1.9
2.04
4.4
3.55
1.98
1.9
1.333
1.25
3.15
1.43
1.85
2.1
2.3
3.35
3.55
1.333
1.363
1.68
1.63
2.48
1.7
2.34
2
3.5
4.35
1.25
1.34
1.88
2.875
1.5
1.85
2.1
2.6
3.55
2.86
1.47
1.333
1.55
1.88
2.08
1.91
2.04
1.4
5.6
8.2
1.1
1.181
3.15
1.66
2.42
2.18
1.8
2.2
3.45
3.7
1.32
1.35
1.74
1.571
2.64
1.97
1.97
1.55
4.3
7.4
1.125
1.25
2.6
1.96
1.98
1.85
2.1
9.2
5.5
1.38
3.25
1.181
1.085
1.833
2.12
2.2
1.78
2.875
3.3
2.74
1.5
1.37
1.46
2.02
1.92
1.9
2.04
2.6
3.35
3
1.43
1.363
1.55
1.84
2.12
1.85
2.1
1.38
4.75
9.4
1.065
1.2
3.125
1.64
2.38
2.02
1.87
4
3.6
2.05
1.84
1.333
1.285
2.9
1.49
1.85
2.1
5.9
3.75
1.65
2.28
1.285
1.143
4.45
1.24
1.92
1.96
2.15
3.45
3.85
1.3
1.35
1.77
1.533
2.75
1.88
2.08
1.9
3.85
4.35
1.25
1.3
1.98
2.64
1.571
1.9
2.04
1.7
3.85
6
1.166
1.3
2.26
2.26
1.74
1.75
2.25
5.9
4.3
1.63
2.4
1.25
1.166
1.909
2.04
2.34
1.7
2
3.5
4.35
1.25
1.34
1.88
2.84
1.51
2.1
1.85
2.18
3.55
3.65
1.32
1.333
1.75
1.571
2.64
1.8
2.18
1.24
6.3
13
1.035
1.133
4.2
1.8
2.1
2.22
1.72
8.4
4.9
1.444
2.95
1.21
1.095
1.7
2.34
2.375
1.68
4.25
3.7
1.96
1.92
1.32
1.26
1.54
2.74
2.08
1.88
1.571
4.65
6.2
1.153
1.23
2.54
1.96
1.98
2.68
1.56
1.143
11
20
1.019
1.065
6.4
2.34
1.7
1.75
2.25
3.5
3.45
2.28
1.69
1.35
1.34
2.48
1.63
1.85
2.1
3.95
3.55
2.08
1.82
1.333
1.285
2.875
1.5
1.94
2
7.6
4.55
1.45
2.82
1.21
1.095
1.66
2.34
2.44
1.61
4.3
3.55
2
1.88
1.333
1.25
3.1
1.444
1.85
2.1
2.44
3.6
3.05
1.42
1.333
1.61
1.77
2.22
2
1.94
1.133
9.2
20
1.005
1.07
6.2
2.34
1.66
1.8
2.1
1.39
5
10.5
1.07
1.21
3.2
2.15
1.82
2.34
1.7
1.2
8.1
17
1.03
1.1
5.1
1.96
1.98
1.97
1.97
1.63
4.2
6.1
1.153
1.26
2.4
2.1
1.85
2.08
1.88
1.166
9
21
1.017
1.085
5.8
1.81
2.16
2.7
1.55
1.125
9
17
0
1.05
5.8
1.69
2.2
2.82
1.444
1.77
4
4.1
1.222
1.23
2.02
2.4
1.59
2.14
1.727
2.3
3.6
2.9
1.4
1.285
1.59
1.71
2.16
1.99
1.833
10
5.5
1.285
3.5
1.143
1.04
1.93
1.89
2.82
1.444
6
5
1.444
2.7
1.166
1.125
2.1
1.75
2.625
1.5
1.25
6
11
1.03
1.125
3.8
1.76
2.08
3.2
1.363
2.55
2.6
3.55
1.285
1.48
1.49
1.64
2.28
1.46
2.76
2.34
3.3
3.4
1.34
1.35
1.63
1.65
2.42
1.8
2.15
2.4
3.3
3.25
1.363
1.35
1.6
1.7
2.32
1.82
2.12
2.76
3.3
2.78
1.47
1.35
1.47
1.952
1.97
1.78
2.18
2.94
3.3
2.62
1.52
1.35
1.43
2.08
1.85
1.82
2.12
1.363
5.5
9.1
1.075
1.166
3.25
1.98
1.94
1.96
1.96
1.48
4.8
7.1
1.111
1.2
2.74
1.79
2.16
3.2
1.41
1.85
3.95
4.3
1.24
1.27
2
1.4
3.25
2.28
1.72
1.222
6.9
16
1.021
1.125
4.45
2.05
1.88
2.02
1.9
5.3
4.25
1.66
2.28
1.24
1.181
1.79
2.16
2.35
1.68
1.72
4.05
5.1
1.181
1.26
2.18
2.26
1.727
2.42
1.65
3.65
4.05
1.98
1.86
1.26
1.3
2.8
1.51
2.94
1.47
2.2
3.65
3.35
1.35
1.3
1.7
1.63
2.46
2.35
1.68
1.34
5.7
9.6
1.065
1.153
3.4
1.94
1.98
2.66
1.55
4.55
3.75
1.8
2.04
1.285
1.21
1.615
2.42
2.75
1.5
1.63
4.1
5.4
1.166
1.25
2.32
2.1
1.8
2.6
1.55
1.35
5
9.9
1.06
1.181
3.3
2.05
1.84
2.6
1.55
1.533
4.25
6.5
1.125
1.24
2.55
1.91
1.97
2.75
1.5
1.76
4
4.45
1.222
1.26
2.1
1.35
3.45
2.88
1.46
1.55
4.25
6.2
1.133
1.24
2.5
1.94
1.94
2.82
1.48
3
3.65
2.3
1.64
1.3
1.41
2.24
1.71
2.3
1.68
1.63
4.3
5.1
1.181
1.23
2.32
2.1
1.8
2.82
1.48
1.5
4.5
6.5
1.125
1.222
2.64
1.87
2.02
2.92
1.45
2.94
3.65
2.34
1.615
1.3
1.42
2.2
1.74
2.82
1.48
2.64
3.4
2.84
1.45
1.34
1.51
1.89
2.04
2
1.92
2.2
3.3
3.65
1.31
1.363
1.72
1.571
2.6
1.8
2.15
1.72
3.7
5.6
1.166
1.31
2.2
2.32
1.7
1.9
2.02
1.8
3.6
5.1
1.19
1.32
2.08
2.46
1.63
2.02
1.9
3.2
3
2.6
1.533
1.42
1.38
2.18
1.78
1.96
1.96
1.48
4.3
8.2
1.095
1.25
2.78
1.82
2.12
2.08
1.85
2.46
3.1
3.3
1.363
1.4
1.59
1.71
2.3
1.85
2.08
1.63
3.8
6.5
1.133
1.3
2.36
2.14
1.81
2.02
1.9
3.3
3.2
2.42
1.6
1.38
1.363
2.32
1.7
1.9
2.02
1.58
4.2
6.4
1.133
1.25
2.45
2.02
1.9
2.26
1.727
1.27
6
14
1.03
1.143
3.95
1.8
2.15
2.58
1.58
2.68
3.3
2.85
1.45
1.35
1.5
1.9
2.02
1.75
2.22
2.4
3.3
3.25
1.363
1.35
1.6
1.7
2.32
1.71
2.3
2.28
3.3
3.5
1.32
1.35
1.66
1.615
2.5
1.78
2.18
2.1
3.4
3.9
1.27
1.34
1.77
1.51
2.78
1.78
2.18
4.5
3.7
1.87
1.97
1.3
1.222
3.3
1.39
1.78
2.18
2.95
3.15
2.7
1.49
1.38
1.42
2.04
1.88
1.54
2.68
2.25
3.35
3.35
1.34
1.34
1.666
1.615
2.42
1.94
1.94
2.98
3.35
2.45
1.571
1.34
1.41
2.15
1.77
1.88
2
1.65
3.9
5.6
1.153
1.27
2.28
2.12
1.8
2.08
1.82
1.7
3.7
5.5
1.166
1.3
2.18
2.25
1.71
1.9
1.98
1.8
3.7
4.65
1.21
1.3
2.04
2.48
1.6
1.94
1.94
2
3.35
4.1
1.25
1.34
1.833
1.444
2.95
1.98
1.9
2.05
3.5
3.75
1.285
1.32
1.79
1.5
2.75
2.04
1.85
1.285
6.3
12
1.045
1.133
3.8
1.89
2.06
2.25
1.75
4.95
3.5
1.88
1.96
1.32
1.19
1.58
2.62
1.78
2.2
2.3
3.35
3.5
1.32
1.35
1.65
1.66
2.42
1.89
2.06
2.35
3.6
3.15
1.38
1.31
1.63
1.74
2.28
2.04
1.9
2.45
3.5
3.05
1.4
1.32
1.58
1.78
2.2
1.97
1.97
2.95
3.25
2.68
1.5
1.363
1.42
2.08
1.87
1.75
2.25
2.32
3.4
3.4
1.34
1.34
1.64
1.666
2.4
1.7
2.34
1.68
3.75
6.3
1.133
1.3
2.24
2.34
1.7
1.85
2.1
2
3.55
4.2
1.25
1.32
1.85
2.9
1.49
1.68
2.38
1.35
5.3
11
1.05
1.181
3.3
2.08
1.87
1.94
2
2.6
3.3
3
1.41
1.35
1.52
1.84
2.12
1.8
2.18
3
3.3
2.6
1.52
1.35
1.41
2.12
1.84
1.92
2.02
4.95
3.6
1.85
2
1.31
1.19
1.59
2.58
1.8
2.18
1.8
3.7
5.1
1.181
1.3
2.06
2.48
1.63
1.75
2.25
1.3
6
12
1.045
1.143
3.65
1.97
1.97
2.02
1.92
9.4
4.45
1.45
2.84
1.222
1.07
2.25
1.75
2.08
1.87
5.6
3.5
1.81
2.04
1.32
1.166
3.9
1.32
1.75
2.25
2.54
3.35
3.05
1.4
1.35
1.54
1.82
2.15
1.79
2.2
1.533
4.1
8
1.09
1.26
2.56
1.97
1.97
1.87
2.08
1.2
7.1
21
1.006
1.111
4.8
2.2
1.78
2.42
1.66
3.5
3.5
2.22
1.69
1.32
1.32
2.48
1.63
1.8
2.18
1.9
3.5
4.8
1.2
1.32
1.94
1.39
3.4
1.75
2.25
6
3.7
1.71
2.18
1.3
1.143
1.74
2.26
1.92
2.02
1.88
3.5
5.1
1.181
1.32
1.96
1.363
3.55
1.77
2.22
1.7
3.8
5.3
1.166
1.285
2.18
2.3
1.68
1.65
2.35
2.7
3.4
2.65
1.5
1.333
1.48
1.96
1.92
1.7
2.26
1.6
3.8
6.5
1.125
1.285
2.38
2.1
1.8
1.6
2.46
1.3
6.5
8.4
1.08
1.125
3.65
1.99
1.89
1.65
2.35
1.9
3.5
4.35
1.23
1.32
1.93
2.72
1.51
1.6
2.46
2.7
3.3
2.7
1.48
1.35
1.48
1.94
1.94
1.6
2.46
1.87
3.45
4.6
1.21
1.333
1.96
2.64
1.533
1.6
2.46
1.8
3.6
4.8
1.2
1.3
2.04
2.52
1.58
1.65
2.35
2.06
3.3
3.7
1.27
1.32
1.74
1.49
2.66
1.8
2.04
1.75
3.6
4.8
1.181
1.285
2.04
2.3
1.63
1.78
2.06
2.72
3
2.8
1.42
1.37
1.444
1.88
1.94
1.8
2.04
3.2
3.15
2.35
1.571
1.34
1.333
2.25
1.66
1.8
2.04
1.5
4.25
6.4
1.111
1.21
2.54
1.86
1.96
1.96
1.86
1.9
3.4
4.2
1.222
1.3
1.87
1.39
3.05
1.8
2.04
1.9
3.4
4.2
1.222
1.3
1.87
1.39
3.05
1.8
2.04
3.3
3.2
2.25
1.615
1.333
1.32
2.35
1.61
1.8
2.04
1.32
5.3
8.9
1.055
1.143
3.3
1.91
1.91
1.96
1.86
2.6
3.3
2.7
1.444
1.32
1.48
1.87
1.952
1.63
2.3
1.533
4.4
6.6
1.133
1.24
2.6
1.92
2
2.58
1.58
5.1
3.55
1.81
2.06
1.333
1.19
3.7
1.333
1.77
2.2
7.7
4.45
1.42
2.8
1.2
1.075
2.14
1.727
2.24
1.666
1.06
12
31
0
1.022
8.5
1.909
1.91
1.952
1.87
1.99
3.4
4.35
1.23
1.34
1.85
1.43
3.125
1.7
2.32
2.1
3.4
3.9
1.27
1.34
1.77
1.51
2.8
1.9
2.02
2.94
3.45
2.5
1.571
1.34
1.444
2.14
1.81
1.7
2.32
2.78
3.4
2.65
1.52
1.35
1.48
2.02
1.91
1.6
2.52
1.09
10.5
56
0
1.065
8.4
1.85
2.08
2.82
1.5
2.6
3.4
2.84
1.46
1.35
1.533
1.88
2.05
1.84
2.1
1.4
4.5
10.5
1.065
1.23
3.1
2.26
1.727
1.96
1.96
2.84
3.4
2.6
1.533
1.35
1.46
2.05
1.88
1.65
2.42
1.222
7
14
1.036
1.125
4.6
2.24
1.74
2.15
1.8
6.4
4
1.6
2.44
1.27
1.143
1.87
2.06
2.15
1.8
1.833
3.4
3.95
1.19
1.25
1.81
1.37
2.95
1.65
2.16
2.05
3.6
3.6
1.3
1.3
1.79
2.92
1.45
2.54
1.571
3.05
3.6
2.3
1.64
1.3
1.4
2.26
1.7
1.952
1.93
3.6
3.6
2.05
1.79
1.3
1.3
2.68
1.52
2.75
1.5
2.2
3.6
3.25
1.363
1.3
1.69
1.63
2.4
2.46
1.6
2.7
3.5
2.6
1.51
1.32
1.48
1.98
1.9
2.64
1.533
8
6
1.333
3.4
1.143
1.085
1.88
2
2.75
1.5
4.2
3.25
2.14
1.77
1.38
1.26
2.9
1.49
1.68
2.38
7.8
4.55
1.5
2.75
1.23
1.111
2.1
1.85
1.99
1.952
1.58
4
7.6
1.111
1.285
2.52
2.06
1.89
2.06
1.89
2.02
3.3
4.6
1.23
1.37
1.87
1.42
3.2
1.74
2.26
2.3
3.2
3.75
1.31
1.39
1.68
1.59
2.58
1.7
2.34
2.48
3.3
3.25
1.38
1.37
1.59
1.74
2.26
1.72
2.3
2.22
3.3
3.8
1.3
1.37
1.72
1.56
2.68
1.74
2.26
1.65
3.8
6.8
1.133
1.3
2.35
2.16
1.81
1.77
2.22
2.86
3.15
2.875
1.46
1.4
1.47
1.96
1.98
1.78
2.2
3.55
3.2
2.375
1.64
1.39
1.333
2.46
1.64
1.7
2.34
1.85
3.5
5.3
1.19
1.34
2.04
2.56
1.6
1.85
2.1
1.47
5.6
6.4
1.143
1.181
2.85
2.4
1.666
2.1
1.85
3.9
3.4
2.15
1.77
1.363
1.3
2.75
1.533
1.78
2.2
2.55
3.25
3.2
1.39
1.38
1.571
1.77
2.22
1.7
2.34
2.45
3.25
3.35
1.363
1.38
1.61
1.7
2.34
1.72
2.3
1.85
3.6
5.1
1.2
1.333
2.04
1.34
3.7
1.85
2.1
1.85
3.55
5.2
1.19
1.333
2.04
1.333
3.75
1.7
2.34
1.55
4.3
7.3
1.125
1.25
2.6
1.96
1.98
1.952
1.99
1.952
3.5
4.6
1.23
1.34
1.93
1.4
3.35
1.65
2.44
1.4
5.8
7.8
1.111
1.166
3.15
2.2
1.79
2.18
1.8
2.15
3.35
3.95
1.285
1.363
1.77
1.52
2.8
1.75
2.25
1.85
3.45
5.4
1.181
1.35
2.04
1.32
3.9
1.78
2.2
4.5
3.55
1.952
1.93
1.333
1.24
3.25
1.41
1.85
2.1
2.54
3.25
3.2
1.39
1.38
1.571
1.77
2.22
1.7
2.34
2.35
3.25
3.55
1.333
1.38
1.65
1.64
2.46
1.65
2.44
2.05
3.35
4.35
1.25
1.363
1.84
1.45
3.1
1.72
2.3
2.45
3.25
3.35
1.363
1.38
1.61
1.7
2.34
1.7
2.34
2.7
3.15
3.05
1.42
1.4
1.51
1.86
2.1
1.65
2.44
7.2
4.1
1.58
2.52
1.27
1.125
1.94
2
2.18
1.8
1.85
3.45
5.4
1.181
1.35
2.04
1.32
3.9
1.72
2.3
1.7
3.7
5.8
1.166
1.31
2.24
2.3
1.71
1.65
2.42
2.4
3.2
3.3
1.363
1.38
1.615
1.69
2.34
1.72
2.28
2.1
3.15
4.2
1.25
1.39
1.78
3.15
1.42
1.68
2.35
2.54
3
3.3
1.363
1.42
1.56
1.74
2.24
1.727
2.26
3.1
3.2
2.52
1.56
1.38
1.4
2.18
1.78
2.08
1.85
2.3
3.1
3.65
1.31
1.4
1.66
1.6
2.52
1.58
2.58
4.7
3.25
1.96
1.9
1.37
1.222
1.5
2.82
1.65
2.42
2.32
3.2
3.5
1.333
1.38
1.65
1.66
2.4
1.86
2.08
1.6
3.7
7.4
1.111
1.31
2.44
2.08
1.85
1.89
2.04
2.6
3.05
3.15
1.39
1.41
1.533
1.79
2.16
1.89
2.04
6.4
4.2
1.571
2.5
1.25
1.143
1.92
2
2.42
1.65
2.2
3.4
3.55
1.333
1.35
1.72
1.59
2.55
1.833
2.1
1.8
3.6
5.1
1.19
1.32
2.08
2.5
1.615
1.8
2.15
1.6
4.1
6.2
1.143
1.26
2.44
2.06
1.87
2.2
1.77
4.4
3.4
1.96
1.9
1.35
1.24
3.15
1.42
2.06
1.87
3.55
3.4
2.2
1.72
1.35
1.333
2.55
1.59
1.85
2.08
2.7
3.45
2.7
1.5
1.34
1.5
1.96
1.96
1.7
2.32
3.8
3.5
2.08
1.8
1.333
1.3
2.76
1.52
1.92
2
1.89
3.65
4.2
1.24
1.3
1.94
1.41
3.1
2.1
1.8
1.69
3.65
5.7
1.153
1.3
2.2
2.15
1.77
1.85
2.04
1.55
4.4
6.5
1.125
1.23
2.52
1.952
1.97
2.22
1.75
1.47
4.8
7.2
1.111
1.2
2.76
1.79
2.16
2.4
1.66
3.15
3.5
2.36
1.615
1.32
1.38
2.3
1.71
2.12
1.82
1.98
3.6
4.1
1.26
1.31
1.86
1.444
3.05
1.9
2.02
2.48
3.4
3.05
1.4
1.34
1.571
1.78
2.18
1.82
2.12
2.6
3.35
2.92
1.43
1.35
1.52
1.85
2.08
1.84
2.1
1.72
3.85
5.4
1.166
1.285
2.18
2.3
1.71
1.94
1.98
2.25
3.4
3.5
1.32
1.34
1.68
1.61
2.5
1.8
2.15
3.2
3.45
2.36
1.615
1.333
1.37
2.32
1.7
2
1.92
1.45
4.8
7.8
1.095
1.2
2.84
1.75
2.22
2.3
1.71
2.26
3.5
3.35
1.35
1.32
1.666
1.64
2.44
1.952
1.97
1.75
3.9
4.333
1.21
1.24
2.04
2.34
1.615
2.8
1.45
1.615
4
5.3
1.143
1.23
2.26
2.08
1.77
2.8
1.45
1.666
4
4.8
1.181
1.23
2.16
2.18
1.7
2.8
1.45
2.25
3.5
3.05
1.363
1.285
1.615
1.66
2.25
2.44
1.571
13
7.5
1.181
4.65
1.075
1.016
1.86
1.96
3.6
1.3
2.4
3.5
2.8
1.42
1.285
1.55
1.77
2.08
2.28
1.64
2.25
3.5
3.05
1.363
1.285
1.615
1.66
2.25
2.375
1.6
2.3
3.6
2.9
1.4
1.285
1.59
1.71
2.16
2.18
1.7
2.2
3.6
3.05
1.363
1.285
1.65
1.64
2.28
2.44
1.571
3.3
3.6
2.1
1.71
1.285
1.32
2.46
1.56
2.44
1.571
2
3.5
3.65
1.27
1.285
1.78
1.48
2.7
2.8
1.45
2.2
3.5
3.3
1.35
1.32
1.69
1.615
2.42
2.04
1.85
2.45
3.6
2.82
1.45
1.3
1.571
1.81
2.1
2.32
1.666
2.625
3.55
2.625
1.51
1.31
1.51
1.94
1.94
2.32
1.666
2.2
3.6
3.25
1.363
1.3
1.69
1.63
2.4
2.1
1.8
1.615
4.2
5.4
1.166
1.24
2.35
2.1
1.81
2.32
1.666
1.444
4.4
9.4
1.07
1.23
2.86
1.77
2.2
1.76
2.22
2.52
3.15
3.2
1.37
1.38
1.55
1.75
2.22
1.56
2.65
5.9
4.05
1.64
2.32
1.26
1.153
1.8
2.15
1.952
1.97
1.533
4.55
6.5
1.125
1.222
2.56
1.9
2.02
2.66
1.55
2.42
3.55
3.05
1.4
1.32
1.59
1.76
2.22
2.06
1.87
1.94
3.8
4.05
1.26
1.285
1.9
2.7
1.54
2.35
1.68
1.93
3.9
4
1.26
1.27
1.91
1.45
3.05
2.72
1.533
2.28
3.45
3.35
1.35
1.333
1.66
1.65
2.42
1.89
2.04
1.6
4.2
6.2
1.133
1.25
2.4
2.05
1.88
2.1
1.833
2.14
3.55
3.6
1.31
1.32
1.74
1.56
2.64
2.18
1.78
1.571
4.4
6.2
1.133
1.23
2.46
1.98
1.94
2.46
1.63
2
3.6
3.8
1.285
1.3
1.833
2.85
1.47
1.96
1.92
1.2
7.1
15
1.022
1.111
4.75
2.05
1.84
2.88
1.46
1.65
4.1
5.2
1.181
1.25
2.28
2.15
1.77
2.7
1.51
