2.5
3.3
2.95
1.42
1.35
1.55
1.79
2.12
1.89
1.99
2.5
3.5
2.8
1.45
1.32
1.55
1.833
2.06
2.2
1.74
2.66
3.2
2.84
1.444
1.363
1.49
1.88
2
1.81
2.1
2.28
3.15
3.5
1.32
1.38
1.65
1.6
2.46
1.64
2.375
2.6
3.15
2.95
1.42
1.38
1.51
1.82
2.08
1.5
2.75
2.8
3.75
2.4
1.59
1.285
1.45
2.1
1.8
1.63
2.4
2.6
3.4
2.75
1.47
1.333
1.51
1.89
1.99
2.04
1.85
2.7
3.25
2.74
1.47
1.363
1.48
1.93
1.952
1.8
2.1
2.7
3
2.95
1.42
1.41
1.48
1.86
2.02
1.51
2.72
2.46
3.4
2.94
1.42
1.333
1.571
1.78
2.14
2.02
1.86
2.52
3.45
2.82
1.45
1.333
1.54
1.84
2.05
2.1
1.81
2.65
3.5
2.65
1.5
1.32
1.5
1.94
1.94
2.18
1.75
2.28
3.3
3.15
1.34
1.32
1.6
1.65
2.26
1.94
1.88
1.9
3.4
4.2
1.222
1.3
1.87
2.7
1.48
1.85
1.97
1.71
3.5
5.3
1.143
1.285
2.1
2.28
1.64
2.04
1.8
3.125
3.3
2.3
1.59
1.32
1.35
2.25
1.66
1.91
1.91
3.05
3.45
2.52
1.58
1.35
1.42
2.18
1.81
2.1
1.87
1.58
4.35
6.6
1.143
1.25
2.52
2.02
1.952
2.22
1.79
1.79
3.8
5.2
1.19
1.3
2.12
2.4
1.68
2.15
1.833
1.97
3.5
4.5
1.24
1.34
1.91
2.875
1.51
1.74
2.3
3.45
3.45
2.3
1.68
1.35
1.35
2.48
1.65
1.84
2.14
1.9
3.55
4.85
1.21
1.333
1.98
2.68
1.571
1.74
2.3
5.9
4
1.68
2.3
1.285
1.166
1.78
2.24
2.02
1.94
1.69
4.1
5.6
1.181
1.27
2.28
2.24
1.78
2.24
1.78
6.8
4.3
1.571
2.54
1.25
1.133
1.97
1.99
2.14
1.84
2.05
3.5
4.15
1.27
1.34
1.84
1.48
2.98
2.02
1.94
1.89
3.65
4.7
1.222
1.32
1.99
1.39
3.45
1.87
2.1
1.9
3.6
4.75
1.222
1.333
1.98
1.39
3.45
1.91
2.05
7.2
4.1
1.58
2.52
1.27
1.125
1.96
2
2.3
1.74
1.74
3.65
6
1.166
1.32
2.2
2.35
1.71
2.06
1.909
1.56
4.25
7.2
1.125
1.26
2.56
1.99
1.97
1.79
2.22
2
3.65
4.15
1.27
1.32
1.88
1.47
3.05
2
1.96
2.8
3.4
2.75
1.5
1.363
1.48
2
1.96
1.98
1.98
6.6
3.75
1.68
2.3
1.31
1.143
1.79
2.22
2.14
1.85
1.333
5.5
12
1.055
1.181
3.55
2.02
1.952
2.24
1.77
1.42
4.9
9.4
1.08
1.21
3.05
2.26
1.76
2.14
1.84
3.35
3.35
2.4
1.63
1.363
1.363
2.375
1.7
1.85
2.14
1.285
6
14
1.04
1.166
3.95
1.85
2.14
2.375
1.7
1.23
7
17
1.03
1.125
4.6
2.18
1.82
2.6
1.6
1.72
3.75
6
1.166
1.31
2.22
2.28
1.75
2.2
1.8
8
5
1.45
2.92
1.21
1.111
1.72
2.34
2.32
1.727
1.7
3.7
6.4
1.143
1.32
2.26
2.28
1.75
1.833
2.15
1.87
3.55
5
1.21
1.333
2.02
1.363
3.6
1.79
2.22
2.05
3.5
4.15
1.27
1.34
1.84
1.48
2.98
2.14
1.84
6.6
4
1.63
2.4
1.285
1.143
1.87
2.1
2.3
1.74
4.2
3.6
2
1.88
1.333
1.26
3.1
1.46
1.85
2.14
2
3.5
4.2
1.25
1.32
1.85
2.86
1.49
1.88
2.05
2.45
3.3
3.2
1.37
1.35
1.58
1.727
2.26
1.96
1.96
2.75
3.4
2.72
1.48
1.34
1.48
1.97
1.952
1.96
1.96
2.62
3.4
2.86
1.444
1.34
1.52
1.88
2.05
1.92
2
2.5
3.45
2.98
1.42
1.333
1.56
1.8
2.15
2.05
1.88
3.3
3.45
2.3
1.65
1.333
1.35
2.4
1.66
1.99
1.93
1.66
3.9
6
1.143
1.27
2.28
2.2
1.77
1.96
1.96
2.375
3.4
3.2
1.37
1.34
1.61
1.71
2.3
1.98
1.94
2.15
3.4
3.75
1.3
1.34
1.74
1.54
2.7
1.96
1.96
2.25
3.4
3.5
1.32
1.34
1.68
1.61
2.5
1.87
2.06
2.375
3.4
3.2
1.37
1.34
1.61
1.71
2.3
1.79
2.16
1.833
3.75
4.7
1.21
1.3
2.02
2.52
1.6
1.96
1.96
1.5
4.333
7.8
1.095
1.23
2.66
1.77
2.2
2.1
1.833
2.9
3.45
2.55
1.54
1.333
1.444
2.12
1.82
1.9
2.02
3.7
3.4
2.16
1.727
1.34
1.3
2.66
1.55
2.02
1.9
2.1
3.4
3.9
1.27
1.34
1.77
1.51
2.8
1.88
2.05
5.1
3.8
1.77
2.1
1.285
1.181
1.66
2.4
2
1.92
3.2
3.4
2.4
1.6
1.34
1.37
2.3
1.71
1.99
1.93
2.16
3.4
3.7
1.3
1.34
1.727
1.55
2.66
1.96
1.96
2.95
3.4
2.55
1.54
1.34
1.42
2.1
1.833
1.92
2
3.1
3.4
2.45
1.58
1.34
1.39
2.22
1.75
1.96
1.96
1.86
3.5
4.95
1.19
1.32
1.98
2.58
1.58
2
1.92
2.8
3.35
2.7
1.49
1.35
1.46
2
1.92
1.96
1.96
3.2
3.45
2.375
1.61
1.333
1.37
2.3
1.71
1.96
1.96
7.1
4.3
1.533
2.56
1.24
1.111
2
1.92
2.28
1.72
6.2
4.15
1.6
2.4
1.25
1.133
1.87
2.06
2.15
1.8
4.05
3.6
2
1.85
1.31
1.26
1.5
2.82
2.08
1.85
1.64
3.85
6.4
1.133
1.285
2.32
2.14
1.81
2.02
1.91
2.375
3.35
3.25
1.363
1.35
1.61
1.7
2.32
2
1.92
2.75
3.35
2.75
1.48
1.35
1.48
1.96
1.96
1.96
1.96
2.375
3.35
3.25
1.363
1.35
1.61
1.7
2.32
1.84
2.1
2.85
3.35
2.66
1.5
1.35
1.45
2.04
1.89
1.92
2
2.3
3.4
3.35
1.35
1.34
1.65
1.65
2.42
1.88
2.05
2.6
3.35
2.92
1.43
1.35
1.52
1.85
2.08
1.96
1.96
2.9
3.45
2.55
1.54
1.333
1.444
2.1
1.84
1.88
2.05
3.6
3.4
2.2
1.7
1.34
1.31
2.58
1.58
1.88
2.05
1.8
3.7
5
1.19
1.3
2.06
2.5
1.615
1.88
2.05
3.6
3.4
2.2
1.7
1.34
1.31
2.58
1.58
1.88
2.05
2.375
3.4
3.2
1.37
1.34
1.61
1.71
2.3
2
1.92
2.375
3.4
3.2
1.37
1.34
1.61
1.71
2.3
1.84
2.1
2.95
3.5
2.4
1.59
1.32
1.42
2.16
1.76
1.91
1.97
1.909
3.6
4.15
1.25
1.3
1.92
2.72
1.51
1.85
2.04
2.05
3.5
3.75
1.285
1.32
1.79
2.95
1.444
2
1.88
2.1
3.6
3.5
1.32
1.3
1.76
1.55
2.6
2.06
1.833
1.37
5.3
8
1.085
1.166
3.2
2.15
1.77
2.32
1.666
2.625
3.4
2.72
1.48
1.333
1.51
1.909
1.97
1.94
1.94
3.8
3.6
2
1.833
1.3
1.285
1.47
2.85
1.94
1.94
1.55
4.35
6
1.143
1.23
2.5
1.97
1.91
2.18
1.75
1.533
4.5
5.4
1.143
1.19
2.44
1.92
1.9
2.625
1.5
2.68
3.6
2.45
1.533
1.285
1.45
1.99
1.833
2.18
1.7
2.3
3.7
2.84
1.41
1.27
1.59
1.727
2.14
2.18
1.7
2.5
3.7
2.58
1.48
1.27
1.51
1.88
1.94
2.18
1.7
2.75
3.6
2.4
1.55
1.285
1.43
2.05
1.79
2.625
1.5
1.91
3.6
3.9
1.24
1.285
1.86
2.7
1.48
1.85
1.97
3
3.45
2.3
1.59
1.3
1.37
2.2
1.69
1.97
1.85
1.54
4.15
6
1.125
1.222
2.42
1.94
1.88
2.34
1.615
1.833
3.6
4.25
1.21
1.285
1.94
2.56
1.52
1.833
2
2.96
3.5
2.3
1.59
1.285
1.38
2.18
1.7
1.96
1.86
2.2
3.5
3.15
1.34
1.285
1.65
1.615
2.34
1.97
1.85
2.6
3.4
2.64
1.47
1.3
1.48
1.9
1.92
1.84
1.98
2.375
3.4
2.92
1.39
1.3
1.56
1.727
2.14
2.08
1.77
2
3.6
3.55
1.285
1.285
1.78
1.49
2.66
1.88
1.94
1.8
3.75
4.25
1.21
1.26
1.98
2.46
1.56
2.24
1.666
2.1
3.5
3.35
1.31
1.285
1.71
1.55
2.48
1.91
1.91
1.444
4.5
7
1.09
1.19
2.7
1.75
2.1
2.24
1.666
2.45
3.6
2.68
1.45
1.285
1.533
1.833
1.99
1.99
1.833
2.35
3.6
2.82
1.41
1.285
1.571
1.75
2.1
1.91
1.91
2.78
3.6
2.375
1.56
1.285
1.43
2.08
1.77
2.375
1.6
2.4
3.6
2.75
1.43
1.285
1.55
1.79
2.05
2.15
1.72
2
3.65
3.5
1.285
1.27
1.78
2.875
1.43
2.02
1.81
2.96
3.5
2.3
1.59
1.285
1.38
2.18
1.7
2.02
1.82
4.3
4.2
1.7
2.12
1.222
1.21
1.65
2.26
2.04
1.8
2.1
3.5
3.35
1.31
1.285
1.71
1.55
2.48
2.1
1.75
2.4
3.6
2.75
1.43
1.285
1.55
1.79
2.05
2.48
1.55
4.2
4
1.75
2.04
1.23
1.222
1.615
2.34
2.82
1.444
2.5
3.6
2.625
1.47
1.285
1.51
1.86
1.96
2.04
1.8
3.125
3.125
2.6
1.52
1.39
1.39
2.16
1.79
1.63
2.46
2.2
3.2
3.85
1.285
1.37
1.7
1.54
2.7
1.65
2.42
2.3
3.25
3.55
1.32
1.363
1.65
1.615
2.5
1.5
2.82
2.4
3.2
3.35
1.35
1.37
1.6
1.68
2.35
1.51
2.8
1.82
3.35
5.6
1.166
1.35
2.04
2.55
1.59
1.48
2.9
3.05
3.3
2.52
1.55
1.35
1.4
2.16
1.79
1.55
2.66
2.22
3.25
3.75
1.3
1.363
1.69
1.56
2.64
1.48
2.9
1.59
3.9
7.1
1.111
1.27
2.42
2.06
1.87
1.63
2.46
2.6
3.2
3.05
1.4
1.37
1.52
1.81
2.14
1.5
2.82
3.9
3.3
2.15
1.74
1.35
1.27
2.76
1.52
1.55
2.66
2.55
3.05
3.1
1.39
1.4
1.533
1.77
2.15
1.5
2.75
2.28
2.9
3.9
1.27
1.43
1.65
1.54
2.62
1.48
2.82
4.3
3
2.1
1.76
1.41
1.23
2.95
1.444
1.51
2.72
3.3
3
2.46
1.571
1.41
1.35
2.28
1.69
1.56
2.56
1.6
3.65
7
1.111
1.3
2.38
2.1
1.8
1.54
2.62
2.3
2.95
3.75
1.285
1.42
1.64
1.56
2.56
1.5
2.75
1.75
3.3
6
1.143
1.35
2.12
2.4
1.63
1.6
2.46
2.1
3
4.3
1.23
1.41
1.76
1.444
2.95
1.52
2.68
2.2
2.96
4
1.26
1.41
1.69
1.5
2.75
1.52
2.68
1.8
3.2
5.8
1.153
1.363
2.04
2.52
1.58
1.6
2.46
1.952
3
5.1
1.181
1.41
1.88
1.34
3.5
1.52
2.68
2.65
3.3
2.65
1.46
1.32
1.46
1.91
1.91
1.7
2.18
3.25
3.4
2.2
1.65
1.3
1.333
2.375
1.6
1.82
2.02
2.1
3.4
3.45
1.3
1.3
1.71
1.533
2.54
1.7
2.18
2.4
3.2
3.05
1.363
1.333
1.55
1.71
2.16
1.8
2.04
1.952
3.5
3.85
1.25
1.285
1.82
1.444
2.82
1.8
2.04
1.55
4
6.1
1.125
1.23
2.4
1.99
1.833
1.75
2.1
1.7
3.8
5.7
1.153
1.285
2.2
2.26
1.727
1.94
1.98
1.75
3.8
5.2
1.181
1.285
2.12
2.38
1.666
1.84
2.1
1.7
3.75
5.9
1.153
1.3
2.2
2.24
1.74
2.02
1.9
2.38
3.35
3.25
1.363
1.35
1.61
1.7
2.32
2.04
1.89
2.66
3.35
2.85
1.45
1.35
1.5
1.89
2.04
1.97
1.952
2.35
3.3
3.35
1.35
1.35
1.63
1.666
2.38
1.61
2.5
2.24
3.45
3.45
1.333
1.333
1.68
3.4
1.38
1.79
2.16
1.85
3.5
5
1.19
1.32
2
2.6
1.571
1.72
2.28
2.12
3.4
3.85
1.285
1.34
1.75
3.125
1.43
1.9
2.02
1.3
5.6
13
1.036
1.166
3.65
1.49
2.88
2.18
1.78
1.952
3.35
4.333
1.23
1.34
1.88
2.82
1.48
1.77
2.14
2.15
3.35
3.6
1.3
1.34
1.727
1.55
2.6
1.77
2.14
1.55
3.95
7
1.111
1.26
2.5
1.97
1.909
2
1.88
2.25
3.3
3.4
1.333
1.35
1.666
1.61
2.44
1.8
2.1
1.78
3.7
4.75
1.2
1.3
2.08
2.42
1.615
2.05
1.84
2.36
3.3
3.2
1.363
1.35
1.61
1.69
2.28
1.85
2.04
2.05
3.35
3.9
1.27
1.34
1.79
1.48
2.82
1.96
1.92
2.22
3.35
3.4
1.333
1.34
1.68
1.6
2.46
2.04
1.85
3.3
3.4
2.24
1.666
1.333
1.35
2.4
1.63
2
1.88
1.94
3.35
4.4
1.222
1.34
1.89
2.75
1.5
2.04
1.85
3.6
3.3
2.1
1.71
1.32
1.285
2.6
1.51
1.68
2.22
2.24
3.65
3.4
1.363
1.32
1.71
1.63
2.48
2.26
1.74
2.28
3.45
3.5
1.34
1.35
1.69
1.63
2.48
1.94
2
2.54
3.55
2.94
1.45
1.333
1.571
1.833
2.12
2.26
1.74
2.14
3.65
3.65
1.32
1.32
1.77
1.56
2.68
2.2
1.78
3.2
3.55
2.38
1.64
1.333
1.39
2.3
1.72
2.16
1.81
3.45
3.5
2.28
1.69
1.34
1.35
2.46
1.64
2.04
1.9
3
3.65
2.44
1.61
1.32
1.43
2.2
1.79
2.38
1.68
2.06
3.85
3.7
1.32
1.3
1.833
1.533
2.75
2.52
1.615
2.36
3.6
3.2
1.39
1.333
1.65
1.71
2.32
2.1
1.85
1.97
3.85
4.05
1.285
1.3
1.91
1.46
3.05
2.2
1.78
1.1
14
31
1.001
1.04
8.2
1.833
2.12
2
1.94
1.444
4.7
9.1
1.085
1.222
2.95
1.74
2.28
2.44
1.65
2.12
3.65
3.7
1.32
1.32
1.79
1.55
2.7
2.06
1.89
8.2
4.4
1.5
2.75
1.25
1.1
2.12
1.84
2.875
1.5
2.04
3.8
3.8
1.3
1.3
1.85
1.51
2.84
2.52
1.615
1.86
3.7
4.8
1.222
1.32
2.02
2.54
1.61
2.34
1.7
2.25
3.5
3.5
1.34
1.34
1.7
1.615
2.52
2.12
1.833
1.63
4
6.6
1.143
1.285
2.4
2.1
1.85
2.2
1.78
2.7
3.45
2.82
1.48
1.35
1.51
1.93
2.02
2.04
1.9
2.2
3.6
3.55
1.333
1.333
1.74
1.59
2.58
2.34
1.7
2.5
3.5
3.05
1.42
1.34
1.58
1.79
2.2
2.26
1.74
11
5.4
1.35
3.45
1.181
1.065
1.94
2
1.952
1.99
2.4
3.5
3.2
1.39
1.34
1.63
1.727
2.3
2.34
1.7
1.8
3.8
5.1
1.2
1.3
2.1
2.42
1.66
2.34
1.7
1.55
4.25
7.4
1.125
1.26
2.6
1.94
2
2.44
1.65
3.4
3.6
2.25
1.7
1.333
1.363
2.46
1.64
2.2
1.78
3.05
3.5
2.5
1.58
1.34
1.42
2.2
1.79
1.97
1.97
2.8
3.45
2.64
1.51
1.333
1.46
2.02
1.9
1.94
1.98
2.55
3.4
2.95
1.42
1.34
1.54
1.833
2.1
1.82
2.12
2
3.55
4.1
1.26
1.32
1.85
1.46
2.98
1.94
1.98
1.72
3.95
5.2
1.181
1.27
2.18
2.3
1.71
2.2
1.77
1.46
4.85
7.4
1.111
1.2
2.8
1.79
2.16
1.96
1.96
2.52
3.4
2.98
1.42
1.34
1.55
1.81
2.14
1.84
2.1
2.02
3.65
3.9
1.27
1.3
1.833
1.49
2.86
1.96
1.96
3
3.4
2.5
1.56
1.34
1.41
2.15
1.8
1.99
1.93
2.82
3.5
2.6
1.52
1.32
1.46
2.05
1.88
1.98
1.94
3.45
3.45
2.24
1.68
1.333
1.333
2.5
1.615
2.22
1.75
2.45
3.55
2.98
1.42
1.32
1.58
1.79
2.16
2.08
1.85
1.9
3.55
4.6
1.21
1.32
1.94
1.38
3.4
2.02
1.9
1.45
4.8
7.8
1.095
1.2
2.84
1.75
2.22
2.32
1.7
2.15
3.45
3.7
1.3
1.333
1.74
1.55
2.66
1.98
1.94
2.1
3.55
3.75
1.3
1.32
1.77
1.533
2.72
2.08
1.85
2.45
3.45
2.9
1.43
1.333
1.571
1.79
2.12
2.04
1.85
2.05
3.45
4.2
1.26
1.35
1.84
2.98
1.47
1.78
2.2
1.125
12
23
1.013
1.055
7
2.02
1.93
1.97
1.97
1.65
3.95
6.4
1.143
1.285
2.35
2.15
1.82
2.1
1.85
12
6.1
1.3
3.8
1.153
1.055
2.1
1.86
1.97
1.97
1.27
6.5
14
1.04
1.143
4.1
1.79
2.2
2.48
1.63
3.3
3.4
2.4
1.63
1.363
1.37
2.34
1.7
1.84
2.12
2.4
3.45
3.25
1.38
1.35
1.63
1.71
2.32
1.88
2.08
2.9
3.5
2.6
1.55
1.34
1.46
2.08
1.87
1.87
2.08
1.68
4.05
5.8
1.166
1.285
2.3
2.2
1.79
2.25
1.75
2.6
3.45
2.94
1.45
1.35
1.55
1.86
2.1
2
1.94
1.9
3.5
4.9
1.21
1.34
1.98
2.68
1.56
1.72
2.3
1.68
3.9
6.1
1.153
1.3
2.3
2.22
1.77
1.9
2.04
7.2
4.333
1.55
2.6
1.25
1.125
1.94
2
1.9
2.04
1.9
3.6
4.75
1.222
1.333
1.98
2.64
1.571
1.9
2.04
1.111
12
31
1.001
1.055
7.6
1.7
2.34
2.3
1.72
2.44
3.3
3.3
1.37
1.37
1.61
1.71
2.32
1.89
2.06
1.952
3.5
4.6
1.23
1.34
1.93
2.75
1.533
1.99
1.952
2.65
3.35
2.95
1.444
1.363
1.533
1.87
2.08
1.9
2.04
1.5
4.6
7.6
1.111
1.23
2.75
1.85
2.1
2.04
1.9
9.7
5.5
1.37
3.3
1.181
1.08
1.88
2.08
2.875
1.5
1.952
3.55
4.5
1.24
1.333
1.93
2.8
1.52
1.8
2.18
14
6.4
1.27
4.1
1.143
1.04
2.2
1.78
2.875
1.5
2.1
3.35
4.15
1.27
1.363
1.8
1.48
2.95
1.833
2.12
1.181
8.6
19
1.022
1.095
5.4
1.96
1.98
2.1
1.85
1.952
3.5
4.6
1.23
1.34
1.93
2.84
1.51
1.94
2
2.5
3.4
3.125
1.41
1.363
1.58
1.77
2.22
1.78
2.2
1.7
3.9
5.9
1.166
1.3
2.26
2.25
1.75
2.04
1.9
2.1
3.4
4.1
1.27
1.363
1.8
1.49
2.9
2.18
1.8
1.72
3.8
5.9
1.166
1.3
2.22
2.26
1.74
2.12
1.833
2
3.4
4.5
1.24
1.363
1.88
2.875
1.5
1.8
2.18
2.54
3.4
2.9
1.444
1.35
1.56
1.833
2.1
1.82
2.12
1.92
3.6
4.3
1.25
1.32
1.94
1.42
3.15
1.96
1.96
2.46
3.3
3.1
1.4
1.363
1.59
1.75
2.22
1.88
2.04
2.25
3.4
3.4
1.35
1.35
1.69
1.63
2.45
1.79
2.16
2.74
3.3
2.74
1.49
1.363
1.49
1.96
1.96
1.79
2.16
1.78
3.6
5.2
1.19
1.32
2.1
1.32
3.8
1.85
2.08
2.46
3.3
3.1
1.4
1.363
1.59
1.75
2.22
1.7
2.32
2
3.4
4.2
1.25
1.35
1.86
1.444
3.05
1.85
2.08
2
3.4
4.2
1.25
1.35
1.86
1.444
3.05
1.75
2.22
1.78
3.6
5.2
1.19
1.32
2.1
1.32
3.8
1.96
1.96
1.74
3.7
5.4
1.181
1.31
2.16
1.3
4
1.85
2.08
1.952
3.55
4.5
1.24
1.333
1.93
2.8
1.52
1.85
2.1
1.51
4.75
7
1.125
1.222
2.72
1.87
2.08
1.99
1.952
1.444
4.8
8.7
1.09
1.222
2.95
2.32
1.71
2.25
1.75
8
5
1.45
2.92
1.21
1.111
1.7
2.34
2.12
1.833
3.1
3.35
2.54
1.571
1.363
1.41
2.2
1.79
1.8
2.18
2.56
3.35
3.05
1.42
1.363
1.56
1.81
2.16
1.77
2.22
1.94
3.45
4.75
1.222
1.35
1.94
1.39
3.4
1.85
2.1
2.88
3.3
2.74
1.5
1.37
1.46
2.02
1.92
1.85
2.1
4.45
3.45
2
1.88
1.35
1.24
3.15
1.43
1.952
1.99
1.4
5
9.9
1.075
1.21
3.15
2.2
1.79
2.15
1.82
1.8
3.6
5.5
1.181
1.333
2.1
2.44
1.65
1.9
2.04
2.3
3.3
3.6
1.333
1.37
1.68
1.615
2.52
1.94
2
3.5
3.3
2.34
1.66
1.37
1.34
2.46
1.64
1.92
2.02
3.9
3.4
2.15
1.77
1.363
1.3
2.75
1.533
1.89
2.06
1.4
5
9.9
1.075
1.21
3.15
0
0
2.15
1.82
1.85
3.6
5.1
1.2
1.333
2.04
2.54
1.61
1.97
1.97
2.2
3.3
3.9
1.3
1.37
1.74
1.54
2.74
1.78
2.2
1.31
5.7
13
1.05
1.166
3.75
1.91
2.04
2.34
1.7
1.52
4.2
8.3
1.1
1.26
2.68
1.87
2.08
2.34
1.7
3.6
3.4
2.26
1.7
1.363
1.333
2.56
1.6
2.02
1.92
7
4.4
1.55
2.6
1.25
1.125
1.98
1.96
2
1.94
4.55
3.7
1.9
1.98
1.32
1.23
3.35
1.4
1.94
2
1.38
5.2
10
1.075
1.19
3.25
2
1.94
2.1
1.85
1.8
3.8
5.1
1.2
1.3
2.1
1.333
3.75
2.04
1.9
2.2
3.4
3.75
1.31
1.363
1.74
1.56
2.68
1.85
2.1
2.28
3.3
3.65
1.32
1.37
1.69
1.6
2.56
1.8
2.18
2.28
3.3
3.65
1.32
1.37
1.69
1.6
2.56
1.8
2.18
2.2
3.4
3.75
1.31
1.363
1.74
1.56
2.68
1.8
2.18
2.74
3.2
2.96
1.444
1.39
1.5
1.9
2.04
1.85
2.1
1.6
4.2
6.6
1.143
1.26
2.46
2.04
1.909
2.1
1.85
4.3
3.5
1.952
1.909
1.333
1.25
3.15
1.42
1.94
1.98
2.35
3.2
3.125
1.35
1.333
1.571
1.666
2.24
1.84
1.99
4.4
3.6
1.96
1.92
1.333
1.25
3.2
1.42
1.8
2.18
1.72
3.9
5.6
1.181
1.3
2.22
1.285
4.2
1.7
2.34
1.9
4
4.2
1.26
1.285
1.98
2.64
1.571
1.97
1.97
1.51
4.35
8.1
1.1
1.25
2.72
1.87
2.08
2.02
1.92
1.6
4.1
6.8
1.133
1.27
2.46
2.02
1.92
2.25
1.75
3.2
3.4
2.45
1.61
1.363
1.39
2.26
1.74
1.9
2.04
4.4
3.55
1.98
1.9
1.333
1.25
3.15
1.43
1.85
2.1
2.25
3.35
3.65
1.32
1.363
1.7
1.59
2.58
1.7
2.34
2
3.5
4.35
1.25
1.34
1.88
2.875
1.5
1.85
2.1
2.6
3.55
2.86
1.47
1.333
1.55
1.88
2.08
1.91
2.04
1.4
5.6
8.2
1.1
1.181
3.15
1.66
2.42
2.18
1.8
2.25
3.45
3.55
1.333
1.35
1.7
1.61
2.54
1.97
1.97
1.55
4.3
7.4
1.125
1.25
2.6
1.96
1.98
1.85
2.1
9.2
5.5
1.38
3.25
1.181
1.085
1.833
2.12
2.25
1.75
2.875
3.3
2.74
1.5
1.37
1.46
2.02
1.92
1.9
2.04
2.6
3.35
3
1.43
1.363
1.55
1.84
2.12
1.85
2.1
1.38
4.75
9.4
1.065
1.2
3.125
1.64
2.38
2.02
1.87
4
3.6
2.05
1.84
1.333
1.285
2.9
1.49
1.85
2.1
5.2
3.5
1.77
2.08
1.32
1.181
3.8
1.3
1.96
1.92
2.15
3.45
3.85
1.3
1.35
1.77
1.533
2.75
1.88
2.08
1.9
3.85
4.35
1.25
1.3
1.98
2.64
1.571
1.9
2.04
1.7
3.85
6
1.166
1.3
2.26
2.26
1.74
1.75
2.25
5.9
4.3
1.63
2.4
1.25
1.166
1.909
2.04
2.34
1.7
2
3.5
4.35
1.25
1.34
1.88
2.84
1.51
2.1
1.85
2.2
3.5
3.65
1.32
1.34
1.74
1.58
2.62
1.8
2.18
1.24
6.3
13
1.035
1.133
4.2
1.8
2.1
2.22
1.72
9.2
5.3
1.39
3.2
1.19
1.085
1.76
2.24
2.375
1.68
4.5
3.75
1.9
1.98
1.31
1.24
1.571
2.64
2.08
1.88
1.571
4.65
6.2
1.153
1.23
2.54
1.96
1.98
2.68
1.56
1.143
11
20
1.019
1.065
6.4
2.34
1.7
1.75
2.25
3.4
3.4
2.34
1.66
1.363
1.363
2.42
1.66
1.87
2.08
3.75
3.55
2.14
1.77
1.333
1.31
2.7
1.55
1.94
2
7.6
4.55
1.45
2.82
1.21
1.095
1.66
2.34
2.44
1.61
4.3
3.55
2
1.88
1.333
1.25
3.1
1.444
1.85
2.1
2.44
3.6
3.05
1.42
1.333
1.61
1.77
2.22
2.08
1.88
1.125
9
23
0
1.07
6.4
2.34
1.66
1.8
2.1
1.39
5
10.5
1.07
1.21
3.2
2.15
1.82
2.34
1.7
1.19
8.5
17
1.03
1.095
5.2
1.92
2.02
1.97
1.97
1.63
4.2
6.1
1.153
1.26
2.4
2.1
1.85
2.08
1.88
1.166
9
21
1.017
1.085
5.8
1.81
2.16
2.7
1.55
2.58
3.4
2.9
1.444
1.34
1.533
1.85
2.08
2.15
1.8
2.35
3.55
2.85
1.41
1.285
1.571
1.74
2.12
1.7
2.18
2.66
3.55
2.5
1.51
1.285
1.46
1.97
1.85
1.91
1.91
3.35
3.65
2.06
1.74
1.27
1.31
2.52
1.54
1.91
1.91
1.4
4.4
8.6
1.06
1.2
2.88
1.68
2.22
2.3
1.63
1.55
3.8
6.7
1.095
1.25
2.4
1.97
1.85
2.04
1.8
2.68
3.35
2.58
1.48
1.31
1.45
1.952
1.87
1.87
1.952
2.7
3.3
2.6
1.48
1.32
1.444
1.952
1.87
1.99
1.833
2.3
3.3
3.125
1.35
1.32
1.59
1.66
2.25
1.75
2.1
1.39
4.6
8.2
1.065
1.181
2.92
1.68
2.22
2.1
1.75
3.65
3.2
2.2
1.69
1.363
1.3
2.6
1.55
1.85
2.04
2.1
3.35
3.75
1.285
1.34
1.76
1.51
2.72
1.98
1.9
1.6
4.2
5.6
1.153
1.24
2.38
2.04
1.85
1.94
1.94
2.4
3.35
3.05
1.4
1.34
1.59
1.727
2.22
1.85
2.04
2
3.35
4.1
1.25
1.34
1.833
2.86
1.47
2
1.88
2.98
3.45
2.4
1.59
1.333
1.41
2.18
1.75
2.08
1.82
1.85
3.7
4.333
1.23
1.3
1.98
2.6
1.55
1.94
1.94
5
3.55
1.85
2
1.32
1.19
1.63
2.48
1.78
2.2
2.3
3.35
3.5
1.32
1.35
1.65
1.63
2.48
1.89
2.06
2.32
3.55
3.25
1.363
1.32
1.64
1.72
2.3
2.02
1.92
1.25
6.5
15
1.025
1.125
4.15
1.78
2.2
2.3
1.72
2.45
3.5
3.05
1.4
1.32
1.58
1.78
2.2
1.94
2
2.58
3.3
3.05
1.4
1.35
1.533
1.82
2.15
1.75
2.25
2.26
3.45
3.45
1.333
1.333
1.666
1.64
2.46
1.7
2.34
1.666
3.8
6.4
1.133
1.285
2.26
2.25
1.75
1.85
2.1
2
3.55
4.2
1.25
1.32
1.85
2.9
1.49
1.68
2.38
1.35
5.3
11
1.05
1.181
3.3
2.08
1.87
1.94
2
2.6
3.3
3
1.41
1.35
1.52
1.84
2.12
1.8
2.18
3
3.3
2.6
1.52
1.35
1.41
2.12
1.84
1.92
2.02
4.95
3.6
1.85
2
1.31
1.19
1.59
2.58
1.8
2.18
1.8
3.7
5.1
1.181
1.3
2.06
2.48
1.63
1.75
2.25
1.3
6
12
1.045
1.143
3.65
1.97
1.97
2.02
1.92
9.4
4.45
1.45
2.84
1.222
1.07
2.25
1.75
2.08
1.87
5.6
3.5
1.81
2.04
1.32
1.166
3.9
1.32
1.75
2.25
2.54
3.35
3.05
1.4
1.35
1.54
1.82
2.15
1.79
2.2
1.533
4.1
8
1.09
1.26
2.56
1.97
1.97
1.87
2.08
1.2
7.1
21
1.006
1.111
4.8
2.2
1.78
2.42
1.66
3.5
3.5
2.22
1.69
1.32
1.32
2.48
1.63
1.8
2.18
1.9
3.5
4.8
1.2
1.32
1.94
1.39
3.4
1.75
2.25
6
3.7
1.71
2.18
1.3
1.143
1.74
2.26
1.92
2.02
1.88
3.5
5.1
1.181
1.32
1.96
1.363
3.55
1.77
2.22
1.222
7.1
14
1.036
1.125
4.6
1.7
2.32
2.22
1.75
1.6
3.8
6.5
1.125
1.285
2.38
2.1
1.8
1.7
2.26
4.25
3.4
1.952
1.88
1.333
1.24
1.48
2.82
1.72
2.22
3.7
3.4
2.1
1.76
1.333
1.3
2.68
1.52
1.74
2.2
4
3.15
2.1
1.76
1.38
1.26
2.82
1.48
1.55
2.6
2.45
3.25
3.05
1.4
1.363
1.571
1.75
2.18
1.6
2.46
1.4
4.9
8.1
1.085
1.19
3.05
1.7
2.26
1.63
2.4
1.6
4.1
5.8
1.153
1.25
2.38
2.1
1.8
1.55
2.6
2.66
3.3
2.75
1.47
1.35
1.49
1.909
1.97
1.6
2.46
2.2
3.4
3.4
1.333
1.333
1.69
1.6
2.46
1.6
2.46
1.7
3.8
5.3
1.166
1.285
2.18
2.3
1.68
1.65
2.35
2.85
3.4
2.52
1.54
1.333
1.444
2.06
1.833
1.7
2.26
2.45
3.4
2.95
1.42
1.333
1.571
1.78
2.14
1.6
2.46
1.6
3.8
6.5
1.125
1.285
2.38
2.1
1.8
1.6
2.46
1.3
6.5
8.4
1.08
1.125
3.65
1.99
1.89
1.65
2.35
1.9
3.5
4.35
1.23
1.32
1.93
2.72
1.51
1.6
2.46
2.7
3.3
2.7
1.48
1.35
1.48
1.94
1.94
1.6
2.46
2
3.4
4.05
1.25
1.333
1.833
2.92
1.45
1.6
2.46
1.9
3.5
4.35
1.23
1.32
1.93
0
0
1.65
2.35
1.76
3.75
3.85
1.2
1.21
1.89
2.42
1.52
2.36
1.55
1.66
3.65
4.6
1.143
1.222
2.02
1.27
3.55
1.81
1.93
3.45
3.45
1.952
1.71
1.24
1.24
2.6
1.46
1.58
2.28
1.8
3.2
4.45
1.153
1.285
1.85
1.31
3.25
1.571
2.3
1.56
4.05
4.85
1.125
1.181
2.2
1.24
3.8
1.87
1.87
2.04
3.55
3.85
1.285
1.333
1.833
2.98
1.46
1.8
2.15
2.18
3.5
3.2
1.333
1.285
1.66
1.63
2.3
2.2
1.69
2.7
3.3
2.7
1.48
1.35
1.48
1.94
1.94
1.7
2.26
1.37
4.9
9.2
1.07
1.19
3.2
2.18
1.75
2.26
1.7
1.98
3.4
4.3
1.25
1.35
1.88
1.43
3.125
1.66
2.4
2.4
3.4
3.05
1.4
1.333
1.59
1.727
2.22
1.85
2.04
1.88
3.6
4.5
1.23
1.32
1.98
2.7
1.54
1.727
2.26
1.363
5.2
8.5
1.08
1.181
3.2
2.15
1.77
2.1
1.8
2.96
3.5
2.45
1.59
1.333
1.43
2.12
1.82
1.952
1.97
1.8
3.7
4.9
1.2
1.31
2.08
2.5
1.615
1.8
2.15
1.85
3.8
4.4
1.24
1.3
2.02
2.58
1.58
2.02
1.9
3
3.5
2.36
1.61
1.32
1.41
2.22
1.727
1.7
2.26
8.1
4.4
1.47
2.8
1.24
1.095
6.5
1.153
2.08
1.85
2
3.35
3.85
1.25
1.31
1.78
1.45
2.8
1.7
2.18
1.42
4.9
8.2
1.095
1.2
3
1.71
2.3
2.32
1.7
2.3
3.45
3.15
1.38
1.333
1.64
1.68
2.3
1.77
2.15
11
5.8
1.3
3.75
1.166
1.06
2.1
1.84
2.7
1.54
6.9
4.6
1.47
2.74
1.21
1.111
2.08
1.82
2
1.88
1.9
3.7
4.25
1.25
1.31
1.96
2.7
1.54
1.88
2.05
1.35
5.2
9.2
1.07
1.181
3.3
2.12
1.79
1.94
1.94
4.25
3.55
1.909
1.92
1.31
1.24
3.1
1.41
1.94
1.94
1.952
3.35
4.333
1.23
1.34
1.88
1.41
3.1
1.65
2.35
1.87
3.55
4.45
1.222
1.31
1.96
1.38
3.25
1.98
1.9
1.6
3.8
6.5
1.125
1.285
2.38
2.1
1.8
1.65
2.35
4.15
3.45
2.06
1.833
1.35
1.27
2.98
1.47
1.68
2.38
2.08
3.3
4.3
1.25
1.37
1.82
1.46
3.05
1.55
2.7
1.78
3.75
5.4
1.181
1.31
2.14
2.42
1.66
1.81
2.16
3.3
3.25
2.48
1.59
1.38
1.37
2.3
1.727
1.69
2.36
15
6.4
1.222
4.4
1.125
1.022
2.15
1.77
2.1
1.8
1.2
7.3
14
1.027
1.1
4.75
2.02
1.86
2.54
1.571
1.25
6.5
9.6
1.045
1.1
3.8
1.78
2.06
2.48
1.55
12
6.3
1.222
4.1
1.111
1.022
2.2
1.69
3
1.4
1.06
12
31
0
1.022
8.5
0
0
3.6
1.3
1.153
8
15
1.005
1.07
5.1
0
0
2.8
1.45
2.6
3.2
2.76
1.43
1.333
1.48
1.85
1.97
1.87
1.952
3.75
3.5
2.05
1.79
1.32
1.285
2.75
1.5
2.95
1.444
1.5
4.333
6.9
1.111
1.23
2.64
1.84
2.05
3.35
1.363
1.222
6.5
14
1.027
1.125
4.4
2.16
1.76
3.25
1.38
2.3
3.5
3.125
1.38
1.32
1.64
1.68
2.3
2.26
1.7
2.94
3.45
2.5
1.571
1.34
1.444
2.14
1.81
1.7
2.32
2.78
3.4
2.65
1.52
1.35
1.48
2.02
1.91
1.6
2.52
1.125
9
31
0
1.08
6.8
2.15
1.8
2.82
1.5
2.6
3.4
2.84
1.46
1.35
1.533
1.88
2.05
1.84
2.1
1.4
4.5
10.5
1.065
1.23
3.1
2.26
1.727
1.96
1.96
2.84
3.4
2.6
1.533
1.35
1.46
2.05
1.88
1.65
2.42
1.222
7
14
1.036
1.125
4.6
2.24
1.74
2.15
1.8
5.6
3.8
1.7
2.24
1.3
1.166
1.74
2.24
2.15
1.8
5.5
4.333
1.615
2.4
1.24
1.181
4.3
1.27
2.38
1.666
4.1
3.25
2.15
1.77
1.38
1.27
2.875
1.5
1.72
2.3
7.8
4.55
1.5
2.75
1.23
1.111
2.1
1.85
1.99
1.952
1.58
4
7.6
1.111
1.285
2.52
2
1.94
2.06
1.89
2.02
3.3
4.6
1.23
1.37
1.87
1.42
3.2
1.75
2.25
2.3
3.2
3.75
1.31
1.39
1.68
1.59
2.58
1.7
2.34
2.48
3.3
3.25
1.38
1.37
1.59
1.74
2.26
1.72
2.3
2.42
3.2
3.45
1.35
1.39
1.615
1.68
2.38
1.8
2.18
1.615
3.9
7.2
1.125
1.3
2.42
2.1
1.86
1.85
2.1
2.62
3.25
3.05
1.42
1.38
1.54
1.833
2.12
1.78
2.2
3.75
3.2
2.3
1.68
1.39
1.31
1.37
3.5
1.75
2.25
1.5
4.5
7.9
1.111
1.24
2.75
1.85
2.1
2.04
1.9
5.1
3.6
1.85
2.04
1.333
1.2
3.7
1.34
1.78
2.2
2.45
3.25
3.35
1.363
1.38
1.61
1.7
2.34
1.7
2.34
2.45
3.25
3.35
1.363
1.38
1.61
1.7
2.34
1.72
2.3
1.65
3.8
6.8
1.133
1.3
2.35
2.16
1.81
1.85
2.1
1.4
5.8
7.8
1.111
1.166
3.15
2.2
1.79
2.1
1.85
1.9
3.55
4.85
1.21
1.333
1.98
1.37
3.5
1.85
2.1
1.9
3.5
4.9
1.21
1.34
1.98
1.37
3.5
1.65
2.44
1.85
3.55
5.2
1.19
1.333
2.04
1.333
3.75
1.7
2.34
1.4
5.8
7.8
1.111
1.166
3.15
2.2
1.79
2.18
1.8
2.45
3.25
3.35
1.363
1.38
1.61
1.7
2.34
1.7
2.34
2.35
3.25
3.55
1.333
1.38
1.65
1.64
2.46
1.65
2.44
2.15
3.35
3.95
1.285
1.363
1.77
1.52
2.8
1.75
2.25
1.85
3.45
5.4
1.181
1.35
2.04
1.32
3.9
1.72
2.3
2.05
3.35
4.35
1.25
1.363
1.84
1.45
3.1
1.72
2.3
1.85
3.45
5.4
1.181
1.35
2.04
1.32
3.9
1.78
2.2
4.5
3.55
1.952
1.93
1.333
1.24
3.25
1.41
1.85
2.1
2.45
3.25
3.35
1.363
1.38
1.61
1.7
2.34
1.7
2.34
2.7
3.15
3.05
1.42
1.4
1.51
1.86
2.1
1.65
2.44
7.2
4.1
1.58
2.52
1.27
1.125
1.94
2
2.18
1.8
1.72
3.7
4.85
1.166
1.27
2.08
2.34
1.615
1.833
2
1.77
3.7
4.5
1.19
1.27
2.02
2.44
1.571
1.833
1.99
1.78
3.7
4.4
1.2
1.27
2
2.44
1.571
1.91
1.91
2.25
3.25
3.25
1.333
1.333
1.615
1.615
2.34
1.833
2
2.65
3.25
2.68
1.45
1.333
1.46
1.9
1.92
1.91
1.91
1.47
4.35
6.8
1.095
1.2
2.625
1.833
2
1.97
1.85
2.35
3.25
3.1
1.35
1.333
1.571
1.68
2.22
1.75
2.1
1.72
3.75
4.75
1.181
1.26
2.08
2.3
1.63
1.91
1.91
3.8
3.3
2.1
1.76
1.35
1.285
2.72
1.51
1.94
1.94
2.5
3.3
2.95
1.42
1.35
1.55
1.79
2.12
1.98
1.9
2.22
3.3
3.45
1.333
1.35
1.68
1.59
2.48
1.9
1.98
2.6
3.2
2.9
1.43
1.363
1.51
1.84
2.05
1.89
1.99
2.52
3.45
2.95
1.42
1.333
1.55
1.82
2.12
1.92
2
2.8
3.6
2.36
1.571
1.285
1.42
2.08
1.76
2.7
1.48
1.94
3.6
3.75
1.26
1.285
1.833
2.72
1.47
2.3
1.63
2.4
3.5
2.8
1.42
1.285
1.55
1.77
2.08
2.44
1.571
2.4
3.6
2.75
1.43
1.285
1.55
1.79
2.05
2.34
1.615
1.909
3.6
3.9
1.24
1.285
1.86
2.66
1.49
2.625
1.5
3.75
3.75
1.909
1.86
1.26
1.26
1.49
2.66
2.82
1.444
2.1
3.6
3.3
1.32
1.285
1.71
3
1.4
2.3
1.63
2.15
3.6
3.15
1.34
1.285
1.68
1.61
2.35
2.34
1.615
2.25
3.6
2.98
1.38
1.285
1.615
1.68
2.22
2.625
1.5
2.4
3.5
2.8
1.42
1.285
1.55
1.77
2.08
2.34
1.615
1.666
4
4.8
1.181
1.23
2.16
2.18
1.7
2.82
1.444
1.666
4
4.8
1.181
1.23
2.16
2.18
1.7
2.6
1.51
2.8
3.6
2.45
1.571
1.3
1.45
2.08
1.82
2.06
1.833
4.85
3.9
1.727
2.15
1.27
1.19
1.66
2.34
1.94
1.94
2.1
3.5
3.55
1.31
1.32
1.76
1.54
2.62
2.26
1.7
1.833
3.75
4.333
1.23
1.285
2
2.52
1.58
2.54
1.571
2
3.6
3.8
1.285
1.3
1.833
2.85
1.47
2.22
1.727
2
3.5
3.65
1.27
1.285
1.78
1.48
2.7
2.8
1.45
2.875
3.75
2.25
1.615
1.26
1.4
2.18
1.7
2.8
1.45
1.952
3.6
3.75
1.26
1.285
1.82
2.72
1.47
2.625
1.5
1.55
5
4.7
1.181
1.166
2.4
1.952
1.87
2.625
1.5
2.3
3.6
2.9
1.4
1.285
1.59
1.71
2.16
2.18
1.7
2.55
3.5
2.625
1.47
1.285
1.49
1.88
1.94
2.82
1.444
1.7
4.5
4.05
1.23
1.19
2.12
2.26
1.65
2.24
1.666
1.25
7
10
1.06
1.111
4.1
2.42
1.615
3.8
1.3
3.3
3.5
2.2
1.69
1.32
1.35
2.42
1.615
2.62
1.54
1.35
5.5
8.4
1.08
1.166
3.3
1.93
1.952
2.92
1.45
9.5
6
1.3
3.65
1.143
1.065
2.15
1.77
3.45
1.35
1.5
4.5
6.5
1.125
1.222
2.64
1.79
2.12
2.46
1.6
1.1
11
23
0
1.05
7.4
1.909
1.97
5.4
1.181
1.25
6.5
12
1.04
1.125
4.1
1.74
2.2
3.45
1.35
1.35
5.9
7.6
1.095
1.143
3.3
2.02
1.88
2.35
1.65
