2.625
3.55
2.625
1.51
1.31
1.51
1.94
1.94
1.96
1.92
2.6
3.4
2.75
1.47
1.333
1.51
1.89
1.99
1.91
1.97
2.68
3.3
2.74
1.47
1.35
1.49
1.92
1.96
1.5
2.75
2.65
3.5
2.65
1.5
1.32
1.5
1.94
1.94
2.06
1.833
2.15
3.75
3.25
1.363
1.285
1.727
1.61
2.44
2.34
1.66
2.62
3.6
2.62
1.51
1.3
1.51
1.94
1.94
2.24
1.71
2.4
3.6
2.88
1.43
1.3
1.59
1.78
2.14
2.02
1.86
2.52
3.55
2.75
1.47
1.31
1.54
1.86
2.02
2.26
1.7
2.65
3.5
2.65
1.5
1.32
1.5
1.94
1.94
1.97
1.91
2.55
3.9
2.55
1.533
1.27
1.533
1.94
1.94
1.56
2.56
2.62
3.6
2.62
1.51
1.3
1.51
1.94
1.94
1.93
1.952
2.25
3.2
3.5
1.32
1.363
1.666
1.59
2.48
1.77
2.15
2.7
3.5
2.6
1.51
1.32
1.48
1.98
1.9
2.08
1.82
2.95
3.5
2.4
1.59
1.32
1.42
2.16
1.76
2.2
1.74
2.55
3.9
2.55
1.533
1.27
1.533
1.94
1.94
1.56
2.56
2.64
3.5
2.64
1.5
1.32
1.5
1.94
1.94
2.2
1.74
2.65
3.5
2.65
1.5
1.32
1.5
1.94
1.94
2.46
1.6
2.12
4
3.125
1.38
1.26
1.74
1.63
2.4
2.4
1.63
2.78
4
2.32
1.63
1.26
1.46
2.14
1.78
1.93
1.952
2.26
4
2.86
1.444
1.26
1.66
1.74
2.2
2.46
1.6
2.68
3.95
2.4
1.59
1.26
1.49
2.05
1.84
2.34
1.66
3.35
3.15
2.35
1.615
1.38
1.34
2.35
1.65
1.85
2.04
2.5
3.45
2.84
1.444
1.333
1.55
1.82
2.08
2.02
1.87
2.34
4
2.75
1.47
1.26
1.615
1.79
2.12
2.04
1.85
2.05
3.95
3.35
1.34
1.26
1.79
1.56
2.56
2.46
1.6
2.74
4
2.35
1.615
1.26
1.47
2.1
1.8
2.46
1.6
2.5
3.65
2.72
1.48
1.3
1.55
1.86
2.02
1.7
2.26
2.32
3.55
3.05
1.4
1.31
1.63
1.71
2.24
2.34
1.66
3.45
4.15
1.952
1.88
1.25
1.333
1.51
2.72
1.97
1.91
2.34
5.3
2.35
1.615
1.166
1.615
1.94
1.94
2.46
1.6
2.22
3.95
2.95
1.42
1.26
1.68
1.7
2.26
2.26
1.7
2.72
4
2.36
1.61
1.26
1.48
2.1
1.81
3.15
1.4
2.85
2.94
2.85
1.444
1.42
1.444
1.94
1.94
1.9
1.98
2.6
3.3
2.82
1.45
1.35
1.51
1.86
2.02
1.5
2.75
2.6
3.05
3.05
1.4
1.4
1.51
1.77
2.15
1.94
1.94
2.16
4.2
2.94
1.42
1.24
1.72
1.68
2.3
2.26
1.7
2.85
2.94
2.85
1.444
1.42
1.444
1.94
1.94
1.9
1.98
1.7
4.8
4.1
1.25
1.2
2.18
1.38
3.25
2.75
1.5
2.24
3.85
2.98
1.41
1.285
1.666
1.69
2.28
1.9
1.98
2.18
4.2
2.9
1.43
1.24
1.71
1.74
2.2
1.85
2.04
1.5
4.2
6.5
1.1
1.222
2.54
1.82
2.02
1.96
1.86
1.9
3.6
3.95
1.24
1.285
1.87
2.64
1.5
2.06
1.78
4.45
3.6
1.8
1.98
1.285
1.2
1.56
2.48
1.82
2.02
1.5
4.2
6.5
1.1
1.222
2.54
1.8
2.04
2.1
1.75
1.6
3.8
5.9
1.125
1.25
2.3
1.952
1.87
2.3
1.63
1.49
4.7
7.1
1.111
1.21
2.7
1.84
2.1
2.28
1.72
2.38
3.4
3.2
1.37
1.34
1.61
1.71
2.3
2.8
1.51
1.25
7.4
11
1.05
1.111
4.15
1.72
2.28
1.833
2.1
1.66
4.1
5.6
1.166
1.26
2.28
2.15
1.8
2.35
1.68
4.55
4
1.8
2.06
1.26
1.222
1.65
2.42
2.35
1.68
2.6
3.35
2.8
1.45
1.34
1.51
1.87
2.02
2.16
1.76
1.34
5.5
8.8
1.075
1.166
3.35
2.05
1.84
1.59
2.48
1.68
3.9
5.3
1.166
1.27
2.22
2.22
1.727
2.4
1.63
9
6
1.31
3.55
1.143
1.07
1.94
1.94
1.8
2.1
3.85
3.6
1.98
1.85
1.3
1.285
1.48
2.82
2.38
1.64
1.571
4.2
6
1.143
1.24
2.45
2
1.88
2.48
1.59
3.65
3.6
2.04
1.8
1.3
1.3
2.72
1.51
2.46
1.6
3.65
3.55
2.06
1.79
1.31
1.3
2.68
1.52
2.35
1.65
11
6.9
1.24
4.2
1.111
1.05
2.22
1.727
1.92
1.96
1.61
3.9
5.5
1.143
1.24
2.26
2.12
1.74
1.6
2.375
1.5
4
7.1
1.085
1.23
2.54
1.88
1.94
2.04
1.8
1.5
4.2
6.5
1.1
1.222
2.54
1.88
1.94
1.85
1.97
2
3.3
3.9
1.24
1.32
1.78
1.444
2.82
1.7
2.18
5
3.7
1.7
2.12
1.27
1.166
1.64
2.28
1.91
1.91
5.9
4.05
1.666
2.32
1.285
1.166
1.81
2.18
2.14
1.84
1.56
4.35
6.9
1.133
1.25
2.56
1.96
2
2.18
1.81
2.2
3.45
3.7
1.32
1.35
1.74
1.58
2.65
1.952
2.02
1.21
7.5
18
1.025
1.125
4.9
1.66
2.45
2.625
1.59
3.45
3.3
2.375
1.64
1.37
1.35
2.44
1.666
1.69
2.38
6.6
4.15
1.61
2.44
1.27
1.143
1.9
2.06
2.14
1.84
2.12
3.4
4
1.285
1.363
1.79
1.51
2.875
1.78
2.24
2.35
3.5
3.3
1.37
1.34
1.65
1.69
2.38
2.375
1.7
2.58
3.35
3.05
1.42
1.363
1.55
1.833
2.15
1.93
2.04
3.55
3.4
2.28
1.69
1.363
1.333
2.52
1.63
1.85
2.14
1.98
3.55
4.35
1.25
1.333
1.9
2.84
1.52
2.02
1.952
6.6
4.25
1.59
2.48
1.26
1.143
1.92
2.04
2.06
1.9
1.285
6.2
13
1.05
1.153
3.95
1.833
2.15
2.45
1.66
1.56
4.2
7.3
1.125
1.26
2.56
1.98
1.98
1.98
1.98
1.3
6.1
12
1.055
1.153
3.8
1.9
2.06
2.4
1.68
2.375
3.45
3.3
1.37
1.35
1.64
1.7
2.375
1.89
2.08
1.5
4.5
7.9
1.111
1.24
2.75
1.81
2.18
2.18
1.81
7.1
4.35
1.55
2.6
1.25
1.125
2
1.96
2.25
1.77
2.2
3.5
3.65
1.32
1.34
1.74
1.59
2.625
2.06
1.9
1.74
3.65
6
1.166
1.32
2.2
2.35
1.71
1.86
2.12
2.82
3.35
2.76
1.5
1.363
1.48
2
1.96
1.94
2.02
1.6
4.35
6.2
1.153
1.25
2.46
2.05
1.91
2.1
1.87
1.85
3.65
5
1.21
1.32
2.04
2.58
1.61
1.86
2.12
1.833
3.6
5.2
1.19
1.333
2.06
2.56
1.615
1.81
2.18
2.75
3.4
2.8
1.48
1.363
1.5
1.96
2
1.9
2.06
1.88
3.65
4.8
1.222
1.32
2
2.625
1.59
2.02
1.94
5.7
3.85
1.72
2.22
1.3
1.166
1.74
2.3
1.96
2
1.71
4.1
5.4
1.181
1.27
2.24
2.26
1.76
2.1
1.87
6.5
4.15
1.615
2.42
1.27
1.143
1.89
2.08
2.18
1.81
2.06
3.4
4.25
1.26
1.363
1.833
1.47
3.05
1.86
2.12
2.8
3.4
2.75
1.5
1.363
1.48
1.99
1.952
1.75
2.26
1.75
3.6
6
1.166
1.333
2.18
2.34
1.7
2.22
1.77
2.4
3.4
3.3
1.37
1.363
1.63
1.7
2.34
2.04
1.9
2.4
3.4
3.3
1.37
1.363
1.63
1.7
2.34
1.833
2.12
2.3
3.5
3.4
1.363
1.34
1.68
1.65
2.44
2.04
1.9
2.4
3.4
3.3
1.37
1.363
1.63
1.7
2.34
2.1
1.85
3.35
3.4
2.375
1.64
1.363
1.363
2.38
1.68
1.8
2.18
1.9
3.6
4.75
1.222
1.333
1.98
2.64
1.571
1.91
2.04
1.8
3.8
5.1
1.2
1.3
2.1
2.44
1.65
1.97
1.97
3.5
3.4
2.3
1.68
1.363
1.34
2.48
1.63
1.97
1.97
1.952
3.5
4.6
1.23
1.34
1.93
1.4
3.35
1.92
2.02
1.952
3.6
4.45
1.24
1.333
1.93
2.75
1.533
1.94
2
3.2
3.5
2.4
1.63
1.34
1.39
2.3
1.727
1.94
2
2.88
3.4
2.6
1.52
1.34
1.444
2.08
1.86
1.96
1.96
2.25
3.45
3.45
1.333
1.333
1.68
1.615
2.5
2.02
1.9
1.533
4.2
7.4
1.111
1.25
2.56
1.88
2.05
1.96
1.96
2.16
3.45
3.65
1.3
1.333
1.727
1.56
2.64
1.96
1.96
1.64
3.95
6.1
1.143
1.27
2.32
2.14
1.81
2.1
1.833
2.88
3.4
2.6
1.52
1.34
1.444
2.08
1.86
1.9
2.02
3.5
3.4
2.25
1.68
1.34
1.32
2.5
1.61
1.98
1.94
2
3.45
4.25
1.24
1.333
1.85
2.86
1.49
1.88
2.05
2.05
3.5
3.95
1.27
1.32
1.81
2.94
1.47
2.1
1.833
1.63
3.9
6.4
1.133
1.27
2.34
2.12
1.82
1.94
1.98
1.68
3.9
5.7
1.153
1.27
2.24
2.22
1.75
1.96
1.96
1.75
3.75
5.3
1.181
1.3
2.12
2.35
1.68
2.05
1.88
2.8
3.35
2.7
1.49
1.35
1.46
2
1.92
1.8
2.15
3.125
3.7
2.35
1.65
1.32
1.41
2.34
1.7
2.38
1.68
2.55
3.5
2.96
1.444
1.34
1.571
1.833
2.12
2
1.94
3.85
3.6
2.1
1.8
1.333
1.3
2.8
1.52
1.833
2.12
2.4
3.6
3.125
1.41
1.333
1.63
1.74
2.26
2.26
1.74
1.3
5.9
13
1.05
1.166
3.8
1.727
2.3
2.52
1.615
5.4
4
1.727
2.22
1.285
1.181
1.8
2.18
2.34
1.7
1.333
5.5
12
1.055
1.181
3.55
1.97
1.97
2.15
1.82
3.5
3.5
2.25
1.7
1.34
1.34
2.52
1.615
1.97
1.97
2.75
3.35
2.75
1.48
1.35
1.48
1.96
1.96
1.9
2.02
2.34
3.35
3.35
1.35
1.35
1.63
1.666
2.38
1.77
2.2
2.92
3.35
2.6
1.52
1.35
1.43
2.08
1.85
1.92
2
2.02
3.4
4.2
1.25
1.34
1.833
1.45
3.05
1.96
1.96
1.98
3.5
4.25
1.24
1.32
1.86
2.82
1.5
1.98
1.94
1.8
3.75
4.9
1.2
1.3
2.06
2.5
1.615
1.88
2.05
2
3.4
4.333
1.23
1.34
1.85
2.86
1.49
1.88
2.05
2.02
3.5
4.05
1.26
1.32
1.833
1.47
2.94
2.02
1.9
1.75
3.9
5.1
1.181
1.27
2.12
2.35
1.68
1.94
1.98
1.9
3.6
4.5
1.222
1.31
1.94
2.66
1.55
2
1.92
2
3.5
4.15
1.25
1.32
1.85
1.45
3.05
1.96
1.96
2.15
3.4
3.75
1.3
1.34
1.74
1.54
2.7
1.92
2
1.952
3.5
4.4
1.23
1.32
1.89
2.8
1.51
1.84
2.1
1.909
3.6
3.9
1.24
1.285
1.86
2.66
1.49
2.24
1.666
2.5
3.6
2.625
1.47
1.285
1.51
1.86
1.96
2.24
1.666
2.9
3.6
2.3
1.59
1.285
1.4
2.16
1.71
1.84
1.98
2.05
3.5
3.5
1.285
1.285
1.74
1.51
2.6
2.02
1.82
1.444
4.5
7
1.09
1.19
2.7
1.75
2.1
2.625
1.5
1.46
4.333
7
1.09
1.21
2.66
1.8
2.04
2.04
1.8
1.26
6
10
1.04
1.125
3.75
1.81
2.02
2.8
1.45
2.5
3.5
2.68
1.45
1.285
1.51
1.85
1.97
2.24
1.666
1.909
3.6
3.9
1.24
1.285
1.86
2.66
1.49
2.44
1.571
1.952
3.5
3.85
1.25
1.285
1.82
2.8
1.45
1.833
1.99
3.1
3.7
2.15
1.68
1.27
1.35
2.34
1.615
2.26
1.65
2.78
3.6
2.375
1.56
1.285
1.43
2.08
1.77
2.82
1.444
1.8
3.8
4.2
1.222
1.25
1.98
2.44
1.571
2.34
1.615
2.98
3.6
2.25
1.615
1.285
1.38
2.22
1.68
2.54
1.533
2.05
3.6
3.4
1.3
1.285
1.74
1.533
2.54
2.375
1.6
2.5
3.6
2.625
1.47
1.285
1.51
1.86
1.96
2.54
1.533
1.727
3.9
4.5
1.19
1.24
2.08
2.3
1.63
2.34
1.615
3.55
3.6
2
1.78
1.285
1.285
2.66
1.49
2.44
1.571
1.45
4.8
6.2
1.111
1.181
2.68
1.77
2.08
2.82
1.444
2.4
3.6
2.75
1.43
1.285
1.55
1.79
2.05
3.2
1.363
1.8
3.8
4.2
1.222
1.25
1.98
2.44
1.571
2.34
1.615
2.78
3.6
2.375
1.56
1.285
1.43
2.08
1.77
2.375
1.6
7.9
5.5
1.333
3.2
1.143
1.07
1.82
2.02
3.2
1.363
2.5
3.6
2.625
1.47
1.285
1.51
1.86
1.96
2.14
1.727
3.05
3.8
2.15
1.68
1.25
1.363
2.3
1.63
2.44
1.571
1.65
4.333
4.5
1.19
1.21
2.2
2.14
1.727
3.2
1.363
1.666
4.5
4.25
1.21
1.19
2.16
2.18
1.7
2.625
1.5
4.05
3.9
1.8
1.98
1.24
1.23
1.571
2.44
2.8
1.45
1.82
3.2
6.1
1.143
1.37
2.04
2.55
1.59
1.52
2.76
4.6
3.2
2.02
1.833
1.37
1.21
3.2
1.41
1.56
2.64
2.45
3.1
3.4
1.34
1.39
1.58
1.69
2.34
1.52
2.76
2.3
3.2
3.6
1.31
1.37
1.65
1.61
2.5
1.56
2.64
2
3.2
4.7
1.21
1.37
1.85
1.4
3.25
1.533
2.72
1.85
3.3
5.5
1.166
1.35
2
2.6
1.571
1.58
2.58
3.7
3.2
2.25
1.68
1.37
1.3
2.58
1.58
1.5
2.82
3.45
3.2
2.36
1.615
1.37
1.333
2.42
1.65
1.54
2.7
2.34
3.2
3.5
1.32
1.37
1.63
1.63
2.46
1.55
2.66
2.25
3.1
3.85
1.285
1.39
1.68
1.55
2.66
1.5
2.82
2.4
2.9
3.55
1.31
1.43
1.59
1.63
2.4
1.5
2.75
2.35
2.9
3.7
1.3
1.43
1.615
1.59
2.48
1.48
2.82
1.92
3.05
5.2
1.181
1.4
1.909
2.78
1.49
1.533
2.64
2.9
2.95
2.8
1.45
1.42
1.43
1.97
1.909
1.52
2.68
3.3
2.96
2.5
1.55
1.41
1.35
2.26
1.7
1.47
2.85
2.32
2.9
3.75
1.285
1.43
1.63
1.571
2.54
1.51
2.72
1.75
3.25
6.2
1.133
1.363
2.12
2.42
1.615
1.52
2.68
2.18
2.9
4.2
1.24
1.43
1.71
1.47
2.85
1.5
2.75
2.12
2.95
4.333
1.23
1.42
1.74
1.444
2.95
1.444
2.95
2.3
3
3.65
1.3
1.41
1.64
1.58
2.52
1.533
2.64
1.5
3.9
8.4
1.08
1.27
2.64
1.9
1.98
1.58
2.52
2.3
3
3.1
1.3
1.31
1.51
1.63
2.2
1.87
1.87
2.92
3
2.4
1.47
1.31
1.333
2.08
1.7
1.65
2.16
3.05
3.2
2.2
1.56
1.285
1.3
2.22
1.61
1.8
1.94
1.5
3.6
6.7
1.055
1.222
2.32
1.909
1.833
1.87
1.87
2.3
3.3
3.125
1.35
1.32
1.59
1.66
2.25
1.65
2.26
1.55
3.8
6.7
1.095
1.25
2.4
1.99
1.833
1.7
2.18
1.45
4
8.4
1.06
1.23
2.68
1.79
2.05
1.72
2.15
2.2
3.3
3.35
1.31
1.32
1.65
1.58
2.42
1.65
2.26
1.7
3.6
5.2
1.153
1.285
2.12
2.28
1.64
1.75
2.1
2.2
3.3
3.35
1.31
1.32
1.65
1.58
2.42
1.7
2.18
2
3.65
3.95
1.27
1.3
1.85
1.48
2.9
2.22
1.75
1.54
4.4
6.7
1.125
1.23
2.55
1.94
1.98
2.15
1.8
2.1
3.6
3.7
1.3
1.31
1.77
1.533
2.72
2.15
1.8
1.45
4.65
8.3
1.085
1.21
2.84
1.75
2.22
2.35
1.68
6.3
4.5
1.55
2.52
1.222
1.133
1.97
1.952
2.4
1.66
3.05
3.5
2.42
1.59
1.32
1.4
2.22
1.76
2
1.92
6.6
4.5
1.533
2.56
1.222
1.125
2
1.92
2.35
1.68
1.2
7.2
19
1.011
1.111
4.8
2.02
1.909
2.6
1.571
1.9
3.4
4.2
1.222
1.3
1.87
2.72
1.47
1.65
2.26
1.7
3.6
5.2
1.153
1.285
2.12
2.3
1.63
1.65
2.26
2.4
3.2
3.05
1.363
1.333
1.55
1.71
2.16
1.65
2.26
1.8
3.4
4.8
1.181
1.3
1.98
2.52
1.54
1.65
2.26
1.75
3.55
4.9
1.166
1.285
2.04
2.4
1.59
1.65
2.26
1.222
7
10.5
1.035
1.09
4.1
0
0
2.04
1.8
2.3
3.2
3.2
1.333
1.333
1.59
1.64
2.28
1.75
2.1
2.25
3.2
3.3
1.32
1.333
1.615
1.61
2.35
1.7
2.18
2.22
3.3
3.3
1.32
1.32
1.64
1.6
2.375
1.56
2.45
2.3
3.3
3.125
1.35
1.32
1.59
1.66
2.25
1.68
2.22
2.04
3.45
4.05
1.26
1.333
1.81
2.94
1.47
1.85
2.08
1.77
3.7
5.3
1.181
1.3
2.1
2.4
1.66
2.02
1.9
1.32
5.9
10
1.06
1.153
3.5
1.92
2
2.32
1.7
2.7
3.25
2.875
1.444
1.363
1.49
1.9
2.02
1.66
2.4
2.5
3.3
3.1
1.39
1.35
1.56
1.77
2.2
1.96
1.96
1.55
4.35
6.6
1.125
1.23
2.52
1.98
1.94
1.74
2.24
2.92
3.25
2.66
1.5
1.363
1.43
2.06
1.87
2.02
1.9
2.625
3.25
2.96
1.42
1.363
1.51
1.85
2.08
1.9
2.02
2.15
3.35
3.8
1.285
1.35
1.74
3.15
1.42
1.92
2
2.3
3.4
3.35
1.35
1.34
1.65
1.65
2.42
1.833
2.1
1.65
4
5.4
1.166
1.26
2.28
2.26
1.7
1.87
2.02
2.5
3.35
2.92
1.42
1.34
1.55
1.8
2.1
1.92
1.96
3.1
3.3
2.46
1.59
1.363
1.4
2.22
1.76
1.952
1.97
2.26
3.25
3.55
1.333
1.37
1.68
1.6
2.52
1.74
2.25
3.125
3.35
2.28
1.6
1.31
1.35
2.26
1.65
1.61
2.35
1.27
6.6
13
1.05
1.143
4.1
1.8
2.18
1.94
2
7.6
4.5
1.51
2.72
1.24
1.111
2.1
1.85
2.36
1.69
2.4
3.65
3.1
1.41
1.32
1.63
1.75
2.25
2.42
1.66
2.34
3.65
3.2
1.39
1.32
1.66
1.7
2.34
2.3
1.72
2.04
3.65
4
1.285
1.32
1.85
1.49
2.9
2.04
1.9
13
6.2
1.285
3.95
1.153
1.05
2.15
1.82
1.97
1.97
2.4
3.6
3.125
1.41
1.333
1.63
1.74
2.26
2.16
1.81
2.05
3.6
4
1.285
1.333
1.84
1.49
2.9
1.99
1.952
2.22
3.6
3.5
1.34
1.333
1.72
3.25
1.41
2.38
1.68
1.6
4.35
6.2
1.153
1.25
2.46
2.04
1.91
2.34
1.7
1.133
10
23
1.013
1.075
6.7
2.08
1.87
1.97
1.97
1.55
4.35
6.6
1.143
1.25
2.6
1.96
1.98
2.52
1.615
4.95
3.95
1.75
2.18
1.285
1.21
1.7
2.34
2.34
1.7
2.25
3.7
3.35
1.363
1.32
1.7
1.65
2.44
2.56
1.6
1.7
4
5.3
1.19
1.285
2.26
2.25
1.75
2.38
1.68
1.6
4.2
6.2
1.153
1.26
2.46
2.06
1.89
2.25
1.75
2.5
3.45
2.98
1.444
1.35
1.58
1.81
2.16
2.1
1.85
2.8
3.5
2.68
1.52
1.34
1.48
2.02
1.93
2.1
1.85
2.14
3.65
3.65
1.32
1.32
1.77
1.56
2.68
2.26
1.74
2.42
3.4
3.25
1.38
1.363
1.615
1.72
2.3
2.04
1.9
2.75
3.4
2.8
1.48
1.363
1.5
1.952
1.99
2.34
1.7
2.4
3.5
3.2
1.39
1.34
1.63
1.727
2.3
2.68
1.56
3.55
3.6
2.2
1.74
1.333
1.333
2.58
1.59
2.38
1.68
2.5
3.4
3.125
1.41
1.363
1.58
1.77
2.22
2.12
1.833
2.8
3.45
2.72
1.51
1.35
1.48
2
1.94
2.56
1.6
2.12
3.65
3.7
1.32
1.32
1.79
1.55
2.7
2.3
1.72
2.08
3.8
3.7
1.32
1.3
1.82
1.54
2.74
2.26
1.74
2.78
3.3
2.76
1.47
1.35
1.47
1.97
1.952
1.87
2.06
1.96
3.75
4
1.26
1.3
1.88
2.8
1.51
2.06
1.87
1.98
3.7
4
1.26
1.3
1.86
2.82
1.5
2
1.92
1.58
4.3
6.2
1.133
1.24
2.45
2.02
1.91
2.35
1.68
4.05
3.6
2
1.85
1.31
1.26
2.98
1.46
2.05
1.88
2.74
3.3
2.8
1.46
1.35
1.48
1.94
1.98
1.87
2.06
1.88
3.65
4.55
1.222
1.3
1.96
2.64
1.56
1.92
2
1.9
3.7
4.35
1.23
1.3
1.94
2.7
1.54
1.81
2.14
1.75
3.9
5.1
1.181
1.27
2.12
2.35
1.68
1.96
1.96
2.7
3.15
2.7
1.444
1.34
1.444
1.91
1.91
1.91
1.91
1.8
3.6
4.45
1.2
1.285
1.98
2.48
1.55
1.952
1.87
4.95
3.5
1.75
2.04
1.285
1.166
1.59
2.4
1.87
1.952
2.05
3.5
3.5
1.285
1.285
1.74
1.51
2.6
1.91
1.91
1.85
3.4
4.45
1.2
1.3
1.92
2.6
1.51
1.91
1.91
1.65
3.8
5.3
1.143
1.25
2.2
2.18
1.7
1.97
1.85
1.55
4
6.1
1.125
1.23
2.4
1.97
1.85
2.1
1.75
2.15
3.3
3.45
1.3
1.32
1.68
1.55
2.48
1.91
1.91
2.75
3.3
2.55
1.49
1.32
1.43
1.99
1.84
1.85
1.97
2.46
3.2
2.95
1.38
1.333
1.533
1.75
2.1
1.91
1.91
1.75
3.9
3.75
1.21
1.19
1.909
2.4
1.533
1.94
1.8
1.85
3.55
4.25
1.21
1.285
1.92
2.54
1.533
2.1
1.75
2.05
3.4
3.6
1.285
1.3
1.74
1.5
2.625
2.04
1.8
2.96
3.2
2.45
1.533
1.333
1.38
2.12
1.74
1.75
2.1
1.77
3.6
4.8
1.181
1.285
2.02
2.375
1.6
2.26
1.65
1.7
3.6
5.2
1.153
1.285
2.12
2.26
1.65
2.04
1.8
2.9
3.45
2.55
1.54
1.333
1.444
2.1
1.84
1.96
1.96
1.75
3.75
5.3
1.181
1.3
2.12
2.22
1.75
2.08
1.85
2.1
3.55
3.75
1.3
1.32
1.77
1.533
2.72
2.18
1.78
1.9
3.65
4.45
1.222
1.3
1.94
1.4
3.25
2.08
1.85
2.1
3.55
3.75
1.3
1.32
1.77
1.533
2.72
2.22
1.75
3.2
3.35
2.42
1.59
1.35
1.37
2.28
1.72
1.96
1.96
2.76
3.6
2.55
1.55
1.32
1.48
2.05
1.88
2.35
1.68
3.25
3.6
2.25
1.69
1.32
1.37
2.4
1.66
2.15
1.8
10
6.2
1.3
3.75
1.143
1.07
2.18
1.78
3.05
1.45
2.6
3.55
2.74
1.49
1.333
1.533
1.91
2.02
1.96
1.96
10
6.2
1.3
3.75
1.143
1.07
2.18
1.78
3.05
1.45
1.615
4.25
5.7
1.166
1.25
2.4
2.08
1.85
2.52
1.6
3.6
3.55
2.12
1.77
1.333
1.32
2.64
1.56
2.22
1.75
11
7.1
1.25
4.25
1.125
1.06
2.32
1.7
3.25
1.4
1.952
3.5
4.6
1.23
1.34
1.93
2.875
1.5
1.8
2.18
13
6.2
1.285
3.95
1.153
1.05
2.1
1.85
2.98
1.47
1.41
5.3
8.5
1.095
1.19
3.1
2.25
1.75
2.62
1.58
2.95
3.35
2.65
1.533
1.363
1.444
2.08
1.87
1.8
2.18
2.16
3.4
3.85
1.3
1.363
1.76
1.54
2.74
1.833
2.12
1.2
7.9
18
1.025
1.111
5.1
2
1.94
2.06
1.89
1.533
4.45
7.2
1.125
1.24
2.64
1.92
2.02
2.1
1.85
7.1
4.35
1.55
2.6
1.25
1.125
1.99
1.952
1.81
2.16
1.66
3.95
6.3
1.153
1.285
2.34
2.16
1.81
1.99
1.952
1.9
3.7
4.55
1.23
1.32
1.98
2.68
1.56
1.85
2.1
1.111
12
31
1.001
1.055
7.6
1.99
1.952
2.25
1.75
1.615
3.9
7.2
1.125
1.3
2.42
2.1
1.86
1.94
2
2.3
3.4
3.5
1.34
1.363
1.68
1.63
2.48
1.833
2.12
15
7
1.24
4.45
1.125
1.036
2.2
1.78
2.95
1.48
1.46
4.6
8.1
1.1
1.23
2.88
1.78
2.2
2.2
1.78
2.76
3.4
2.78
1.49
1.363
1.5
1.96
1.98
1.87
2.08
1.34
5.6
11
1.065
1.181
3.5
2
1.94
2.3
1.72
2.1
3.45
4
1.285
1.35
1.8
1.5
2.875
1.7
2.34
1.9
3.6
4.5
1.24
1.333
1.98
2.68
1.56
1.9
2.04
3.6
3.4
2.2
1.74
1.363
1.333
2.58
1.59
1.8
2.18
2
3.5
4.35
1.25
1.34
1.88
2.875
1.5
1.78
2.2
2.25
3.45
3.55
1.333
1.35
1.7
1.61
2.54
1.8
2.18
1.19
8.3
18
1.025
1.1
5.2
1.92
2.02
2.06
1.89
1.98
3.5
4.45
1.24
1.34
1.9
2.84
1.51
1.85
2.1
1.8
3.8
5.1
1.2
1.3
2.1
2.44
1.65
2.04
1.9
2
3.55
4.3
1.25
1.333
1.88
2.875
1.5
1.9
2.04
2.65
3.35
2.95
1.444
1.363
1.533
1.87
2.08
1.94
2
1.72
3.85
5.7
1.166
1.3
2.22
2.3
1.727
2.25
1.75
3.3
3.5
2.35
1.65
1.34
1.37
2.36
1.69
2.1
1.85
16
7.5
1.222
4.7
1.125
1.035
1.85
2.1
1.94
2
2.68
3.2
2.88
1.45
1.38
1.51
1.88
2.04
1.66
2.4
2.05
3.4
4
1.27
1.35
1.82
1.48
2.9
1.727
2.26
2.18
3.3
3.7
1.31
1.363
1.727
1.56
2.625
1.727
2.26
2.46
3.2
3.2
1.38
1.38
1.59
1.727
2.26
1.75
2.22
2.6
3.2
2.98
1.43
1.38
1.533
1.833
2.1
1.727
2.26
1.64
3.9
6
1.153
1.285
2.34
2.16
1.79
1.88
2.04
2.52
3.2
3.1
1.4
1.38
1.56
1.78
2.18
1.92
2
2.24
3
3.6
1.285
1.37
1.63
1.55
2.48
1.6
2.375
1.79
3.35
5
1.166
1.31
1.99
2.46
1.56
1.75
2.1
2.94
3
2.6
1.48
1.37
1.39
2.04
1.8
1.8
2.04
1.7
3.4
5.7
1.133
1.3
2.12
2.28
1.64
1.86
1.96
2.05
3.1
4.05
1.23
1.35
1.74
1.444
2.82
2
1.833
2.05
3
4.2
1.222
1.37
1.74
2.96
1.41
1.8
2.04
2.15
3
3.85
1.25
1.37
1.68
1.49
2.66
1.79
2.05
2.75
3
2.76
1.43
1.37
1.43
1.91
1.91
1.8
2.04
3.7
3.05
2.18
1.66
1.363
1.27
2.56
1.52
1.72
2.15
2.4
3
3.25
1.333
1.37
1.55
1.66
2.25
1.666
2.24
1.94
3.2
4.35
1.2
1.333
1.833
2.8
1.45
1.78
2.06
2.76
2.98
2.76
1.43
1.38
1.43
1.91
1.91
1.65
2.26
2.1
3.1
3.85
1.25
1.35
1.71
1.48
2.7
1.952
1.87
2.54
3.05
2.98
1.38
1.363
1.5
1.77
2.08
1.99
1.833
2.12
3
3.95
1.24
1.37
1.69
1.47
2.72
1.69
2.2
1.82
3.35
4.75
1.181
1.31
1.952
2.52
1.54
1.85
1.97
2.22
3
3.65
1.27
1.37
1.64
1.533
2.54
1.68
2.22
1.51
3.8
7.5
1.075
1.25
2.5
1.92
1.9
1.65
2.26
2.1
3.1
3.85
1.25
1.35
1.71
1.48
2.7
1.9
1.92
1.533
3.8
7
1.09
1.25
2.44
1.94
1.88
2.08
1.76
2.55
3.1
2.92
1.39
1.35
1.49
1.79
2.05
1.75
2.1
2.45
3.15
3
1.37
1.34
1.533
1.74
2.12
1.92
1.9
2.02
3.2
4
1.23
1.333
1.76
1.43
2.875
1.75
2.1
1.71
3.45
5.4
1.143
1.3
2.1
2.3
1.63
1.75
2.1
2.05
3.2
3.9
1.24
1.333
1.74
1.46
2.76
1.75
2.1
2.86
3.15
2.56
1.49
1.34
1.41
2.02
1.81
1.72
2.15
2.58
3.15
2.84
1.41
1.34
1.48
1.82
2.02
1.72
2.15
2.2
3.15
3.5
1.285
1.34
1.65
1.55
2.48
1.75
2.1
2.05
3.15
3.95
1.24
1.34
1.74
1.45
2.8
1.833
1.99
2.72
3.1
2.72
1.444
1.35
1.444
1.91
1.91
1.76
2.08
1.59
3.6
6.6
1.1
1.285
2.32
2.08
1.77
1.833
1.99
1.68
3.55
5.5
1.143
1.285
2.14
2.24
1.666
1.91
1.91
4.1
3.4
1.92
1.85
1.3
1.222
1.48
2.7
2.02
1.81
1.75
3.55
4.9
1.166
1.285
2.04
2.4
1.59
1.833
1.99
2.4
3.25
3
1.37
1.333
1.55
1.72
2.15
1.79
2.05
2.4
3.15
3.1
1.35
1.34
1.55
1.69
2.2
1.79
2.05
2.2
3.15
3.5
1.285
1.34
1.65
1.55
2.48
1.75
2.1
1.65
3.5
6
1.125
1.285
2.2
2.2
1.69
1.833
1.99
2
3.2
4.05
1.23
1.333
1.78
1.43
2.875
1.59
2.4
4.25
3.4
2.06
1.833
1.363
1.26
3.05
1.46
2.02
1.92
2.1
3.4
4.05
1.285
1.363
1.8
1.5
2.875
1.93
2.02
2.54
3.35
3.1
1.41
1.363
1.571
1.79
2.2
1.81
2.16
1.833
3.65
5.1
1.2
1.32
2.06
1.34
3.7
1.78
2.2
2.875
3.25
2.78
1.49
1.38
1.46
2
1.94
1.7
2.34
1.833
3.65
5.1
1.2
1.32
2.06
2.52
1.615
1.952
1.99
3.3
3.35
2.42
1.615
1.363
1.37
2.32
1.71
1.85
2.1
2.64
3.4
2.92
1.45
1.363
1.533
1.88
2.08
2.04
1.9
1.19
7.7
23
1.013
1.111
5.2
2.02
1.92
2.46
1.64
1.27
6.6
13
1.05
1.143
4.1
1.85
2.1
2.2
1.78
5.3
3.7
1.8
2.1
1.32
1.19
1.65
2.44
2.04
1.9
2.15
3.5
3.8
1.3
1.34
1.77
1.54
2.74
2.1
1.85
1.27
6.3
15
1.036
1.153
4.1
1.79
2.2
2.44
1.65
2.75
3.2
2.95
1.444
1.39
1.5
1.9
2.04
1.75
2.25
2.15
3.5
3.8
1.3
1.34
1.77
1.54
2.74
1.9
2.04
1.65
4
6.3
1.153
1.285
2.35
2.15
1.82
1.97
1.97
1.94
3.6
4.5
1.24
1.333
1.94
1.41
3.25
1.85
2.1
2.92
3.3
2.7
1.51
1.37
1.45
2.04
1.9
1.97
1.97
4.5
3.6
1.94
1.94
1.333
1.24
3.25
1.41
2.1
1.85
2.08
3.5
4
1.285
1.34
1.82
1.5
2.875
1.85
2.1
2.68
3.2
3.05
1.42
1.39
1.52
1.85
2.1
1.8
2.18
1.27
6.3
15
1.036
1.153
4.1
1.81
2.16
2.25
1.75
2.28
3.35
3.6
1.333
1.363
1.69
1.61
2.54
2.04
1.9
2.16
3.45
3.8
1.3
1.35
1.76
1.54
2.74
1.8
2.18
2.16
3.45
3.8
1.3
1.35
1.76
1.54
2.74
1.85
2.1
4.55
3.7
1.9
1.98
1.32
1.23
3.35
1.4
2.18
1.8
2.7
3.3
2.92
1.45
1.37
1.51
1.9
2.04
2.04
1.9
1.3
6.2
12
1.055
1.153
3.8
1.84
2.12
2.25
1.75
1.5
4.5
7.9
1.111
1.24
2.75
1.85
2.1
2.1
1.85
2
3.5
4.35
1.25
1.34
1.88
1.444
3.1
2.04
1.9
2.66
3
3.1
1.4
1.42
1.51
1.82
2.12
1.74
2.24
1.7
3.7
5.8
1.166
1.31
2.24
2.3
1.71
1.85
2.08
2.54
3
3.3
1.363
1.42
1.56
1.74
2.24
1.85
2.08
2.4
3.1
3.45
1.34
1.4
1.615
1.66
2.4
1.7
2.32
2.6
3
3.2
1.38
1.42
1.533
1.78
2.18
1.75
2.22
2.4
3.1
3.45
1.34
1.4
1.615
1.66
2.4
1.85
2.08
1.92
3.45
4.55
1.222
1.34
1.94
1.39
3.3
1.8
2.15
2
3.4
4.2
1.25
1.35
1.86
1.444
3.05
1.8
2.15
2.25
3.15
3.7
1.31
1.39
1.69
1.58
2.58
1.8
2.15
1.65
3.8
6.2
1.143
1.3
2.32
2.18
1.78
1.96
1.96
1.7
3.7
5.8
1.166
1.31
2.24
2.26
1.727
2.02
1.9
3.1
3
2.66
1.51
1.42
1.4
2.12
1.82
1.8
2.15
1.5
4.05
7.8
1.09
1.25
2.64
1.88
2
1.952
1.93
1.085
12
20
0
1.022
7.1
1.32
3.45
1.75
2.1
1.7
3.7
5
1.166
1.27
2.12
2.26
1.65
2.04
1.8
3.95
3.3
2.1
1.78
1.363
1.285
2.82
1.5
1.94
1.98
2.05
3.5
3.75
1.285
1.32
1.79
1.5
2.75
1.8
2.1
1.85
3.55
4.55
1.21
1.31
1.98
1.363
3.35
1.94
1.94
3.9
3.5
2
1.833
1.32
1.27
1.45
2.92
1.7
2.26
3.75
3.3
2.12
1.74
1.35
1.285
1.4
3.15
1.75
2.18
2.5
3.3
2.95
1.42
1.35
1.55
1.79
2.12
1.75
2.18
3.85
3.55
2
1.833
1.31
1.285
1.47
2.85
2.18
1.75
4.1
3.8
1.87
1.96
1.285
1.25
3.1
1.41
1.7
2.26
3.05
3.2
2.5
1.55
1.363
1.4
2.16
1.76
2.26
1.7
2.35
3.2
3.125
1.35
1.333
1.571
1.666
2.24
1.8
2.04
2.3
3.25
3.15
1.34
1.333
1.59
1.65
2.26
2.04
1.8
2.625
3.75
2.72
1.51
1.31
1.54
1.94
2
1.9
2.04
1.5
4.3
8.6
1.095
1.25
2.75
1.85
2.1
1.9
2.04
2.92
3.3
2.7
1.51
1.37
1.45
2.04
1.9
1.7
2.34
1.27
7
12
1.055
1.125
4.1
1.81
2.16
2.18
1.8
2
3.65
4.15
1.27
1.32
1.88
1.46
3.05
1.7
2.34
3.25
3.3
2.46
1.6
1.37
1.38
2.3
1.727
1.85
2.1
2.36
3.65
3.15
1.4
1.32
1.65
1.72
2.3
2.1
1.85
4.9
3.7
1.85
2.04
1.32
1.21
1.615
2.52
2.1
1.85
1.45
4.75
8.7
1.09
1.222
2.92
1.75
2.25
2.2
1.78
4.45
3.65
1.94
1.94
1.32
1.24
1.56
2.68
1.97
1.97
2.65
3.5
2.85
1.47
1.34
1.533
1.9
2.04
2.44
1.65
1.8
3.8
5.1
1.2
1.3
2.1
2.44
1.65
2.1
1.85
1.35
5.6
10.5
1.07
1.181
3.45
2.04
1.9
2.18
1.8
3.15
3.45
2.45
1.61
1.35
1.4
2.25
1.75
1.97
1.97
1.27
6.2
15
1.036
1.153
4.1
1.8
2.18
2.3
1.72
2.6
3.3
3.05
1.42
1.37
1.55
1.82
2.15
1.8
2.18
2.56
3.3
3.1
1.41
1.37
1.56
1.8
2.18
1.85
2.1
2.35
3.4
3.4
1.363
1.363
1.65
1.666
2.4
2.04
1.9
4.05
3.55
2.06
1.833
1.333
1.285
2.9
1.49
1.97
1.97
1.45
5
8
1.111
1.21
2.92
1.61
2.54
2.18
1.8
1.181
8.5
19
1.022
1.095
5.4
2.3
1.72
3.1
1.45
2.875
3.3
2.75
1.5
1.37
1.46
2.02
1.93
1.8
2.18
4.6
3.7
1.89
1.99
1.32
1.23
1.571
2.64
1.86
2.1
2.5
3.45
3.1
1.41
1.35
1.58
1.78
2.2
2.04
1.909
21
8.9
1.166
5.8
1.09
1.017
1.77
2.22
1.94
2
1.25
7
14
1.04
1.125
4.333
2.95
1.48
2.64
1.571
2.45
3.4
3.2
1.39
1.363
1.61
1.74
2.26
1.85
2.1
1.1
13
34
1.001
1.05
8.2
1.85
2.1
1.9
2.04
3.35
3.4
2.36
1.65
1.363
1.363
2.38
1.68
1.87
2.08
4.35
3.7
1.94
1.94
1.32
1.25
1.54
2.74
2.12
1.84
2.06
3.75
3.8
1.3
1.31
1.833
1.52
2.8
2.28
1.74
2.56
3.65
2.85
1.47
1.32
1.56
1.87
2.08
2.44
1.65
2.54
3.35
3.1
1.41
1.363
1.571
1.79
2.2
1.85
2.1
1.111
13
26
1.008
1.05
7.6
2.02
1.92
1.89
2.06
1.85
3.75
4.8
1.222
1.31
2.04
2.54
1.61
2.1
1.85
1.6
4.3
6.3
1.153
1.25
2.46
2.04
1.9
2.12
1.833
1.25
6.9
14
1.04
1.133
4.333
2.25
1.75
3.1
1.444
1.74
4.1
5.1
1.2
1.27
2.2
2.3
1.727
2.62
1.58
1.4
5.3
8.9
1.09
1.19
3.15
1.666
2.4
2.04
1.9
1.35
5.6
10.5
1.07
1.181
3.45
2.02
1.92
2.3
1.72
18
8.8
1.125
5.8
1.055
0
1.94
1.88
2.26
1.65
1.285
5.6
9.7
1.045
1.133
3.5
1.9
1.92
2.22
1.68
7.2
4.9
1.4
2.88
1.166
1.085
2.22
1.68
2.02
1.82
2.45
3.2
2.95
1.38
1.333
1.533
1.75
2.1
1.74
2.12
4.95
3.5
1.75
2.04
1.285
1.166
1.59
2.4
1.94
1.88
2.25
3.25
3.25
1.333
1.333
1.615
1.615
2.34
1.65
2.26
2.05
3.25
3.8
1.25
1.333
1.74
1.47
2.72
1.94
1.88
2.15
3.65
3.45
1.34
1.31
1.75
1.59
2.55
1.65
2.42
1.666
4.333
4.4
1.2
1.21
2.16
2.18
1.7
2.8
1.45
1.143
8
17
0
1.07
5.4
1.77
2.08
3.6
1.3
8
5
1.363
3.05
1.166
1.07
1.75
2.1
2.625
1.5
5.9
4.5
1.5
2.54
1.19
1.125
1.96
1.86
2.44
1.571
1.727
4
4.333
1.21
1.23
2.08
2.3
1.63
2.34
1.615
5.4
4.5
1.533
2.44
1.19
1.143
1.88
1.94
1.99
1.833
2.22
3.35
3.55
1.333
1.363
1.71
1.59
2.55
1.9
2.02
3.55
3.3
2.24
1.69
1.363
1.333
2.52
1.6
1.85
2.08
4.55
3.5
1.9
1.96
1.333
1.222
1.55
2.66
1.96
1.96
1.55
3.9
7.7
1.111
1.285
2.56
1.97
1.952
1.89
2.04
2.58
3.25
2.98
1.43
1.37
1.54
1.833
2.1
2
1.92
2.05
3.4
4
1.27
1.35
1.82
1.48
2.9
1.96
1.96
2.1
3.4
3.85
1.285
1.35
1.78
1.51
2.8
1.96
1.96
2.6
3.3
2.92
1.444
1.363
1.533
1.85
2.08
2.15
1.8
2.3
3.3
3.4
1.35
1.363
1.66
1.64
2.44
1.94
1.98
1.6
3.9
6.7
1.125
1.285
2.44
2.06
1.87
2.08
1.85
2.45
3.25
3.2
1.38
1.37
1.59
1.727
2.26
1.75
2.22
2.5
3.7
2.82
1.46
1.3
1.56
1.85
2.08
2.52
1.6
1.55
4.1
7.3
1.111
1.26
2.52
1.92
2
3.2
1.41
1.38
4.75
11
1.05
1.21
3.15
2.06
1.87
2.66
1.55
1.2
7.5
17
1.017
1.1
4.8
1.94
1.98
2.02
1.9
1.32
5.6
11
1.05
1.166
3.5
1.93
1.99
3.125
1.43
1.94
3.8
4.05
1.26
1.285
1.9
1.45
3.05
2.44
1.64
2.15
3.8
3.35
1.35
1.285
1.74
1.61
2.5
2.9
1.48
4.05
3.8
1.94
1.9
1.285
1.26
3.05
1.45
2.42
1.65
2.06
3.75
3.65
1.3
1.3
1.8
1.533
2.72
2.98
1.46
1.04
16
56
0
1.018
12
1.8
2.1
1.88
2
3.45
3.5
2.15
1.727
1.32
1.333
1.41
3.1
2.64
1.533
11
7
1.24
4.2
1.111
1.05
1.88
2
2.14
1.78
1.75
3.8
4.85
1.19
1.285
2.12
2.34
1.66
2.92
1.45
3.7
3.7
2
1.833
1.3
1.3
2.78
1.49
2.92
1.45
1.46
4.4
7.7
1.095
1.222
2.78
1.77
2.14
2.75
1.5
2.15
3.4
3.55
1.31
1.333
1.727
1.56
2.56
2.26
1.7
1.3
6
9.5
1.065
1.143
3.65
1.8
2.1
1.98
1.9
1.1
11
23
0
1.05
7.4
1.74
2.2
1.9
1.98
1.05
17
34
0
1.014
11
2.1
1.8
2.22
1.727
1.1
11
23
0
1.05
7.4
2.1
1.8
3.15
1.4
1.07
14
29
0
1.027
9.1
1.94
1.94
2.46
1.6
9.9
5
1.35
3.3
1.181
1.06
1.94
1.94
3
1.43
1.05
17
34
0
1.014
11
1.8
2.1
2.18
1.75
1.333
5.2
10
1.06
1.181
3.4
1.99
1.89
3.15
1.4
4.4
3.65
1.85
1.98
1.3
1.222
3.25
1.38
2.75
1.5
1.833
3.95
4.4
1.23
1.27
2.02
1.39
3.3
2.6
1.571
1.63
4.05
6.1
1.143
1.26
2.34
2.1
1.833
2.1
1.833
2.15
3.7
3.45
1.333
1.3
1.74
1.59
2.55
2.2
1.77
3.4
3.55
2.22
1.69
1.32
1.34
2.5
1.615
2.3
1.71
2.1
3.5
3.8
1.285
1.32
1.77
1.52
2.76
2.3
1.71
3.3
3.45
2.3
1.65
1.333
1.35
2.4
1.66
2.24
1.74
2.2
3.5
3.5
1.32
1.32
1.7
1.6
2.52
2.08
1.85
1.74
4.25
4.65
1.21
1.24
2.14
2.32
1.7
2.52
1.6
1.49
4.25
6.5
1.1
1.21
2.56
1.833
1.99
1.72
2.15
2.25
3.55
3
1.37
1.285
1.615
1.666
2.24
1.68
2.22
4.5
3.75
1.76
2.02
1.26
1.19
1.61
2.35
1.79
2.05
2.25
3.45
3.1
1.35
1.3
1.615
1.65
2.26
1.65
2.26
2.35
3.65
2.78
1.43
1.27
1.571
1.76
2.08
1.7
2.18
1.7
3.85
4.75
1.181
1.25
2.12
2.24
1.666
1.68
2.22
1.952
3.65
3.7
1.27
1.27
1.82
2.72
1.47
1.7
2.18
1.94
3.55
4.3
1.25
1.333
1.96
1.45
3.05
2
1.92
1.48
4.4
7.8
1.1
1.24
2.78
1.8
2.15
1.82
2.12
2.56
3.1
3.15
1.39
1.4
1.55
1.78
2.18
1.75
2.22
2.42
3.2
3.3
1.363
1.38
1.6
1.7
2.32
1.82
2.12
4.75
3.4
1.9
1.96
1.35
1.21
3.45
1.37
2.02
1.9
1.65
3.7
6.5
1.133
1.31
2.32
2.1
1.84
1.85
2.08
3.75
3.35
2.15
1.75
1.363
1.3
2.7
1.54
1.82
2.12
2
3.3
3.9
1.24
1.32
1.78
1.444
2.82
1.6
2.36
1.75
3.6
4.8
1.181
1.285
2.04
1.3
3.6
1.65
2.26
2.06
3.3
3.7
1.27
1.32
1.74
1.49
2.66
1.6
2.36
1.6
3.7
6.1
1.125
1.27
2.3
2.1
1.75
1.81
2.02
2.02
3.4
3.7
1.27
1.3
1.76
1.48
2.7
1.76
2.08
10
4.7
1.4
3.05
1.21
1.06
1.74
2.24
1.96
1.96
11
5.1
1.35
3.3
1.181
1.05
1.85
2.08
2.08
1.85
1.4
4.7
10
1.06
1.21
3.05
2.22
1.75
2.08
1.85
3.1
3.2
2.55
1.54
1.37
1.39
2.16
1.79
1.63
2.45
1.64
3.7
6.8
1.125
1.3
2.32
2.15
1.8
1.88
2.04
1.64
3.9
6.2
1.133
1.27
2.32
2.14
1.81
2.16
1.79
2.9
3.1
2.78
1.47
1.39
1.444
2
1.92
1.727
2.26
1.74
3.5
6
1.143
1.32
2.14
2.35
1.68
1.75
2.22
1.7
3.9
5.1
1.181
1.27
2.18
2.25
1.71
1.94
1.94
2.1
3.45
3.65
1.3
1.333
1.76
1.533
2.64
1.94
1.94
1.65
3.9
5.6
1.153
1.27
2.28
2.14
1.78
1.94
1.94
2.38
3.35
3.1
1.39
1.34
1.6
1.71
2.24
1.9
1.98
1.85
3.55
4.55
1.21
1.31
1.98
2.54
1.571
2
1.88
7.3
4.6
1.5
2.66
1.21
1.111
1.55
2.7
1.87
2.08
1.285
5.8
14
1.03
1.153
3.8
1.952
1.99
2.2
1.78
1.23
6.9
16
1.021
1.125
4.35
1.78
2.2
2.32
1.71
2.72
3.3
2.86
1.444
1.35
1.48
1.92
2.02
1.99
1.952
4.45
3.45
1.98
1.86
1.333
1.222
3.15
1.43
1.87
2.08
2.45
3.5
3.05
1.4
1.32
1.58
1.75
2.25
2.08
1.87
2.06
3.5
4
1.26
1.32
1.8
1.51
2.84
1.9
2.04
1.81
3.4
5.8
1.153
1.34
2.04
2.62
1.58
1.8
2.18
1.6
4.1
6.6
1.125
1.26
2.4
2.08
1.87
1.7
2.34
4.6
3.6
1.9
1.94
1.31
1.21
1.56
2.68
1.92
2.02
1.68
3.7
6.5
1.125
1.3
2.24
2.24
1.76
1.85
2.1
1.9
3.5
4.8
1.2
1.32
1.94
2.68
1.56
1.85
2.1
3.65
3.3
2.25
1.68
1.35
1.3
2.58
1.59
2.04
1.9
8.8
4.6
1.45
2.84
1.21
1.08
2.22
1.77
2.02
1.92
3.45
3.3
2.35
1.63
1.35
1.333
2.42
1.66
1.87
2.08
1.38
5.2
9.7
1.065
1.181
3.15
2.18
1.8
1.9
2.04
2.22
3.45
3.55
1.32
1.333
1.69
1.6
2.56
1.9
2.04
2.3
3.45
3.4
1.34
1.333
1.65
1.65
2.44
1.8
2.18
1.71
3.65
6.2
1.133
1.3
2.18
2.36
1.69
1.87
2.08
2.52
3.4
3.05
1.4
1.34
1.55
1.8
2.18
1.94
2
5.6
3.95
1.7
2.2
1.27
1.166
1.74
2.26
1.833
2.12
2.42
3.35
3.25
1.363
1.35
1.59
1.74
2.26
1.81
2.16
2.12
3.6
3.7
1.3
1.31
1.75
1.58
2.62
1.97
1.97
2.3
3.45
3.15
1.38
1.333
1.64
1.69
2.28
1.75
2.18
3.75
3.35
2.1
1.76
1.34
1.285
2.7
1.51
1.7
2.25
11
5.5
1.3
3.65
1.166
1.05
1.98
1.9
2.04
1.85
4.1
3.6
1.92
1.909
1.3
1.25
2.95
1.444
1.82
2.08
2.4
3.35
3.05
1.4
1.34
1.59
1.74
2.2
1.7
2.25
14
7.2
1.2
4.75
1.111
1.025
1.8
2.1
2.35
1.65
12
5.5
1.285
3.75
1.166
1.04
1.85
2.04
2.08
1.82
14
7.2
1.2
4.75
1.111
1.025
1.8
2.1
2.35
1.65
3.15
3.35
2.35
1.615
1.34
1.38
2.3
1.68
1.7
2.25
9
4.85
1.38
3.125
1.19
1.07
1.74
2.2
2.16
1.76
7.1
4.2
1.51
2.62
1.24
1.111
1.55
2.6
1.952
1.93
9.4
4.75
1.38
3.125
1.2
1.065
1.75
2.18
1.91
1.97
7.9
4.45
1.45
2.82
1.222
1.09
1.63
2.4
2.02
1.87
4.5
3.6
1.85
1.98
1.3
1.222
1.55
2.58
1.7
2.25
2
3.35
4.1
1.25
1.34
1.833
1.45
2.92
1.7
2.25
3.4
3.35
2.22
1.68
1.34
1.333
2.46
1.6
1.79
2.12
4.05
3.4
2
1.833
1.333
1.25
2.92
1.45
1.6
2.46
2.4
3.2
3.2
1.363
1.363
1.59
1.7
2.25
1.5
2.75
3.7
3.4
2.1
1.76
1.333
1.3
2.7
1.51
1.75
2.18
1.75
3.4
5.7
1.153
1.333
2.12
2.4
1.63
1.6
2.46
2.45
3.2
3.1
1.39
1.363
1.571
1.74
2.2
1.75
2.18
1.85
3.3
5
1.181
1.35
1.98
2.58
1.55
1.6
2.46
2.3
3.2
3.4
1.333
1.363
1.64
1.63
2.4
1.5
2.75
1.75
3.4
5.7
1.153
1.333
2.12
2.4
1.63
1.6
2.46
1.9
3.6
4.2
1.24
1.3
1.93
2.72
1.51
1.6
2.46
1.65
3.9
5.6
1.153
1.27
2.28
2.22
1.727
1.533
2.64
3.1
3.3
2.4
1.59
1.35
1.39
2.22
1.72
1.65
2.35
1.25
6.5
12
1.04
1.125
4.1
1.82
2.08
1.68
2.3
1.6
4
6
1.143
1.26
2.38
2.1
1.8
1.6
2.46
2.6
3.3
2.82
1.45
1.35
1.51
1.86
2.02
1.55
2.6
2.7
3.2
2.78
1.46
1.363
1.48
1.91
1.97
1.6
2.46
2
3.4
4.05
1.25
1.333
1.833
2.92
1.45
1.6
2.46
2.25
3.3
3.4
1.333
1.35
1.666
1.61
2.44
1.65
2.35
1.85
3.5
4.3
1.21
1.285
1.92
1.363
3.2
1.75
2.1
3.65
3.25
2.1
1.71
1.333
1.27
2.625
1.5
1.84
1.99
1.75
3.7
4.6
1.181
1.27
2.04
2.26
1.65
1.75
2.1
1.32
5.4
8.7
1.055
1.143
3.3
1.96
1.86
1.96
1.86
1.55
4.1
5.9
1.125
1.222
2.4
1.91
1.91
1.72
2.15
1.181
7
14
1.01
1.09
4.65
1.96
1.86
1.75
2.1
4.6
3.5
1.8
1.98
1.285
1.181
1.61
2.35
1.8
2.04
2.02
3.5
4.25
1.26
1.34
1.87
1.45
3.1
1.58
2.62
3.75
3.4
2.15
1.77
1.363
1.31
2.7
1.55
1.78
2.2
3.3
3.3
2.44
1.61
1.37
1.37
2.32
1.71
1.69
2.36
1.76
3.8
5.4
1.181
1.3
2.16
2.38
1.68
1.85
2.1
9.9
5
1.35
3.3
1.181
1.06
1.86
2.02
2.1
1.8
1.2
7.3
14
1.027
1.1
4.75
2.16
1.76
2.48
1.59
1.37
5
8.9
1.07
1.181
3.2
2
1.88
2.52
1.58
1.26
6
12
1.04
1.143
4
1.76
2.16
2.78
1.49
1.727
3.4
5.4
1.143
1.3
2.08
2.375
1.6
1.571
2.44
1.615
3.6
6.2
1.111
1.285
2.26
2.12
1.74
1.7
2.18
2.25
3.1
3.45
1.3
1.35
1.615
1.58
2.42
1.666
2.24
2.15
3.1
3.7
1.27
1.35
1.68
1.51
2.6
1.571
2.44
1.5
4
7.1
1.085
1.23
2.54
1.89
1.93
1.8
2.04
6.4
3.75
1.571
2.35
1.26
1.111
1.8
2.04
1.833
1.99
2.625
3
2.9
1.4
1.37
1.47
1.82
2.02
1.533
2.54
1.3
5
11
1.03
1.166
3.4
1.952
1.87
2.18
1.7
2.35
3.55
2.98
1.41
1.31
1.615
1.74
2.2
2.35
1.65
3.1
3.55
2.3
1.64
1.31
1.39
2.28
1.69
2.46
1.6
1.9
3.6
4.2
1.24
1.3
1.93
1.41
3.1
2.42
1.615
3.3
3.55
2.2
1.69
1.31
1.35
2.42
1.615
2.46
1.6
4.65
3.7
1.8
2.04
1.3
1.21
3.5
1.34
2.46
1.6
2.22
3.4
3.2
1.333
1.3
1.64
1.615
2.34
2.02
1.81
1.35
4.8
9
1.05
1.181
3.125
2.08
1.76
2.18
1.7
17
9
1.125
5.8
1.05
1.001
2.2
1.69
1.76
2.08
2.4
3.35
3.2
1.37
1.35
1.6
1.71
2.3
1.85
2.08
1.65
3.7
6.7
1.125
1.3
2.3
2.15
1.8
2.22
1.75
1.9
3.35
5
1.19
1.35
1.94
2.66
1.55
1.88
2.05
1.78
3.45
5.7
1.153
1.333
2.08
2.44
1.64
1.9
2.02
20
8
1.166
5.6
1.095
1.014
2.02
1.9
2.45
1.63
2.46
3.3
3.1
1.4
1.363
1.59
1.75
2.22
1.75
2.22
1.47
4.4
8
1.095
1.24
2.8
1.833
2.1
1.63
2.45
4.8
3.5
1.86
2
1.333
1.21
3.5
1.363
2.08
1.85
5.1
3.5
1.82
2.05
1.333
1.19
3.7
1.333
2.18
1.78
6
3.7
1.68
2.26
1.31
1.153
1.74
2.24
1.96
1.96
2.9
3.3
2.6
1.533
1.363
1.444
2.08
1.85
1.63
2.45
10
4.6
1.4
3.1
1.222
1.07
1.75
2.22
2.08
1.85
34
17
1.06
11
1.023
0
1.93
1.99
2.08
1.85
5.1
3.5
1.82
2.05
1.333
1.19
3.7
1.333
1.75
2.22
3.7
3.3
2.18
1.727
1.363
1.31
2.64
1.56
1.75
2.22
8.5
5
1.4
3.1
1.2
1.09
1.74
2.24
2.08
1.85
3.3
3.3
2.35
1.64
1.363
1.363
2.35
1.68
1.75
2.22
5.6
3.8
1.7
2.24
1.3
1.166
4.1
1.285
1.96
1.96
4.55
4
1.7
2.12
1.23
1.19
3.5
1.31
3.6
1.3
1.21
7.5
18
1.025
1.125
4.9
1.64
2.46
2.25
1.75
2.875
3.3
2.75
1.5
1.37
1.46
2.02
1.93
1.85
2.1
2.55
3.15
3.3
1.37
1.4
1.571
1.75
2.25
1.65
2.44
1.9
3.45
4.75
1.222
1.35
1.98
1.38
3.45
1.7
2.34
2.2
3.35
3.8
1.3
1.363
1.77
1.54
2.74
1.68
2.38
4.35
3.5
2
1.88
1.34
1.25
3.1
1.444
1.75
2.25
2.7
3.2
3
1.43
1.39
1.51
1.87
2.08
1.68
2.38
2.3
3.25
3.65
1.32
1.38
1.68
1.61
2.54
1.7
2.34
2.35
3.15
3.65
1.32
1.4
1.65
1.615
2.52
1.63
2.48
3.55
3.35
2.3
1.68
1.363
1.333
2.48
1.63
1.8
2.18
1.25
6.3
15
1.036
1.153
4.333
1.85
2.1
2.25
1.75
1.25
6.7
15
1.036
1.133
4.333
1.75
2.25
2.1
1.85
3.2
3.2
2.5
1.58
1.39
1.39
2.25
1.75
1.7
2.34
3.5
3.3
2.34
1.66
1.37
1.34
2.46
1.64
1.7
2.34
1.9
3.3
5.1
1.2
1.37
1.98
2.74
1.54
1.7
2.34
2.3
3.2
3.6
1.333
1.39
1.68
1.615
2.52
1.75
2.25
1.66
4
6.2
1.153
1.285
2.34
2.2
1.79
1.8
2.18
2.2
3.2
3.85
1.3
1.39
1.74
1.55
2.7
1.65
2.44
1.45
4.45
9
1.085
1.24
2.92
1.78
2.2
1.85
2.1
2.3
3.3
3.6
1.333
1.37
1.68
1.615
2.52
1.8
2.18
2.9
3.2
2.8
1.48
1.39
1.46
2
1.94
1.65
2.44
7.8
4.55
1.5
2.75
1.23
1.111
2.1
1.85
1.9
2.04
1.55
4.2
7.5
1.125
1.26
2.6
1.96
1.98
1.9
2.04
2.1
3.35
4.15
1.27
1.363
1.8
1.48
2.95
1.75
2.25
0
0
0
1.333
1.38
1.65
1.64
2.46
1.65
2.44
2.65
3.2
3.1
1.41
1.39
1.533
1.833
2.12
1.7
2.34
2.1
3.25
4.333
1.25
1.38
1.8
3.1
1.444
1.7
2.34
2.1
3.3
4.25
1.26
1.37
1.8
3.1
1.444
1.7
2.34
2.3
3.3
3.6
1.333
1.37
1.68
1.615
2.52
1.75
2.25
8.3
4
1.55
2.6
1.285
1.1
1.97
1.97
1.8
2.18
1.82
3.5
5.1
1.19
1.333
2.05
2.52
1.6
1.75
2.22
1.9
3.35
4.85
1.21
1.363
1.96
1.363
3.5
1.65
2.42
3.05
3.25
2.55
1.55
1.37
1.41
2.15
1.8
1.65
2.42
2.35
3.25
3.35
1.363
1.37
1.64
1.666
2.38
1.68
2.35
2
3.35
4.3
1.25
1.363
1.86
1.43
3.125
1.8
2.15
2.3
3.25
3.45
1.34
1.37
1.66
1.63
2.46
1.75
2.22
3.9
3.35
2.1
1.78
1.363
1.285
2.8
1.51
1.8
2.15
2.625
3.15
3
1.42
1.39
1.533
1.84
2.1
1.7
2.32
2.15
3.35
3.75
1.3
1.363
1.75
1.54
2.7
1.68
2.35
2.5
3.15
3.2
1.38
1.39
1.571
1.75
2.22
1.7
2.32
1.85
3.55
4.8
1.21
1.333
2.02
1.363
3.5
1.7
2.32
2.15
3.35
3.75
1.3
1.363
1.75
1.54
2.7
1.85
2.08
3.8
3.25
2.18
1.727
1.37
1.3
2.7
1.54
1.68
2.35
1.4
4.6
10
1.07
1.222
3.1
2.26
1.727
1.92
2
1.6
3.75
7.2
1.125
1.3
2.44
2.08
1.85
1.8
2.15
1.55
3.9
7.7
1.111
1.285
2.56
1.952
1.97
1.8
2.15
1.68
3.65
6.2
1.143
1.31
2.26
2.24
1.74
1.78
2.18
2
3.4
4.2
1.25
1.35
1.86
2.9
1.48
1.87
2.06
2.94
3.2
2.65
1.52
1.38
1.444
2.08
1.86
1.85
2.08
5.5
3.5
1.77
2.12
1.333
1.181
1.63
2.46
1.727
2.26
14
6.8
1.19
4.5
1.095
1.01
1.79
2.05
2.625
1.5
18
9
1.125
5.8
1.05
0
1.7
2.18
1.85
1.97
3.45
3.2
2.2
1.65
1.333
1.3
2.46
1.56
1.8
2.04
6.4
4.1
1.52
2.48
1.222
1.111
1.91
1.91
2.1
1.75
21
9.9
1.1
6.6
1.04
0
2.52
1.54
1.9
1.92
2.6
3.1
2.85
1.41
1.35
1.48
1.82
2.02
1.7
2.18
7.4
4
1.49
2.56
1.23
1.08
1.96
1.86
2.1
1.75
1.32
5
10
1.04
1.166
3.3
1.99
1.833
2.2
1.69
2.5
3.35
2.78
1.43
1.31
1.51
1.81
2.02
1.97
1.85
1.32
5.1
9.6
1.045
1.153
3.3
1.99
1.84
2.04
1.8
1.7
3.35
5.8
1.125
1.31
2.12
2.28
1.64
1.85
1.97
1.4
4.55
8.1
1.065
1.19
2.88
1.68
2.22
2.18
1.7
1.65
3.8
6.2
1.143
1.3
2.32
2.16
1.79
2.15
1.8
2.1
3.3
3.95
1.285
1.363
1.78
1.5
2.82
1.96
1.96
3
3.2
2.6
1.533
1.38
1.42
2.1
1.833
1.85
2.08
1.4
4.9
8.9
1.08
1.2
3.1
2.22
1.76
2.42
1.65
2.7
3.25
2.84
1.46
1.37
1.5
1.91
2.02
1.9
2.02
1.6
4
6.4
1.143
1.27
2.44
2.08
1.85
1.96
1.96
2.8
3.15
2.8
1.47
1.39
1.47
1.96
1.96
2.08
1.85
3.55
3.3
2.25
1.69
1.363
1.333
2.52
1.6
2.12
1.82
3.6
3.45
1.91
1.74
1.24
1.222
1.43
2.7
2.3
1.571
3
3.5
2.45
1.58
1.32
1.41
2.18
1.78
2.22
1.75
2.04
3.5
4
1.26
1.32
1.81
1.48
2.9
1.92
2
2.25
3.4
3.3
1.35
1.333
1.666
1.63
2.4
2.26
1.7
3.5
3.6
2.1
1.76
1.3
1.32
2.6
1.55
2.35
1.65
2
3.55
3.85
1.285
1.31
1.833
2.85
1.47
2.1
1.8
1.8
3.7
4.65
1.21
1.3
2.04
2.42
1.615
2.6
1.55
2.2
3.3
3.5
1.32
1.35
1.69
1.58
2.52
2.46
1.6
2.15
3.6
3.55
1.32
1.31
1.74
1.571
2.6
2.52
1.6
1.45
5
7.4
1.111
1.19
2.84
1.71
2.3
2.32
1.7
2.2
3.7
3.35
1.35
1.3
1.7
1.63
2.46
2.22
1.75
1.7
4
5.3
1.181
1.26
2.2
2.24
1.74
2.32
1.7
1.4
5.3
8.2
1.085
1.181
3.05
2.05
1.88
2.82
1.5
2.1
3.6
3.7
1.3
1.31
1.77
1.533
2.72
2.32
1.7
2.1
3.7
3.6
1.31
1.3
1.77
1.55
2.66
2.08
1.86
2.45
3.7
2.88
1.444
1.3
1.58
1.81
2.14
2.42
1.65
1.86
3.75
4.2
1.24
1.285
1.97
1.4
3.15
1.93
1.952
3.55
4.2
1.75
1.909
1.166
1.23
2.82
1.4
2.48
1.5
1.74
3.85
5.2
1.181
1.285
2.14
2.35
1.68
1.97
1.952
1.34
5.3
11
1.05
1.181
3.4
2.02
1.9
2.42
1.65
2.58
3.45
2.875
1.444
1.333
1.533
1.86
2.08
1.93
1.99
3.65
3.5
2.15
1.74
1.32
1.3
2.64
1.56
1.84
2.1
1.82
3.6
5
1.19
1.31
2.04
2.52
1.6
1.82
2.12
1.833
3.65
4.85
1.2
1.3
2.02
2.55
1.59
1.727
2.26
1.133
8
20
0
1.07
5.6
1.71
2.16
3.7
1.285
1.181
7.5
13
1.016
1.075
4.65
2.02
1.82
2.44
1.571
1.615
4
5.3
1.143
1.23
2.26
2.1
1.75
2.24
1.666
2.75
3.6
2.4
1.55
1.285
1.43
2.05
1.79
3
1.4
2.3
3.6
2.9
1.4
1.285
1.59
1.71
2.16
2.8
1.45
5.9
4.5
1.5
2.54
1.19
1.125
1.96
1.86
2.34
1.615
1.727
4
4.333
1.21
1.23
2.08
2.3
1.63
2.24
1.666
2.9
3.6
2.3
1.59
1.285
1.4
2.16
1.71
2.1
1.75
1.615
4
5.3
1.143
1.23
2.26
2.08
1.77
3.35
1.333
1.5
4.333
6.2
1.111
1.21
2.54
1.86
1.96
2.44
1.571
4.8
4.333
1.615
2.26
1.21
1.181
1.75
2.1
2.26
1.65
2.1
3.6
3.3
1.32
1.285
1.71
1.56
2.46
2.8
1.45
4.333
4
1.727
2.08
1.23
1.21
1.64
2.28
2.54
1.533
1.333
5
9.2
1.05
1.166
3.2
2.02
1.81
2.8
1.45
4.8
4
1.666
2.16
1.23
1.181
1.7
2.18
2.8
1.45
6.8
4.5
1.45
2.68
1.19
1.095
2.08
1.77
2.44
1.571
1.75
3.9
4.333
1.21
1.24
2.04
1.34
3.3
3
1.4
1.8
4
3.95
1.24
1.23
1.98
2.42
1.58
3
1.4
2.15
3.6
3.15
1.34
1.285
1.68
1.61
2.35
2.44
1.571
2.58
3.5
2.92
1.45
1.34
1.55
1.85
2.1
1.909
2.04
2.1
3.6
3.85
1.3
1.333
1.8
3.1
1.444
1.666
2.4
6
4.333
1.615
2.42
1.25
1.166
1.89
2.06
2.3
1.727
2.74
3.5
2.74
1.5
1.34
1.5
1.97
1.97
1.75
2.25
2.15
3.6
3.35
1.34
1.3
1.727
3.1
1.41
2.42
1.615
18
7.4
1.153
5.1
1.08
0
2.02
1.81
3.6
1.3
2.12
3.125
4.2
1.25
1.4
1.77
1.47
2.94
1.46
2.98
1.68
3.65
6.2
1.143
1.31
2.26
2.24
1.74
1.65
2.42
2.72
3.1
2.94
1.444
1.4
1.5
1.89
2.04
1.54
2.7
1.72
3.65
5.7
1.166
1.31
2.2
2.35
1.68
1.58
2.58
2.3
3.55
3.35
1.363
1.333
1.68
1.66
2.42
2.62
1.58
2.82
3.6
2.35
1.571
1.285
1.41
2.1
1.75
2.625
1.5
2.5
3.55
2.65
1.46
1.285
1.51
1.86
1.96
2.48
1.55
2.3
3.6
2.9
1.4
1.285
1.59
1.71
2.16
2.8
1.45
3.95
3.8
1.85
1.92
1.25
1.24
1.58
2.42
2.625
1.5
1.001
29
41
0
0
16
1.91
1.91
1.91
1.91
2.4
3.45
2.84
1.41
1.3
1.55
1.76
2.08
2.04
1.8
1.72
4
4.4
1.2
1.23
2.08
2.18
1.7
2.48
1.55
3.55
3.6
2
1.78
1.285
1.285
2.66
1.49
2.625
1.5
21
9.9
1.1
6.6
1.04
0
1.87
1.952
4.7
1.2
6
4.3
1.52
2.48
1.21
1.125
2.08
1.77
3
1.4
41
23
1.01
14
0
0
1.91
1.91
2.1
1.75
1.07
11
29
0
1.03
7.9
1.78
2.08
4.85
1.19
5.5
4.3
1.55
2.4
1.21
1.143
2
1.833
3
1.4
1.07
12
26
0
1.022
7.9
1.78
2.08
4.85
1.19
12
6.2
1.23
4
1.111
1.022
2.04
1.81
4.35
1.222
1.9
3.75
3.75
1.26
1.26
1.87
2.52
1.54
2.8
1.45
1.003
26
46
0
0
15
1.91
1.91
1.91
1.91
2
3.6
3.55
1.285
1.285
1.78
1.49
2.66
2.375
1.6
1.2
7
12
1.022
1.09
4.4
1.71
2.18
4.7
1.2
