2.32
3.55
3.05
1.4
1.31
1.63
1.71
2.24
2.4
1.63
2.46
3.5
2.86
1.444
1.32
1.571
1.8
2.1
2.18
1.75
2.5
3.7
2.7
1.48
1.3
1.55
1.87
2.02
2.35
1.65
2.3
3.95
2.82
1.45
1.26
1.64
1.76
2.16
2.24
1.71
2.15
4
3.05
1.4
1.26
1.727
1.65
2.35
2.72
1.51
2.5
3.9
2.6
1.51
1.27
1.55
1.9
1.98
1.75
2.18
2.25
3.95
2.9
1.43
1.26
1.666
1.72
2.22
2.48
1.59
2.4
3.35
3.05
1.4
1.34
1.59
1.727
2.22
1.82
2.08
2.375
3.5
2.98
1.41
1.32
1.6
1.74
2.2
2.2
1.74
2.38
3.55
2.94
1.42
1.31
1.6
1.75
2.18
2.28
1.69
2.26
3.75
3
1.41
1.285
1.66
1.7
2.26
1.75
2.18
2.625
3.55
2.625
1.51
1.31
1.51
1.94
1.94
2.46
1.6
2.42
3.5
2.92
1.42
1.32
1.58
1.77
2.15
2.22
1.727
2.38
3.9
2.74
1.47
1.27
1.6
1.81
2.1
2.75
1.5
2.46
4
2.6
1.51
1.26
1.571
1.89
1.99
2.64
1.533
2.55
3.2
2.96
1.41
1.363
1.533
1.81
2.1
1.77
2.15
2.66
3.45
2.66
1.49
1.333
1.49
1.94
1.94
2.08
1.82
2.52
3.45
2.82
1.45
1.333
1.54
1.84
2.05
1.82
2.08
2.625
3.55
2.625
1.51
1.31
1.51
1.94
1.94
2.08
1.82
2.6
3.3
2.82
1.45
1.35
1.51
1.86
2.02
1.91
1.97
2.58
3.35
2.82
1.45
1.34
1.52
1.86
2.02
1.71
2.24
2.55
3.25
2.92
1.42
1.363
1.533
1.82
2.08
1.56
2.56
2.44
3.35
3
1.41
1.34
1.571
1.76
2.16
1.88
2
2.42
3.1
3.25
1.363
1.39
1.58
1.69
2.28
1.69
2.28
2.25
3.65
3.1
1.39
1.3
1.666
1.68
2.3
2.35
1.65
1.68
4.1
4.55
1.19
1.222
2.14
2.2
1.69
2.625
1.5
1.49
4.65
5.8
1.125
1.181
2.56
1.69
2.2
3.25
1.35
1.42
4.75
7
1.09
1.181
2.8
1.952
1.87
3.1
1.38
2.78
3.45
2.45
1.533
1.3
1.43
2.04
1.8
2.48
1.55
4.15
3.6
1.85
1.92
1.285
1.222
1.533
2.54
2.48
1.55
17
8
1.143
5.4
1.07
0
1.9
1.93
3.6
1.3
1.85
3.45
4.4
1.2
1.3
1.92
2.54
1.533
2.18
1.7
2.3
3.4
3.05
1.363
1.3
1.59
1.68
2.22
1.88
1.94
2
3.45
3.75
1.26
1.3
1.78
1.46
2.76
2.1
1.75
2.78
3.45
2.45
1.533
1.3
1.43
2.04
1.8
1.91
1.91
2.35
3.45
2.92
1.39
1.3
1.571
1.727
2.14
1.86
1.96
1.833
3.85
4.55
1.23
1.3
2.06
2.52
1.615
2.25
1.75
1.21
7.5
15
1.036
1.125
4.9
1.8
2.18
2.1
1.85
2
3.4
3.8
1.25
1.3
1.78
1.46
2.76
1.94
1.88
1.35
5.4
11
1.065
1.181
3.45
2.12
1.86
2.25
1.77
3.5
3.45
2.28
1.69
1.35
1.34
2.52
1.63
1.81
2.18
4.8
3.65
1.88
2
1.32
1.222
3.5
1.38
1.93
2.04
2.18
3.35
3.85
1.3
1.363
1.75
1.54
2.78
2
1.96
2.94
3.4
2.625
1.54
1.363
1.45
2.1
1.87
2.05
1.91
6.6
4
1.63
2.4
1.285
1.143
1.94
2.02
2.32
1.727
1.27
6.6
13
1.05
1.143
4.1
1.81
2.18
2.4
1.69
1.666
3.9
6.3
1.153
1.3
2.32
2.22
1.79
1.84
2.14
2.05
3.5
4.15
1.27
1.34
1.84
1.48
2.98
1.952
2.02
2.5
3.3
3.2
1.39
1.37
1.58
1.76
2.26
1.91
2.05
4
3.5
2.08
1.82
1.34
1.285
1.48
2.98
2.2
1.8
2.02
3.35
4.5
1.24
1.363
1.87
2.92
1.5
1.74
2.3
5.6
3.75
1.75
2.18
1.31
1.181
1.71
2.35
1.96
2
1.68
3.8
6.4
1.143
1.3
2.3
2.24
1.78
2.06
1.909
1.615
4.1
6.6
1.143
1.27
2.42
2.08
1.89
2.2
1.8
2.68
3.4
2.875
1.46
1.363
1.52
1.91
2.05
1.85
2.14
1.27
6.5
14
1.04
1.143
4.1
1.79
2.22
2.6
1.6
2.4
3.35
3.35
1.363
1.363
1.63
1.7
2.375
1.86
2.12
1.6
4
7.1
1.125
1.285
2.46
2.05
1.91
2.2
1.8
2.25
3.35
3.65
1.32
1.363
1.7
1.6
2.6
1.74
2.3
2.8
3.35
2.8
1.48
1.363
1.48
1.98
1.98
1.8
2.2
6.6
4
1.63
2.4
1.285
1.143
1.86
2.12
1.94
2.02
7
4.25
1.571
2.54
1.26
1.125
1.97
1.99
2.06
1.9
5.5
3.95
1.72
2.22
1.285
1.181
1.74
2.3
2.18
1.82
2
3.6
4.05
1.285
1.333
1.88
2.875
1.5
2.04
1.9
2.25
3.4
3.5
1.32
1.34
1.68
1.61
2.5
1.833
2.1
3.2
3.5
2.35
1.65
1.34
1.39
2.32
1.71
2.18
1.8
2.64
3.4
2.84
1.47
1.363
1.533
1.9
2.04
2.1
1.86
2.1
3.6
3.7
1.32
1.333
1.8
1.54
2.74
2.06
1.89
1.96
3.75
4
1.285
1.31
1.92
1.47
2.98
2.3
1.72
1.285
5.9
13
1.05
1.166
3.95
1.85
2.1
2.7
1.55
1.56
4.3
6.6
1.143
1.25
2.56
1.96
1.98
2.62
1.58
1.4
5.3
8.2
1.1
1.19
3.15
1.61
2.54
2.64
1.571
8.6
4.6
1.444
2.95
1.23
1.095
2.26
1.75
2.58
1.59
2.68
3.5
2.72
1.51
1.34
1.52
1.952
1.99
2.2
1.78
1.85
3.75
4.6
1.23
1.31
2.04
2.56
1.6
2.08
1.87
2.875
3.5
2.55
1.571
1.34
1.46
2.1
1.86
2.08
1.87
4.75
3.85
1.8
2.1
1.3
1.222
1.64
2.46
2.12
1.84
2.1
3.65
3.65
1.32
1.32
1.8
1.55
2.7
2.08
1.88
1.78
3.75
5.1
1.2
1.31
2.14
2.4
1.666
2.2
1.78
5.2
3.85
1.74
2.2
1.3
1.19
1.7
2.34
2.1
1.86
4.2
3.7
1.93
1.952
1.32
1.26
3.1
1.444
2.25
1.75
2
3.6
3.55
1.285
1.285
1.78
1.49
2.66
2.14
1.727
2.4
3.6
2.75
1.43
1.285
1.55
1.79
2.05
2.8
1.45
1.952
3.8
3.55
1.285
1.25
1.82
2.72
1.47
2.375
1.6
2.25
3.5
3.05
1.363
1.285
1.615
1.66
2.25
2.375
1.6
2.4
3.55
2.78
1.43
1.285
1.55
1.78
2.06
2.44
1.571
2.1
3.65
3.25
1.333
1.27
1.71
1.571
2.44
2.48
1.55
2.3
3.5
2.96
1.38
1.285
1.59
1.7
2.18
2.44
1.571
2.2
3.6
3.05
1.363
1.285
1.65
1.64
2.28
2.82
1.444
3.75
3.05
2.32
1.666
1.42
1.31
2.58
1.59
1.56
2.68
2.3
3
3.9
1.3
1.43
1.68
1.571
2.64
1.52
2.8
3.1
2.98
2.74
1.5
1.444
1.41
2.1
1.86
1.56
2.68
2.88
3.05
2.88
1.46
1.42
1.46
1.97
1.97
1.63
2.48
1.952
3.2
5
1.21
1.39
1.93
1.37
3.5
1.59
2.58
1.82
3.3
5.8
1.166
1.37
2.08
2.56
1.6
1.6
2.56
2.48
2.875
3.45
1.333
1.444
1.56
1.666
2.32
1.52
2.68
2.375
2.95
3.55
1.31
1.42
1.6
1.615
2.42
1.5
2.75
2.4
3
3.45
1.333
1.41
1.59
1.64
2.375
1.49
2.78
2.6
3.05
3.05
1.4
1.4
1.51
1.8
2.1
1.52
2.68
2.65
3
3.05
1.4
1.41
1.5
1.81
2.1
1.5
2.75
2.3
3.1
3.5
1.32
1.39
1.64
1.61
2.44
1.54
2.62
2.05
3.05
4.4
1.222
1.4
1.79
1.42
3.05
1.5
2.75
2.04
3.05
4.5
1.222
1.4
1.8
3.05
1.42
1.54
2.62
2.92
3
2.4
1.47
1.31
1.333
2.08
1.7
1.8
1.94
4.9
3.4
1.68
1.99
1.25
1.125
1.58
2.28
1.6
2.25
3.95
3.4
1.952
1.82
1.3
1.24
2.875
1.43
1.72
2.15
3.125
3.3
2.3
1.59
1.32
1.35
2.25
1.66
1.8
2.04
2.2
3.35
3.3
1.32
1.31
1.65
1.59
2.4
1.82
2.02
4.9
3.9
1.72
2.16
1.27
1.19
1.68
2.3
2.1
1.8
1.6
4
6
1.143
1.26
2.38
2.06
1.833
2.15
1.77
3.15
3.6
2.32
1.666
1.333
1.4
2.32
1.71
2.48
1.63
1.65
4.15
5.6
1.181
1.27
2.35
2.15
1.82
2.48
1.63
6.8
4
1.59
2.48
1.285
1.133
1.91
2.04
2.26
1.74
1.51
4.5
7.1
1.125
1.24
2.72
1.87
2.08
2.54
1.61
1.07
12
26
0
1.022
7.9
1.7
2.18
3.6
1.3
1.222
7
10.5
1.035
1.09
4.1
1.65
2.26
4.05
1.25
3.15
3.25
2.3
1.59
1.333
1.34
2.26
1.65
1.7
2.18
2.35
3.2
3.125
1.35
1.333
1.571
1.666
2.24
1.7
2.18
1.84
3.6
4.2
1.222
1.285
1.93
2.54
1.533
2.26
1.65
2.35
3.3
3.05
1.363
1.32
1.571
1.69
2.2
2.26
1.65
1.25
5.7
12
1.022
1.133
3.8
1.77
2.08
3
1.4
4.15
3.6
1.85
1.92
1.285
1.222
1.54
2.52
3
1.4
1.8
3.6
4.45
1.2
1.285
1.98
2.46
1.56
2.26
1.65
1.56
4
6
1.125
1.23
2.38
1.91
1.91
2.375
1.6
1.9
3.4
4.2
1.222
1.3
1.87
2.72
1.47
1.65
2.26
1.65
3.7
5.5
1.143
1.27
2.2
2.2
1.69
1.65
2.26
1.59
3.85
5.9
1.125
1.25
2.32
2.06
1.78
1.97
1.85
1.9
3.4
4.2
1.222
1.3
1.87
2.7
1.48
1.94
1.88
2.15
3.4
3.35
1.31
1.3
1.68
1.571
2.44
1.59
2.4
1.98
3.4
3.85
1.25
1.3
1.8
2.82
1.444
1.93
1.89
1.47
4.4
8.5
1.095
1.25
2.85
1.87
2.08
2.02
1.92
2.78
3.25
2.8
1.48
1.38
1.49
1.96
1.98
1.63
2.48
1.56
4.2
6.8
1.133
1.26
2.56
2.02
1.92
2.08
1.87
2.85
3.2
2.76
1.5
1.39
1.47
2
1.94
1.7
2.34
3.85
3.45
2.1
1.8
1.35
1.3
2.8
1.52
1.7
2.34
1.58
4.15
6.5
1.143
1.27
2.52
2.04
1.9
2
1.94
1.49
4.35
7.9
1.111
1.25
2.78
1.87
2.08
1.94
2
1.66
3.8
6.2
1.153
1.3
2.34
2.2
1.78
1.9
2.04
3.55
3.5
2.1
1.76
1.32
1.31
2.62
1.54
2.05
1.84
1.88
3.45
4.55
1.21
1.333
1.952
2.62
1.54
2.12
1.79
1.51
4.3
6.1
1.125
1.21
2.5
1.89
1.93
2.08
1.76
2.16
3.4
3.3
1.32
1.3
1.666
1.58
2.42
1.96
1.86
1.91
3.55
3.95
1.24
1.285
1.86
2.7
1.48
1.85
1.97
3.95
3.5
1.92
1.85
1.285
1.24
1.47
2.72
1.74
2.12
1.41
4.5
7.9
1.07
1.19
2.84
1.71
2.16
1.9
1.92
2.1
3.35
3.55
1.285
1.31
1.71
1.52
2.56
1.952
1.87
2.14
3.3
3.45
1.3
1.32
1.68
1.55
2.48
1.75
2.1
2.24
3.25
3.3
1.32
1.333
1.63
1.6
2.375
1.7
2.18
1.4
4.5
8.2
1.065
1.19
2.88
1.7
2.18
1.833
1.99
2.64
3.5
2.76
1.5
1.34
1.533
1.93
2.02
2.04
1.9
2.2
3.65
3.35
1.363
1.32
1.74
1.63
2.48
2.34
1.7
2.6
3.4
2.88
1.46
1.363
1.55
1.87
2.08
2.04
1.9
1.166
8.8
18
1.025
1.09
5.8
1.84
2.12
2.04
1.909
1.4
4.9
9.3
1.085
1.21
3.15
2
1.94
1.8
2.18
1.2
8
15
1.036
1.111
5.1
2.08
1.88
1.952
1.99
2.4
3.5
3.1
1.41
1.34
1.63
1.75
2.25
2.18
1.8
3.2
3.5
2.35
1.65
1.34
1.39
2.32
1.71
2.56
1.6
2
3.6
4.05
1.285
1.333
1.88
2.875
1.5
2.25
1.75
2.2
3.5
3.5
1.34
1.34
1.74
1.6
2.56
2.25
1.75
3.45
3.55
2.2
1.74
1.333
1.35
2.52
1.615
2.1
1.85
2.2
3.4
3.6
1.333
1.363
1.74
1.59
2.58
2.25
1.75
6.6
4
1.6
2.46
1.285
1.143
1.89
2.06
2.34
1.7
1.38
5
9.9
1.075
1.21
3.25
2.15
1.82
2.34
1.7
2.2
3.4
3.6
1.333
1.363
1.74
1.59
2.58
2.38
1.68
1.5
4.3
7.9
1.111
1.25
2.75
1.85
2.1
2.34
1.7
2.1
3.5
3.8
1.3
1.34
1.8
1.533
2.75
2.44
1.65
4.6
3.75
1.85
2.04
1.31
1.23
1.6
2.56
2.25
1.75
2.5
3.45
2.98
1.444
1.35
1.58
1.81
2.16
2.04
1.9
2.7
3.45
2.74
1.5
1.35
1.51
1.952
1.99
2.04
1.9
5.2
4
1.7
2.24
1.27
1.19
1.727
2.26
2.22
1.75
1.2
8
14
1.036
1.095
4.95
2.02
1.909
2.1
1.84
12
7
1.25
4.25
1.125
1.05
1.8
2.15
1.93
1.99
4.55
3.7
1.85
2.02
1.31
1.222
1.59
2.55
2.15
1.8
7.6
4.3
1.5
2.7
1.25
1.111
2.08
1.85
2.82
1.5
1.7
3.9
5.4
1.181
1.285
2.24
2.24
1.74
2.42
1.65
1.7
3.9
5.4
1.181
1.285
2.24
2.24
1.74
2.42
1.65
1.58
4
6.8
1.125
1.27
2.48
2
1.92
2.66
1.55
1.43
4.85
8
1.095
1.21
2.96
1.7
2.32
2.32
1.7
2.98
3.3
2.55
1.55
1.363
1.43
2.12
1.82
1.92
2
3
3.45
2.45
1.59
1.34
1.42
2.18
1.78
2.05
1.88
2.15
3.4
3.7
1.31
1.35
1.75
1.55
2.66
1.92
2
1.125
10.5
21
1.011
1.065
6.8
1.96
1.96
2.06
1.87
11
5.9
1.3
3.75
1.153
1.06
2.1
1.84
2.6
1.571
3.45
3.5
2.2
1.72
1.333
1.34
2.52
1.6
2
1.92
2.54
3.45
2.88
1.45
1.34
1.56
1.84
2.1
2.35
1.68
2.08
3.5
3.85
1.3
1.34
1.82
1.52
2.8
2.04
1.9
2.08
3.5
3.85
1.3
1.34
1.82
1.52
2.8
1.92
2.02
2.45
3.4
3.1
1.41
1.363
1.61
1.76
2.24
2.02
1.92
2.1
3.3
3.6
1.285
1.32
1.71
1.51
2.6
1.91
1.91
1.78
3.7
4.4
1.2
1.27
2
2.44
1.571
2.02
1.81
3.5
3.5
1.92
1.74
1.23
1.23
2.64
1.45
2.15
1.65
3.25
3.8
1.92
1.74
1.2
1.27
2.5
1.49
2.98
1.363
4.6
4.25
1.56
2.2
1.166
1.143
1.76
1.99
2.7
1.43
1.82
3.55
3.8
1.2
1.23
1.833
2.5
1.49
2.25
1.6
3
3.4
2.15
1.58
1.25
1.31
2.25
1.6
1.98
1.77
1.92
3.4
3.6
1.222
1.25
1.74
1.43
2.7
1.97
1.78
1.74
3.75
4
1.181
1.21
1.92
2.36
1.55
2.25
1.6
2.1
3.4
3.1
1.3
1.25
1.61
1.571
2.3
2.08
1.7
2.5
3.4
2.5
1.444
1.25
1.444
1.87
1.87
1.89
1.85
2.45
3.25
2.92
1.39
1.333
1.533
1.76
2.08
1.96
1.86
1.615
3.8
5.7
1.133
1.25
2.26
2.12
1.74
1.8
2.04
1.86
3.5
4.25
1.21
1.285
1.909
2.6
1.51
1.9
1.92
1.34
4.85
11
1.05
1.19
3.35
2.1
1.8
1.9
1.98
2.82
3
2.82
1.45
1.41
1.45
1.94
1.94
1.51
2.7
2.26
3.1
3.6
1.3
1.39
1.66
1.58
2.5
1.5
2.74
2.26
3.1
3.6
1.3
1.39
1.66
1.58
2.5
1.5
2.74
11
5.2
1.32
3.5
1.181
1.05
1.88
2
2.02
1.86
2.06
3.2
4.1
1.25
1.363
1.79
1.46
2.88
1.5
2.74
2.9
3.55
2.5
1.58
1.333
1.46
2.12
1.833
2.1
1.85
2.5
3.45
2.98
1.444
1.35
1.58
1.81
2.16
2.02
1.92
1.55
4.5
6.3
1.153
1.24
2.6
1.94
2
2.62
1.58
3.25
3.55
2.3
1.68
1.333
1.38
2.38
1.68
1.88
2.08
1.8
3.75
4.55
1.21
1.285
2.04
1.35
3.45
2.35
1.65
2.92
3.55
2.4
1.59
1.31
1.42
2.15
1.77
2.35
1.65
1.59
4
6.2
1.133
1.26
2.4
2.05
1.84
2.18
1.75
2.7
3.3
2.7
1.48
1.35
1.48
1.94
1.94
1.92
1.96
1.7
3.7
5
1.166
1.27
2.12
2.26
1.65
2.04
1.8
2.88
3.3
2.45
1.533
1.32
1.4
2.08
1.77
1.91
1.91
1.65
3.9
5.1
1.153
1.24
2.2
2.16
1.71
2.04
1.8
1.51
3.95
7
1.09
1.24
2.5
1.92
1.9
1.6
2.375
4
4
1.79
1.99
1.23
1.23
1.58
2.42
1.78
2.06
2.6
3.45
2.6
1.48
1.3
1.48
1.91
1.91
2.05
1.79
2.12
3.35
3.45
1.3
1.31
1.69
1.54
2.52
2.06
1.78
1.46
4.6
6.4
1.111
1.181
2.66
1.79
2.05
1.8
2.04
2.04
3.6
3.45
1.3
1.285
1.75
1.52
2.56
1.47
2.72
4.95
4.4
1.59
2.32
1.2
1.166
1.8
2.04
1.65
2.26
1.74
3.85
5.2
1.19
1.3
2.2
2.36
1.69
2.04
1.9
2.85
3.5
2.56
1.56
1.34
1.47
2.08
1.87
2.1
1.85
1.111
12
23
1.013
1.055
7.6
1.94
2
2.44
1.65
1.99
3.75
3.9
1.3
1.31
1.89
2.84
1.51
2.22
1.77
2.375
3.5
3.125
1.41
1.34
1.64
1.74
2.26
2
1.94
1.153
8.5
26
1.008
1.095
6.1
1.75
2.25
2.2
1.78
2
3.4
4.333
1.25
1.363
1.88
2.9
1.49
1.75
2.25
1.222
6.8
17
1.03
1.133
4.7
2.3
1.727
2.44
1.65
1.68
3.95
5.6
1.181
1.285
2.3
2.24
1.76
2.3
1.727
3.3
3.4
2.34
1.66
1.363
1.37
2.38
1.68
1.833
2.12
1.52
4.4
7.2
1.125
1.25
2.68
1.89
2.06
2.36
1.69
11
5.8
1.31
3.75
1.166
1.065
2.02
1.92
3.35
1.4
1.92
3.6
4.4
1.25
1.333
1.96
2.7
1.55
2.04
1.9
1.9
3.65
4.45
1.24
1.32
1.98
2.58
1.59
1.9
2.04
2.1
3.4
3.9
1.3
1.363
1.8
1.51
2.84
1.81
2.16
2.7
3.3
2.84
1.47
1.37
1.51
1.92
2.02
1.75
2.25
1.5
4.333
7.8
1.111
1.25
2.75
1.87
2.08
2.15
1.82
13
6.9
1.25
4.333
1.133
1.05
2.25
1.75
3.5
1.37
2.18
3.35
3.75
1.31
1.363
1.75
1.56
2.68
2.04
1.9
1.615
4.05
6.3
1.153
1.285
2.42
2.06
1.89
3.1
1.444
2.3
3.35
3.4
1.363
1.363
1.68
1.65
2.44
1.7
2.34
1.8
3.7
5
1.21
1.32
2.1
0
0
1.952
1.99
1.833
3.6
4.95
1.21
1.333
2.06
2.56
1.6
1.75
2.25
2.55
3.3
3.05
1.42
1.37
1.571
1.81
2.16
1.85
2.1
2.55
3.3
3.05
1.42
1.37
1.571
1.81
2.16
1.9
2.04
2.9
3.2
2.68
1.51
1.38
1.444
2.04
1.89
1.8
2.15
2.3
3.4
3.3
1.363
1.35
1.66
1.66
2.4
1.85
2.08
1.78
3.6
5.2
1.19
1.32
2.1
1.31
3.9
1.79
2.16
2.22
3.3
3.6
1.32
1.363
1.71
1.58
2.58
1.7
2.32
2
3.4
4.2
1.25
1.35
1.86
1.444
3.05
1.85
2.08
2.9
3.3
2.6
1.533
1.363
1.444
2.08
1.85
1.79
2.16
2.625
3.2
2.74
1.444
1.333
1.47
1.87
1.952
1.63
2.3
2.24
3.15
3.4
1.3
1.34
1.63
1.58
2.42
1.72
2.15
2.625
3.2
2.74
1.444
1.333
1.47
1.87
1.952
1.63
2.3
1.78
3.4
4.95
1.166
1.3
2
2.46
1.56
1.59
2.38
2.9
3.2
2.5
1.51
1.333
1.4
2.06
1.78
1.63
2.3
2.25
3.2
3.3
1.32
1.333
1.615
1.61
2.35
1.63
2.3
2.375
3.125
3.15
1.34
1.35
1.56
1.68
2.22
1.69
2.2
2.44
3.25
2.94
1.39
1.333
1.533
1.75
2.1
1.833
2
2.3
3.25
3.15
1.34
1.333
1.59
1.65
2.26
1.66
2.25
1.92
3.4
4.1
1.222
1.3
1.85
2.72
1.47
1.59
2.38
2.28
3.25
3.2
1.333
1.333
1.6
1.63
2.3
1.58
2.42
2.3
3.2
3.2
1.333
1.333
1.59
1.64
2.28
1.59
2.38
1.82
3.4
4.65
1.181
1.3
1.952
2.56
1.52
1.59
2.38
2.25
3.2
3.3
1.32
1.333
1.615
1.61
2.35
1.66
2.25
2.26
3.15
3.35
1.31
1.34
1.615
1.6
2.375
1.75
2.1
2.66
3.25
2.66
1.46
1.333
1.46
1.91
1.91
1.66
2.25
2.85
3.25
2.5
1.51
1.333
1.41
2.05
1.79
1.8
2.04
2.24
3.2
3.35
1.31
1.333
1.63
1.59
2.4
1.75
2.1
2.04
3.125
4.05
1.23
1.35
1.75
1.43
2.875
1.72
2.15
2.55
3.1
2.92
1.39
1.35
1.49
1.79
2.05
1.63
2.3
3.5
3.2
2.18
1.66
1.333
1.285
2.48
1.55
1.75
2.1
2.05
3.2
3.9
1.24
1.333
1.74
1.46
2.76
1.63
2.3
2.78
3.25
2.56
1.49
1.333
1.43
1.99
1.833
1.66
2.25
2.05
3.25
3.8
1.25
1.333
1.74
1.47
2.72
1.72
2.15
1.8
3.3
5
1.166
1.32
1.98
2.52
1.54
1.66
2.25
1.75
3.4
5.2
1.153
1.3
2.04
2.4
1.59
1.75
2.1
5
3.75
1.79
2.12
1.31
1.21
1.571
2.64
2
1.94
3.2
3.35
2.42
1.615
1.363
1.39
2.3
1.727
1.85
2.1
2.2
3.3
3.75
1.31
1.37
1.74
1.56
2.68
1.75
2.25
2.2
3.35
3.65
1.32
1.363
1.74
1.58
2.62
1.85
2.1
2.06
3.55
3.85
1.3
1.333
1.833
1.51
2.84
2.04
1.9
1.181
7.7
20
1.019
1.111
5.4
1.94
2
2.56
1.6
2.62
3.4
2.86
1.47
1.363
1.54
1.89
2.06
2
1.94
1.7
3.7
6
1.166
1.32
2.26
2.26
1.74
1.92
2.02
4.25
3.55
1.97
1.91
1.333
1.26
1.51
2.84
1.96
1.98
7.8
4.8
1.45
2.92
1.222
1.111
2.2
1.78
2
1.94
1.72
3.5
6.3
1.153
1.34
2.22
2.3
1.72
1.92
2.02
2.56
3.2
3.1
1.41
1.39
1.56
1.8
2.18
1.85
2.1
1.25
6.1
16
1.035
1.153
4.333
1.77
2.22
2.3
1.72
2
3.3
4.5
1.24
1.37
1.88
1.42
3.2
1.92
2.02
4
3.35
2.1
1.8
1.363
1.285
2.875
1.5
2.04
1.9
2
3.3
4.5
1.24
1.37
1.88
2.9
1.49
1.76
2.24
2.28
3.45
3.35
1.363
1.35
1.69
1.65
2.44
2
1.94
4.55
3.7
1.87
2.02
1.32
1.23
1.58
2.62
2.16
1.81
1.6
4
6.6
1.143
1.285
2.46
2.08
1.87
1.92
2.02
7.2
4
1.571
2.54
1.285
1.125
1.94
2
2.1
1.85
2.68
3.2
2.94
1.45
1.39
1.52
1.88
2.08
1.74
2.26
2.38
3.3
3.3
1.37
1.37
1.64
1.69
2.36
1.97
1.97
3.2
3.3
2.44
1.61
1.37
1.39
2.26
1.74
2
1.94
2.1
3.3
4.05
1.285
1.37
1.8
1.5
2.875
1.72
2.3
3.45
3.3
2.3
1.68
1.37
1.35
2.46
1.64
2.02
1.92
1.38
5
10
1.075
1.21
3.25
2.16
1.81
2.25
1.75
1.5
4.5
7.3
1.125
1.24
2.75
1.87
2.08
2.1
1.85
2.16
3.2
3.15
1.285
1.285
1.58
1.58
2.28
1.6
2.25
2.05
3.3
3.3
1.26
1.26
1.64
1.52
2.42
1.63
2.2
1.5
3.6
6.7
1.055
1.222
2.32
1.909
1.833
1.69
2.1
2.55
3.05
2.68
1.38
1.3
1.42
1.82
1.92
1.76
2
2.05
3.15
3.5
1.23
1.285
1.64
1.48
2.54
1.63
2.2
1.5
3.7
6.4
1.065
1.21
2.32
1.909
1.833
1.72
2.05
2.7
3
2.56
1.42
1.31
1.38
1.92
1.82
1.63
2.2
2
3.2
3.55
1.23
1.285
1.68
1.46
2.6
1.6
2.25
2.1
3.1
3.4
1.25
1.3
1.61
1.51
2.46
1.65
2.16
2.6
3.1
2.6
1.41
1.3
1.41
1.87
1.87
1.7
2.08
1.75
3.5
4.25
1.166
1.23
1.909
2.4
1.533
1.8
1.94
1.75
3.5
4.25
1.166
1.23
1.909
2.4
1.533
1.7
2.08
2.3
3.1
2.98
1.32
1.3
1.51
1.66
2.14
1.55
2.36
2
3.2
3.55
1.23
1.285
1.68
1.46
2.6
1.7
2.08
1.7
3.4
4.75
1.133
1.25
1.97
2.3
1.571
1.65
2.16
2.6
3.1
2.6
1.41
1.3
1.41
1.87
1.87
1.85
1.89
1.84
3.8
3.95
1.24
1.25
1.93
2.48
1.55
1.94
1.88
7.1
4.4
1.45
2.68
1.2
1.085
2.1
1.75
1.82
2.02
1.166
8.5
12
1.022
1.06
4.9
1.82
2.02
1.97
1.85
2.1
3.3
3.6
1.285
1.32
1.71
1.51
2.6
1.97
1.85
13
8.1
1.166
4.9
1.065
1.016
1.97
1.85
2.26
1.65
2.35
3.3
3.05
1.363
1.32
1.571
1.69
2.2
2.04
1.8
2.96
3.5
2.3
1.59
1.285
1.38
2.18
1.7
2.04
1.8
2
3.4
3.8
1.25
1.3
1.78
1.46
2.76
1.85
1.97
2.1
3.3
3.8
1.285
1.35
1.76
1.51
2.72
1.9
1.98
2.1
3.3
3.8
1.285
1.35
1.76
1.51
2.72
1.7
2.26
3.35
3.25
2.22
1.64
1.333
1.31
2.4
1.59
1.79
2.05
2.92
3.3
2.42
1.54
1.32
1.39
2.1
1.75
1.7
2.18
2.625
3.25
2.7
1.444
1.333
1.47
1.88
1.94
1.75
2.1
2.4
3.3
2.95
1.38
1.32
1.55
1.727
2.14
1.92
1.9
2
3.4
3.8
1.25
1.3
1.78
1.46
2.76
2.1
1.75
2.2
3.3
3.35
1.31
1.32
1.65
1.58
2.42
1.8
2.04
1.75
3.6
4.8
1.181
1.285
2.04
2.375
1.6
1.97
1.85
2.35
3.3
3.05
1.363
1.32
1.571
1.69
2.2
1.94
1.88
1.23
5.9
13
1.016
1.125
4
2.26
1.65
2.52
1.54
1.27
5.7
10.5
1.035
1.133
3.65
1.82
2.02
3
1.4
5.7
4.1
1.65
2.35
1.27
1.166
1.81
2.16
2.1
1.85
3.25
3.45
2.34
1.66
1.35
1.38
2.36
1.69
1.85
2.1
1.51
4.25
7.8
1.111
1.26
2.72
1.89
2.06
1.9
2.04
3.3
3.3
2.375
1.64
1.37
1.37
2.36
1.69
1.85
2.1
2.05
3.6
3.85
1.3
1.333
1.84
1.51
2.84
1.9
2.04
1.8
3.9
4.7
1.222
1.3
2.1
2.46
1.64
2.1
1.85
1.6
4.2
6.2
1.153
1.26
2.46
2.04
1.9
1.85
2.1
1.55
4.3
6.8
1.133
1.25
2.6
1.97
1.97
2.04
1.91
3.8
3.5
2.1
1.8
1.34
1.3
1.444
3.1
1.89
2.06
5.7
3.8
1.7
2.26
1.3
1.166
1.75
2.25
2.08
1.87
1.55
4.35
6.6
1.143
1.25
2.6
1.96
1.98
2.34
1.7
1.952
3.65
4.2
1.26
1.32
1.93
1.444
3.1
1.85
2.1
3.1
3.3
2.5
1.58
1.37
1.41
2.2
1.78
1.85
2.1
2.05
3.4
4.1
1.27
1.363
1.84
2.98
1.47
2
1.94
3.9
3.3
2.15
1.77
1.37
1.3
1.42
3.2
1.85
2.1
1.8
3.7
5
1.21
1.32
2.1
2.48
1.63
1.85
2.1
2.5
3.5
2.94
1.45
1.34
1.58
1.82
2.15
1.94
2
2.36
3.65
3.05
1.42
1.32
1.65
1.75
2.25
1.84
2.12
2.25
3.4
3.5
1.34
1.363
1.7
1.615
2.52
1.85
2.1
1.45
4.65
8.3
1.1
1.23
2.92
2.38
1.68
2.25
1.75
1.6
3.9
6.9
1.133
1.3
2.46
2.08
1.87
1.94
2
3.25
3.5
2.32
1.666
1.34
1.38
2.36
1.69
1.85
2.1
3
3.4
2.5
1.58
1.363
1.43
2.16
1.81
2
1.94
3.2
3.5
2.35
1.65
1.34
1.39
2.32
1.71
2.18
1.8
2.95
3.4
2.55
1.571
1.363
1.444
2.12
1.833
2.08
1.88
1.65
3.75
6.5
1.143
1.31
2.35
2.2
1.78
1.6
2.56
1.833
3.5
4.75
1.2
1.32
2
2.56
1.56
1.68
2.3
1.952
3.4
4.25
1.24
1.333
1.88
1.42
3.05
1.76
2.16
1.333
5.4
11
1.065
1.181
3.55
1.96
1.98
2.2
1.78
1.92
3.5
4.55
1.23
1.34
1.96
2.7
1.55
2.06
1.89
3.2
3.4
2.375
1.64
1.363
1.39
2.3
1.72
2.06
1.89
2.84
3.55
2.55
1.571
1.333
1.47
2.08
1.87
2.12
1.833
1.3
5.8
12
1.055
1.166
3.8
1.89
2.06
2.64
1.571
2.55
3.3
3.05
1.42
1.37
1.571
1.81
2.16
1.85
2.1
11
6.4
1.285
3.95
1.143
1.065
2.12
1.833
3.1
1.444
4.95
3.9
1.76
2.16
1.3
1.21
1.666
2.4
2.02
1.92
1.444
4.6
8.6
1.095
1.23
2.95
2.48
1.63
1.97
1.97
2.4
3.45
3.125
1.41
1.35
1.63
1.74
2.26
1.87
2.08
1.92
3.7
4.25
1.26
1.32
1.96
1.43
3.15
2.1
1.85
3.5
3.5
2.2
1.74
1.34
1.34
2.54
1.61
2.1
1.85
1.8
3.75
4.9
1.21
1.31
2.1
2.48
1.63
1.952
1.99
1.08
15
31
1.001
1.036
9.5
1.6
2.56
2.5
1.63
2.92
3.4
2.56
1.56
1.363
1.45
2.1
1.85
2.06
1.89
1.25
6.7
13
1.05
1.133
4.333
1.77
2.22
2.36
1.69
6.5
4.2
1.5
2.54
1.222
1.1
1.96
1.86
2.26
1.65
1.03
17
34
0
0
11
1.75
2.1
2.1
1.75
1.5
4.3
6.3
1.111
1.21
2.54
1.181
5
2.15
1.72
1.98
3.8
3.45
1.3
1.25
1.8
1.5
2.625
1.952
1.87
1.35
4.7
9.5
1.045
1.181
3.125
2.04
1.8
1.7
2.18
1.63
3.95
5.2
1.153
1.24
2.24
2.12
1.74
1.56
2.45
1.952
3.45
3.9
1.24
1.3
1.82
1.43
2.875
1.72
2.15
2.32
3.65
2.84
1.41
1.27
1.59
1.74
2.12
1.91
1.91
5.4
4.05
1.6
2.3
1.23
1.143
1.727
2.14
1.85
1.97
1.9
3.45
3.6
1.222
1.24
1.75
2.74
1.42
1.75
2
2.15
3.35
3.05
1.3
1.25
1.58
1.59
2.26
1.75
2
1.42
4.4
6.2
1.07
1.153
2.55
1.76
2
1.8
1.94
2.5
3.3
2.56
1.42
1.26
1.444
1.85
1.89
1.68
2.1
2.62
3.3
2.45
1.45
1.26
1.4
1.93
1.81
1.7
2.08
2.98
3.7
2.05
1.64
1.21
1.32
1.37
2.95
2.36
1.55
2.25
3.6
2.7
1.38
1.222
1.533
1.71
2.06
2.3
1.571
2.4
2.76
3.6
1.285
1.43
1.55
1.59
2.4
1.4
3
2.46
2.8
3.4
1.3
1.42
1.533
1.65
2.26
1.4
3
2.35
2.82
3.6
1.285
1.41
1.571
1.58
2.42
1.444
2.85
1.82
3.6
4.9
1.2
1.32
2.05
2.52
1.6
1.88
2.05
2
3.5
4.15
1.27
1.34
1.88
2.875
1.5
2.52
1.615
3.3
3.6
2.25
1.7
1.333
1.37
1.39
3.4
2.34
1.7
1.35
5.7
9.1
1.085
1.166
3.45
1.533
2.75
2.7
1.55
2.2
3.65
3.35
1.363
1.32
1.74
1.63
2.48
2.56
1.6
4.15
3.9
1.84
1.99
1.27
1.25
1.571
2.54
2.16
1.76
1.75
3.8
4.85
1.19
1.285
2.12
2.35
1.65
2.18
1.75
1.444
4.8
7.1
1.111
1.2
2.84
1.72
2.22
2.64
1.533
2.7
3.7
2.5
1.55
1.3
1.48
2.02
1.87
2.42
1.615
1.4
5
7.8
1.09
1.181
3.05
2.2
1.74
2.56
1.56
1.82
4.05
4.1
1.25
1.25
2.02
2.46
1.6
2.62
1.54
1.9
3.7
4.1
1.25
1.3
1.93
1.42
3.05
2.14
1.78
1.46
4.6
8.1
1.1
1.23
2.88
1.72
2.3
2.7
1.55
2.68
3.4
2.78
1.49
1.363
1.52
1.94
2
2.2
1.78
2.46
3.6
2.92
1.45
1.333
1.6
1.81
2.16
2.38
1.68
1.35
5.6
9.4
1.08
1.181
3.45
1.98
1.96
1.82
2.15
1.78
3.9
4.8
1.222
1.3
2.14
2.44
1.65
2.2
1.78
2.14
3.65
3.5
1.34
1.32
1.77
1.59
2.58
2.3
1.72
1.533
4.6
6.4
1.143
1.23
2.64
1.87
2.08
2.3
1.72
1.77
3.6
4.65
1.181
1.285
2.02
2.44
1.571
1.72
2.15
1.87
3.55
4.15
1.222
1.285
1.9
2.6
1.51
2.14
1.727
3.95
3.5
1.92
1.85
1.285
1.24
1.47
2.72
1.833
1.99
2.72
3.25
2.62
1.47
1.333
1.444
1.952
1.87
1.96
1.86
1.41
4.5
7.9
1.07
1.19
2.84
1.69
2.2
2.22
1.68
1.32
5
10
1.04
1.166
3.3
1.99
1.833
2.18
1.7
1.952
3.45
3.9
1.24
1.3
1.82
1.43
2.875
1.82
2.02
2.3
3.2
3.2
1.333
1.333
1.59
1.64
2.28
1.79
2.05
1.58
3.8
6.2
1.111
1.25
2.34
2.05
1.79
1.75
2.1
1.55
3.9
6.4
1.111
1.24
2.4
1.97
1.85
1.87
1.952
1.72
3.5
5.2
1.153
1.285
2.08
2.34
1.615
1.78
2.06
2.5
3.2
2.9
1.4
1.333
1.51
1.78
2.06
1.91
1.91
4.05
3.5
1.9
1.87
1.285
1.23
1.47
2.72
1.6
2.375
2.68
3.2
2.68
1.45
1.333
1.45
1.91
1.91
1.8
2.04
3.55
3.3
2.25
1.69
1.363
1.333
2.52
1.6
1.8
2.15
1.6
3.9
6.7
1.125
1.285
2.44
2.08
1.85
1.85
2.08
1.85
3.55
4.8
1.21
1.333
2.02
1.363
3.5
1.8
2.15
2.78
3
2.96
1.43
1.42
1.48
1.9
2.02
1.8
2.15
2.84
3.2
2.65
1.5
1.363
1.444
2.02
1.87
1.7
2.26
1.99
3.5
4.2
1.26
1.34
1.89
1.45
3.1
1.94
2
8
4.6
1.46
2.88
1.23
1.111
2.2
1.78
2.14
1.82
8.7
4.8
1.42
3.05
1.222
1.09
2.32
1.71
2.1
1.85
1.94
3.5
4.45
1.24
1.34
1.94
1.41
3.25
1.85
2.1
2.15
3.35
3.6
1.3
1.34
1.727
1.55
2.6
1.91
1.97
2.05
3.45
3.8
1.285
1.333
1.79
1.49
2.78
1.909
1.97
2.2
3.45
3.35
1.34
1.333
1.69
1.61
2.44
1.94
1.94
1.8
3.55
4.9
1.19
1.31
2.04
2.48
1.59
1.89
1.99
2.24
3.4
3.55
1.32
1.34
1.68
1.61
2.54
1.87
2.08
3
3.35
2.56
1.533
1.35
1.41
2.15
1.82
1.97
1.97
1.333
5.8
10
1.06
1.153
3.45
2.08
1.87
1.87
2.08
1.75
3.6
5.9
1.153
1.31
2.12
2.38
1.68
1.85
2.1
5.6
3.7
1.75
2.12
1.3
1.166
1.69
2.36
2
1.94
7.5
4.55
1.5
2.66
1.222
1.1
1.56
2.68
1.94
2
1.666
4.05
5.8
1.153
1.26
2.26
2.2
1.78
2.02
1.92
1.8
3.7
5.1
1.181
1.3
2.06
1.35
3.65
1.98
1.96
1.27
5.7
17
1.017
1.153
3.95
1.99
1.952
2.08
1.87
2.34
3.3
3.45
1.333
1.35
1.63
1.68
2.38
1.8
2.18
2.46
3.35
3.15
1.38
1.35
1.571
1.76
2.24
1.833
2.12
6.5
4.15
1.6
2.4
1.25
1.125
1.89
2.06
1.952
1.99
2.36
3.25
3.45
1.333
1.363
1.615
1.66
2.42
1.78
2.2
4.95
3.6
1.85
2
1.31
1.19
1.59
2.58
1.82
2.15
1.9
3.5
4.8
1.2
1.32
1.94
2.68
1.56
1.94
2
1.4
4.5
12
1.045
1.222
3.05
2.24
1.76
1.9
2.04
3.8
3.3
2.2
1.7
1.35
1.285
2.7
1.55
1.85
2.1
2.8
3.3
2.8
1.46
1.35
1.46
1.97
1.97
1.7
2.34
2.6
3.3
3
1.41
1.35
1.52
1.84
2.12
1.8
2.18
1.32
5.7
12
1.045
1.153
3.5
1.98
1.96
1.92
2.02
1.65
3.8
6.6
1.125
1.285
2.3
2.2
1.79
1.85
2.1
3.65
3.2
2.2
1.69
1.363
1.3
2.6
1.55
1.6
2.46
2.15
3.3
3.65
1.3
1.35
1.727
1.55
2.58
1.6
2.46
2.95
3.25
2.54
1.533
1.363
1.42
2.1
1.8
1.6
2.46
3.95
3.3
2.06
1.79
1.35
1.26
2.82
1.48
1.6
2.46
2.22
3.25
3.55
1.31
1.363
1.68
1.58
2.52
1.5
2.74
2.3
3.2
3.4
1.333
1.363
1.64
1.63
2.4
1.5
2.74
2.85
3.35
2.55
1.533
1.34
1.444
2.05
1.84
1.7
2.25
1.45
4.45
7.9
1.09
1.222
2.82
1.8
2.1
1.8
2.1
1.7
3.5
5.9
1.143
1.32
2.18
2.3
1.68
1.6
2.46
2.15
3.3
3.65
1.3
1.35
1.727
1.55
2.58
1.6
2.46
2.4
3.2
3.2
1.363
1.363
1.59
1.7
2.25
1.5
2.74
1.6
3.8
6.5
1.125
1.285
2.38
2.1
1.8
1.8
2.1
1.55
3.9
7.1
1.111
1.27
2.5
2
1.88
1.6
2.46
1.5
4.05
7.8
1.09
1.25
2.64
1.9
1.98
1.8
2.1
2.15
3.3
3.65
1.3
1.35
1.727
1.55
2.58
1.6
2.46
2.95
3.3
2.5
1.55
1.35
1.42
2.1
1.8
1.6
2.46
2.3
3.2
3.4
1.333
1.363
1.64
1.63
2.4
1.5
2.74
2.6
3.2
2.9
1.43
1.363
1.51
1.85
2.04
1.5
2.74
1.3
5.6
10.5
1.055
1.153
3.65
1.98
1.9
1.9
1.98
1.55
3.8
5.4
1.095
1.2
2.22
1.9
1.84
1.84
1.9
1.27
5.1
9.1
1.014
1.111
3.25
1.9
1.84
1.87
1.87
1.25
5.3
9.6
1.008
1.1
3.35
1.84
1.9
2
1.75
1.45
4
6.5
1.06
1.181
2.46
1.75
2
1.7
2.08
5.6
4.05
1.58
2.34
1.23
1.133
1.86
1.96
1.8
2.04
2.35
3.1
3.25
1.333
1.35
1.571
1.65
2.26
1.8
2.04
2.65
2.9
2.98
1.38
1.4
1.46
1.8
2.04
1.75
2.1
1.45
4.4
7.1
1.085
1.2
2.68
1.75
2.1
1.86
1.96
5.8
4
1.571
2.35
1.23
1.125
1.85
1.97
2.44
1.571
2.56
3.6
2.56
1.49
1.285
1.49
1.91
1.91
2.42
1.58
2.62
3.4
2.86
1.47
1.363
1.54
1.89
2.06
1.666
2.4
2.35
3.5
3.2
1.39
1.34
1.65
1.71
2.32
1.615
2.52
5.1
3.5
1.833
2.06
1.34
1.2
1.59
2.58
1.72
2.3
1.41
4.85
9
1.085
1.21
3.1
1.71
2.32
1.87
2.08
46
19
1.05
13
1.022
0
2.1
1.85
2.7
1.55
3.25
3.7
2.24
1.71
1.32
1.38
2.4
1.666
1.85
2.1
1.05
21
41
0
1.017
13
1.8
2.18
2.1
1.85
1.2
8
15
1.036
1.111
5.1
1.94
2
1.97
1.97
1.5
4.5
7.3
1.125
1.24
2.75
1.86
2.1
1.7
2.34
2.55
3.6
2.82
1.48
1.333
1.571
1.88
2.08
1.85
2.1
1.38
4.9
10.5
1.07
1.21
3.25
2.2
1.79
1.92
2.02
1.07
17
31
1.001
1.03
10.5
1.7
2.34
2.7
1.55
2.3
3.35
3.4
1.363
1.363
1.68
1.65
2.44
1.7
2.34
20
8.4
1.166
5.8
1.095
1.019
2.1
1.85
2.56
1.6
1.065
14
67
0
1.04
11
2.15
1.82
1.65
2.44
1.45
4.65
8.3
1.1
1.23
2.92
2.36
1.69
2.44
1.65
1.25
6.3
15
1.036
1.153
4.333
1.85
2.1
2.2
1.79
2.1
3.4
3.9
1.3
1.363
1.8
1.51
2.84
1.75
2.25
1.8
3.6
5.2
1.19
1.333
2.1
2.48
1.63
1.76
2.24
4.6
3.8
1.833
2.06
1.3
1.23
1.6
2.56
1.99
1.952
1.76
3.9
4.95
1.21
1.3
2.16
2.4
1.666
1.97
1.97
5.1
3.85
1.75
2.18
1.3
1.2
1.68
2.38
1.9
2.04
26
13
1.1
8.2
1.05
1.008
1.78
2.2
2.875
1.5
1.92
3.65
4.333
1.25
1.32
1.96
2.75
1.533
1.666
2.4
1.2
7.2
19
1.022
1.125
5.1
1.99
1.952
2.3
1.72
1.99
3.45
4.3
1.25
1.35
1.89
2.95
1.48
1.78
2.2
1.77
3.65
5.4
1.181
1.32
2.15
2.44
1.65
1.77
2.22
2.1
3.45
3.85
1.3
1.35
1.8
1.52
2.8
1.75
2.25
6.5
4
1.45
2.46
1.181
1.06
1.92
1.82
1.72
2.05
4.4
3.7
1.78
2
1.27
1.2
3.3
1.34
2.04
1.79
1.75
3.75
5.3
1.19
1.31
2.18
2.36
1.69
2.15
1.82
4.35
3.65
1.8
1.98
1.27
1.2
1.59
2.38
2
1.833
3.5
3.25
2.15
1.68
1.333
1.285
2.52
1.54
2
1.833
2.06
3.3
3.7
1.27
1.32
1.74
1.49
2.66
1.75
2.1
2.625
3.2
2.74
1.444
1.333
1.47
1.87
1.952
1.96
1.86
4.3
3.2
1.952
1.82
1.333
1.21
3.05
1.39
1.84
1.98
2.4
3.5
2.8
1.42
1.285
1.55
1.77
2.08
1.7
2.18
4.15
3.5
1.88
1.89
1.285
1.222
1.49
2.66
1.59
2.4
2.46
3.5
2.74
1.444
1.285
1.533
1.81
2.02
1.61
2.35
4.7
3.6
1.76
2.02
1.285
1.181
1.571
2.44
1.6
2.375
1.96
3.5
3.8
1.25
1.285
1.81
2.8
1.45
1.88
1.94
4.05
3.5
1.9
1.87
1.285
1.23
1.47
2.72
1.68
2.22
2.15
3.6
3.15
1.34
1.285
1.68
1.61
2.35
1.7
2.18
2.92
3.45
2.35
1.571
1.3
1.39
2.14
1.727
1.75
2.1
2.5
3.5
2.68
1.45
1.285
1.51
1.85
1.97
1.7
2.18
3
3.3
2.46
1.571
1.35
1.41
2.16
1.76
1.94
1.94
2.82
3.3
2.6
1.51
1.35
1.45
2.02
1.86
1.98
1.9
2.5
3.3
2.94
1.42
1.35
1.55
1.79
2.12
1.8
2.1
3.85
3.3
2.02
1.76
1.32
1.25
2.76
1.46
1.8
2.04
2.18
3.3
3.35
1.31
1.32
1.66
1.58
2.42
1.94
1.88
2.64
3.1
2.8
1.42
1.35
1.47
1.85
1.97
1.68
2.22
2.76
3.125
2.66
1.46
1.35
1.43
1.952
1.87
1.68
2.22
2.8
3.1
2.65
1.46
1.35
1.42
1.96
1.86
1.68
2.22
3.5
3.1
2.22
1.64
1.35
1.285
2.46
1.56
1.7
2.18
2.12
3.3
3.5
1.285
1.32
1.69
1.533
2.54
1.833
1.99
7.8
4.333
1.49
2.74
1.24
1.1
2.08
1.85
1.98
1.94
1.9
3.45
4.65
1.222
1.34
1.96
2.76
1.52
1.571
2.6
1.333
5.7
9.5
1.075
1.166
3.5
2
1.92
2.15
1.8
6.8
4.2
1.55
2.56
1.25
1.125
1.952
1.97
2
1.92
2.1
3.2
3.3
1.26
1.285
1.61
1.533
2.4
1.65
2.16
1.7
3.5
4.55
1.143
1.23
1.97
2.3
1.571
1.65
2.16
2.6
3.25
2.74
1.444
1.333
1.48
1.86
1.96
1.833
1.99
6
4
1.56
2.38
1.23
1.125
1.82
2.02
1.72
2.15
1.92
3.5
3.95
1.24
1.285
1.85
1.42
2.92
2.12
1.74
2.22
3.25
3.35
1.31
1.333
1.64
1.59
2.4
1.7
2.18
2.22
3.3
3.3
1.32
1.32
1.64
1.6
2.375
1.75
2.1
1.6
3.85
5.8
1.125
1.25
2.3
2.04
1.8
1.91
1.91
1.363
5.2
7.7
1.075
1.153
3.05
2.08
1.76
1.91
1.91
3.7
3.55
1.98
1.8
1.285
1.27
1.47
2.72
1.85
1.97
1.85
3.7
4.05
1.23
1.27
1.92
2.52
1.54
1.85
1.97
2.1
3.55
3.5
1.32
1.31
1.76
1.55
2.6
1.82
2.08
1.952
3.45
4.15
1.25
1.333
1.88
2.82
1.48
1.9
1.98
1.285
5.8
11
1.05
1.153
3.75
1.75
2.18
2.68
1.52
1.3
5.9
9.7
1.06
1.143
3.65
1.91
1.97
2.56
1.56
4.4
3.8
1.76
2.02
1.25
1.2
1.6
2.375
2.4
1.59
4.3
3.55
1.84
1.93
1.285
1.21
1.52
2.56
1.76
2.08
2.55
3.125
3.2
1.39
1.41
1.571
1.77
2.22
1.72
2.3
1.75
3.55
5.8
1.166
1.333
2.18
2.38
1.68
1.82
2.15
1.76
3.65
5.4
1.181
1.32
2.16
2.4
1.666
1.77
2.22
1.8
3.6
5.2
1.19
1.333
2.1
2.48
1.63
1.8
2.18
1.8
3.6
5.2
1.19
1.333
2.1
1.32
3.9
1.75
2.25
2.2
3.25
3.8
1.3
1.38
1.74
1.55
2.7
1.72
2.3
3.75
3.3
2.2
1.74
1.37
1.31
2.68
1.56
1.7
2.34
1.72
3.9
5.3
1.19
1.3
2.22
1.3
4.05
1.7
2.34
8.1
4.5
1.47
2.85
1.24
1.1
2.15
1.82
1.8
2.18
2.05
3.45
4.05
1.285
1.35
1.84
1.48
2.95
1.65
2.44
2.3
3.25
3.55
1.333
1.38
1.68
1.63
2.48
1.65
2.44
2.14
3.25
4
1.285
1.38
1.77
1.51
2.84
1.65
2.44
1.34
5.4
10.5
1.07
1.181
3.5
2.08
1.88
1.952
1.99
2.2
3.25
3.8
1.3
1.38
1.74
1.55
2.7
1.68
2.38
3.15
3.25
2.5
1.58
1.38
1.4
2.22
1.77
1.72
2.3
1.38
4.9
10.5
1.07
1.21
3.25
2.1
1.85
2.18
1.8
2
3.45
4.25
1.26
1.35
1.88
1.45
3.1
1.65
2.44
1.75
3.55
5.8
1.166
1.333
2.18
2.4
1.666
1.68
2.38
1.58
3.8
7.7
1.111
1.3
2.52
2.04
1.909
1.75
2.25
2.3
3.15
3.65
1.32
1.4
1.68
1.61
2.54
1.6
2.56
2.75
3.15
2.9
1.46
1.4
1.5
1.92
2.02
1.65
2.44
1.9
3.45
4.75
1.222
1.35
1.98
1.38
3.45
1.68
2.38
2.75
3.15
2.9
1.46
1.4
1.5
1.92
2.02
1.615
2.52
4.8
3.6
1.85
2.04
1.333
1.222
3.55
1.363
1.85
2.1
2.3
3.15
3.6
1.32
1.39
1.66
1.61
2.5
1.75
2.22
1.9
3.35
4.85
1.21
1.363
1.96
1.363
3.5
1.65
2.42
2.1
3.15
4.2
1.25
1.39
1.78
1.47
2.94
1.7
2.32
2.45
3.05
3.4
1.35
1.41
1.59
1.69
2.34
1.75
2.22
2.25
3.15
3.7
1.31
1.39
1.69
1.58
2.58
1.65
2.42
3.85
3.25
2.15
1.75
1.37
1.285
2.72
1.533
1.68
2.35
2.25
3.15
3.7
1.31
1.39
1.69
1.58
2.58
1.65
2.42
2.15
3.15
4.05
1.27
1.39
1.75
1.5
2.82
1.68
2.35
1.7
3.55
6.2
1.143
1.333
2.24
2.3
1.71
1.7
2.32
2.4
3.05
3.5
1.333
1.41
1.615
1.65
2.42
1.65
2.42
10.5
4.7
1.333
3.2
1.181
1.035
1.79
2.05
2.3
1.63
3.5
3.3
2.12
1.69
1.32
1.285
2.54
1.533
1.85
1.97
2.4
3.2
3.05
1.363
1.333
1.55
1.71
2.16
1.97
1.85
3
3.15
2.45
1.533
1.34
1.37
2.12
1.74
1.79
2.05
4.5
3.85
1.82
2.05
1.285
1.23
1.6
2.52
2.22
1.75
2.65
3.3
2.85
1.46
1.363
1.52
1.89
2.04
2.25
1.74
1.87
3.55
4.65
1.222
1.333
1.99
2.64
1.56
1.85
2.08
1.47
4.6
7.5
1.111
1.222
2.8
1.8
2.15
2.42
1.65
1.63
4
6
1.153
1.27
2.36
2.1
1.833
2.22
1.76
3.1
3.3
2.46
1.59
1.363
1.4
2.22
1.76
1.99
1.93
2.4
3.2
3.2
1.363
1.363
1.59
1.7
2.26
2
1.88
2.96
3.2
2.55
1.533
1.363
1.41
2.1
1.81
1.98
1.9
1.65
3.65
6.2
1.133
1.3
2.28
2.16
1.76
2.3
1.68
1.8
3.7
5
1.21
1.32
2.1
1.34
3.7
2.1
1.85
4.5
3.8
1.85
2.04
1.3
1.24
3.4
1.39
2.16
1.81
4.8
3.6
1.85
2.04
1.333
1.222
3.55
1.363
1.89
2.05
2.6
3.3
2.82
1.45
1.35
1.51
1.86
2.02
1.98
1.9
2.5
3.3
2.95
1.42
1.35
1.55
1.79
2.12
1.94
1.94
1.68
3.8
5.5
1.166
1.285
2.22
2.22
1.727
2.1
1.8
3.75
3.55
2.1
1.8
1.333
1.31
2.74
1.54
2.12
1.84
3.45
3.55
2.2
1.74
1.333
1.35
2.52
1.615
2.25
1.75
3.6
3.6
2.12
1.79
1.333
1.333
2.68
1.56
2.38
1.68
1.181
7.9
19
1.022
1.111
5.4
1.77
2.24
3.05
1.46
1.82
3.75
4.75
1.222
1.31
2.08
2.44
1.66
2.02
1.92
2.3
3.4
3.35
1.363
1.363
1.68
1.66
2.42
1.97
1.97
2.7
3.5
2.7
1.51
1.34
1.51
1.97
1.97
1.8
2.18
4.85
3.8
1.8
2.1
1.3
1.21
1.64
2.46
2.25
1.75
1.4
5
9
1.085
1.21
3.15
2.2
1.78
2.44
1.65
2.5
3.45
2.98
1.444
1.35
1.58
1.81
2.16
2.25
1.75
1.45
5
7.4
1.125
1.21
2.92
1.76
2.24
2.25
1.75
2
3.55
4.1
1.27
1.333
1.88
2.875
1.5
1.97
1.97
2.1
3.5
3.8
1.3
1.34
1.8
1.533
2.75
2.18
1.8
2.72
3.45
2.72
1.51
1.35
1.51
1.97
1.97
1.97
1.97
3.55
3.4
2.15
1.727
1.333
1.31
2.56
1.56
1.88
2
2.75
3.5
2.55
1.533
1.32
1.47
2.02
1.87
2.46
1.6
1.55
4.05
6.7
1.125
1.25
2.5
1.96
1.92
2.26
1.7
2.15
3.5
3.45
1.333
1.32
1.727
1.571
2.54
2.44
1.61
1.3
6
9.5
1.065
1.143
3.65
1.91
1.97
2.92
1.45
2.18
3.4
3.45
1.333
1.333
1.71
1.58
2.52
2.35
1.65
1.2
7.1
15
1.022
1.111
4.75
2.05
1.84
2.75
1.5
4.05
3.55
1.952
1.88
1.31
1.25
1.49
2.78
1.94
1.94
2.62
3.5
2.8
1.48
1.34
1.54
1.909
2.04
1.99
1.952
12
6.5
1.222
4.1
1.1
1.022
2.22
1.68
3.35
1.333
1.23
6.1
12
1.022
1.125
4
1.71
2.16
3.7
1.285
2.55
3.2
2.82
1.41
1.333
1.49
1.82
2.02
1.7
2.18
1.35
4.6
10
1.04
1.181
3.125
2.15
1.72
1.82
2.02
1.79
3.5
4.7
1.181
1.285
1.99
2.46
1.56
1.7
2.18
3.3
3.2
2.25
1.615
1.333
1.32
2.35
1.61
1.72
2.15
1.56
3.9
6.2
1.111
1.24
2.38
2.02
1.82
1.8
2.04
2.3
3.2
3.2
1.333
1.333
1.59
1.64
2.28
1.64
2.28
2.8
3.2
2.58
1.48
1.333
1.42
1.99
1.833
1.666
2.24
2
3.25
4
1.23
1.333
1.78
2.92
1.42
1.6
2.375
3.25
3.2
2.28
1.6
1.333
1.333
2.3
1.63
1.75
2.1
2.18
3.25
3.45
1.3
1.333
1.66
1.56
2.46
1.55
2.48
2.72
3.25
2.62
1.47
1.333
1.444
1.952
1.87
1.72
2.15
2.6
3.25
2.74
1.444
1.333
1.48
1.86
1.96
1.58
2.42
2.25
3.3
3.2
1.333
1.32
1.615
1.63
2.3
1.75
2.1
2.08
3.7
3.65
1.32
1.32
1.82
1.55
2.7
2.3
1.72
1.51
4.15
7.2
1.111
1.25
2.62
1.9
1.98
1.833
2.06
6.1
4.1
1.58
2.42
1.25
1.133
1.87
2.02
2.46
1.6
2.2
3.35
3.45
1.333
1.34
1.69
1.59
2.48
1.8
2.1
1.52
4.4
6.4
1.125
1.222
2.58
1.91
1.97
2.16
1.76
3.05
3.25
2.48
1.56
1.363
1.4
2.16
1.76
1.75
2.18
1.72
3.85
5
1.181
1.285
2.16
2.3
1.68
1.94
1.94
2.85
3.3
2.58
1.52
1.35
1.444
2.04
1.85
1.96
1.92
2.6
3.25
2.86
1.444
1.363
1.51
1.85
2.04
1.76
2.16
2.2
3.6
3.05
1.363
1.285
1.65
1.64
2.28
2.375
1.6
20
10
1.1
6.6
1.04
0
2.48
1.55
1.91
1.91
