2.16
3.8
3.15
1.38
1.285
1.72
1.63
2.4
1.82
2.08
2.6
3.35
2.78
1.46
1.34
1.51
1.88
2
2.06
1.833
2.42
3.4
3
1.41
1.333
1.58
1.75
2.18
1.4
3.15
1.85
3.75
4.25
1.24
1.285
1.98
1.39
3.2
2.52
1.58
2.62
3.4
2.74
1.47
1.333
1.51
1.9
1.98
2.1
1.8
1.75
4.05
4.5
1.222
1.25
2.12
2.3
1.68
1.85
2.04
2.52
3.35
2.88
1.43
1.34
1.54
1.82
2.08
1.952
1.93
2.45
3.9
2.65
1.5
1.27
1.571
1.87
2.02
2.02
1.86
2.26
3.9
2.92
1.42
1.27
1.66
1.72
2.22
2.16
1.76
2.65
3.3
2.76
1.47
1.35
1.5
1.9
1.98
1.85
2.04
2.65
3.5
2.65
1.5
1.32
1.5
1.94
1.94
2.18
1.75
2.46
3.6
2.8
1.45
1.3
1.571
1.82
2.08
2.26
1.7
2.6
3.6
2.64
1.5
1.3
1.51
1.92
1.96
2.18
1.75
2.58
3.55
2.68
1.49
1.31
1.52
1.9
1.98
2.3
1.68
2.4
3.65
2.85
1.444
1.3
1.59
1.79
2.12
2.22
1.727
2.44
3.5
2.88
1.43
1.32
1.571
1.79
2.12
2.14
1.78
2.48
4
2.58
1.52
1.26
1.56
1.9
1.98
2.56
1.56
2.64
3.35
2.74
1.47
1.34
1.5
1.909
1.97
1.82
2.08
2.5
3.5
2.8
1.45
1.32
1.55
1.833
2.06
2.22
1.72
2.48
3.5
2.84
1.444
1.32
1.56
1.82
2.08
2.26
1.7
2.56
3.45
2.76
1.47
1.333
1.533
1.87
2.02
1.61
2.44
2.35
3.45
3.15
1.39
1.34
1.64
1.71
2.3
2.32
1.7
2.1
3.5
3.7
1.31
1.333
1.78
1.533
2.72
2.52
1.6
1.85
3.45
4.4
1.2
1.3
1.92
2.54
1.533
2.18
1.7
2.3
3.4
3.05
1.363
1.3
1.59
1.68
2.22
1.88
1.94
2
3.45
3.75
1.26
1.3
1.78
1.46
2.76
2.1
1.75
2.78
3.45
2.45
1.533
1.3
1.43
2.04
1.8
1.91
1.91
2.35
3.45
2.92
1.39
1.3
1.571
1.727
2.14
1.86
1.96
2.74
3.25
2.84
1.47
1.38
1.5
1.94
2
2.25
1.75
2.08
3.65
3.7
1.32
1.32
1.82
1.54
2.74
2.24
1.76
2.06
3.6
3.8
1.3
1.333
1.833
2.95
1.48
2.54
1.61
3.3
3.55
2.28
1.69
1.333
1.37
2.4
1.666
2.38
1.68
5.2
3.8
1.75
2.18
1.3
1.19
1.69
2.36
2.22
1.77
1.66
3.85
5.6
1.153
1.285
2.26
2.2
1.74
2.12
1.79
3.1
3.55
2.3
1.64
1.31
1.39
2.28
1.69
2.18
1.75
4.45
3.5
1.88
1.952
1.32
1.222
1.55
2.6
2.6
1.55
1.93
3.65
4
1.26
1.3
1.9
2.72
1.51
2.46
1.6
2.84
3.55
2.45
1.571
1.31
1.444
2.1
1.81
2.3
1.68
1.9
3.3
4.35
1.2
1.32
1.87
2.72
1.47
1.7
2.18
2
3.3
3.9
1.24
1.32
1.78
1.444
2.82
1.65
2.26
3.125
3.3
2.3
1.59
1.32
1.35
2.25
1.66
1.8
2.04
3.25
3.4
2.2
1.65
1.3
1.333
2.375
1.6
2.04
1.8
2.5
3.2
2.9
1.4
1.333
1.51
1.78
2.06
1.6
2.375
1.65
4.25
5.8
1.166
1.26
2.35
2.14
1.84
2.15
1.833
2.4
3.45
3.25
1.38
1.35
1.63
1.72
2.34
1.89
2.08
1.222
6.9
19
1.022
1.133
4.7
2.14
1.85
2.625
1.59
2.44
3.35
3.25
1.38
1.363
1.61
1.727
2.32
1.8
2.2
2.45
3.35
3.25
1.38
1.363
1.61
1.74
2.3
1.81
2.18
6.2
4.1
1.64
2.375
1.27
1.153
1.84
2.14
2
1.96
6.4
4.2
1.61
2.44
1.26
1.143
1.89
2.08
2.02
1.94
2.12
3.5
3.9
1.3
1.34
1.79
1.533
2.8
1.98
1.98
5
3.95
1.78
2.14
1.285
1.21
1.69
2.38
2.28
1.75
1.42
4.95
9.2
1.085
1.21
3.05
1.7
2.375
2.18
1.81
4
3.5
2.08
1.82
1.34
1.285
2.92
1.5
2.1
1.87
1.27
6.5
14
1.04
1.143
4.1
1.8
2.2
2.4
1.68
1.444
4.9
8.4
1.095
1.21
2.95
1.85
2.14
2.24
1.78
2.25
3.4
3.6
1.333
1.363
1.7
1.61
2.58
1.833
2.15
1.58
4
7.5
1.125
1.285
2.52
1.92
2.04
2.1
1.87
1.285
6
14
1.04
1.166
3.95
1.85
2.14
2.375
1.7
1.42
4.5
12
1.055
1.24
3.05
1.65
2.48
2.14
1.85
5.5
3.8
1.75
2.18
1.3
1.181
1.74
2.3
2.1
1.87
5
3.65
1.85
2.04
1.32
1.21
1.63
2.52
2.14
1.85
2.95
3.4
2.62
1.54
1.363
1.444
2.1
1.87
1.87
2.1
7.4
4.25
1.55
2.6
1.26
1.125
2
1.96
2.26
1.76
3.4
3.45
2.32
1.666
1.35
1.363
2.44
1.666
1.86
2.12
1.4
5.1
9.7
1.08
1.2
3.15
2.18
1.81
2.375
1.7
1.31
5.9
12
1.055
1.166
3.75
1.93
2.04
2.375
1.7
2.12
3.35
4.1
1.27
1.363
1.79
1.5
2.92
1.86
2.12
1.9
3.6
4.75
1.222
1.333
1.98
1.39
3.45
1.96
2
2.4
3.3
3.4
1.363
1.37
1.63
1.69
2.38
1.94
2.02
1.94
3.55
4.55
1.23
1.333
1.94
1.41
3.35
1.81
2.18
1.363
5.5
10
1.075
1.181
3.35
2.12
1.86
1.98
1.98
2.28
3.35
3.6
1.333
1.363
1.69
1.615
2.56
2.14
1.85
2.45
3.5
3
1.43
1.34
1.61
1.79
2.2
2.05
1.9
2.25
3.65
3.25
1.38
1.32
1.7
1.666
2.4
2
1.94
2.25
3.45
3.45
1.35
1.35
1.7
1.63
2.48
1.82
2.14
2.15
3.5
3.65
1.32
1.34
1.77
1.56
2.68
1.94
2
3.8
3.65
2.05
1.84
1.32
1.3
2.8
1.52
2.18
1.8
1.45
4.8
7.8
1.111
1.222
2.92
1.74
2.28
2.25
1.75
1.7
3.8
5.7
1.166
1.3
2.26
2.26
1.74
2.04
1.9
3.3
3.5
2.3
1.68
1.34
1.37
2.4
1.666
2.08
1.88
2.625
3.5
2.78
1.49
1.34
1.54
1.91
2.04
1.94
2
2.78
3.5
2.625
1.54
1.34
1.49
2.04
1.91
1.82
2.15
2.45
3.4
3.1
1.41
1.363
1.61
1.76
2.24
1.82
2.15
2.12
3.5
3.75
1.31
1.34
1.79
1.54
2.74
2.02
1.92
2.45
3.5
3
1.41
1.32
1.58
1.78
2.18
1.96
1.96
1.98
3.65
4.05
1.26
1.3
1.86
2.82
1.5
1.92
2
4.05
3.6
2
1.85
1.31
1.26
1.49
2.86
1.92
2
4.25
3.7
1.92
1.92
1.3
1.24
1.54
2.7
2.1
1.833
2.05
3.65
3.8
1.285
1.3
1.81
1.51
2.8
2.05
1.88
2.98
3.45
2.5
1.56
1.333
1.42
2.15
1.8
1.9
2.02
2.05
3.55
3.9
1.27
1.32
1.81
1.49
2.86
2.08
1.85
2.55
3.5
2.875
1.444
1.32
1.54
1.87
2.06
2.1
1.833
3.85
3.6
2.05
1.81
1.31
1.285
2.82
1.5
2.08
1.86
1.56
4.15
7
1.111
1.25
2.5
1.98
1.94
1.98
1.94
2.45
3.4
3.1
1.39
1.34
1.58
1.75
2.22
1.96
1.96
2
3.5
4.15
1.25
1.32
1.85
2.9
1.48
1.88
2.05
2.78
3.45
2.66
1.5
1.333
1.47
2
1.92
1.91
2.02
2.25
3.4
3.5
1.32
1.34
1.68
1.61
2.5
1.88
2.05
1.98
3.65
4.05
1.26
1.3
1.86
1.46
2.98
2
1.92
2.45
3.4
3.1
1.39
1.34
1.58
1.75
2.22
2
1.92
3.1
3.4
2.45
1.58
1.34
1.39
2.22
1.75
1.92
2
3.2
3.4
2.4
1.6
1.34
1.37
2.3
1.71
1.96
1.96
1.92
3.65
4.333
1.23
1.3
1.92
2.94
1.47
2
1.92
2.15
3.45
3.7
1.3
1.333
1.74
1.55
2.66
1.92
2
2.4
3.45
3.125
1.39
1.333
1.6
1.727
2.26
2
1.92
2.05
3.5
3.95
1.27
1.32
1.81
2.94
1.47
1.97
1.952
2.3
3.4
3.35
1.35
1.34
1.65
1.65
2.42
2.02
1.9
2.35
3.4
3.25
1.363
1.34
1.63
1.69
2.34
1.9
2.02
2.8
3.4
2.45
1.533
1.3
1.42
2.05
1.79
2.04
1.8
3.55
3.6
2
1.78
1.285
1.285
2.66
1.49
1.99
1.833
1.952
3.6
3.75
1.26
1.285
1.82
2.76
1.46
1.99
1.833
1.615
3.85
5.6
1.133
1.25
2.26
2.1
1.75
2.04
1.8
1.8
3.65
4.35
1.2
1.27
1.98
2.46
1.56
2.04
1.8
2.3
3.5
2.96
1.38
1.285
1.59
1.7
2.18
1.952
1.87
2.15
3.4
3.35
1.31
1.3
1.68
1.571
2.44
1.89
1.93
2.25
3.5
3.05
1.363
1.285
1.615
1.66
2.25
2.06
1.78
2.25
3.4
3.125
1.35
1.3
1.615
1.64
2.28
1.94
1.88
2.68
3.4
2.55
1.49
1.3
1.45
1.96
1.86
1.94
1.88
2.5
3.4
2.75
1.43
1.3
1.51
1.82
2.02
1.952
1.87
3.55
3.6
2
1.78
1.285
1.285
2.66
1.49
1.91
1.91
2.05
3.55
3.45
1.3
1.285
1.74
1.52
2.56
2.44
1.571
1.571
3.85
6.2
1.111
1.25
2.35
1.99
1.833
2.24
1.666
1.91
3.65
3.85
1.25
1.27
1.86
2.66
1.49
2.44
1.571
1.666
3.75
5.2
1.153
1.26
2.16
2.2
1.69
1.92
1.9
2.45
3.5
2.75
1.43
1.285
1.533
1.81
2.02
1.99
1.833
3.3
3.6
2.1
1.71
1.285
1.32
2.46
1.56
2.18
1.7
2.75
3.5
2.45
1.533
1.285
1.43
2.02
1.81
2.04
1.8
2.25
3.5
3.05
1.363
1.285
1.615
1.66
2.25
2.25
1.66
2.375
3.5
2.84
1.41
1.285
1.56
1.75
2.1
1.99
1.833
2.15
3.5
3.25
1.333
1.285
1.68
1.59
2.4
1.833
2
1.5
4.25
6.4
1.111
1.21
2.54
1.86
1.96
2.34
1.615
3.05
3.5
2.25
1.615
1.285
1.363
2.25
1.66
1.952
1.87
1.615
4.333
4.8
1.181
1.21
2.26
2.08
1.77
2.54
1.533
2.25
3.5
3.05
1.363
1.285
1.615
1.66
2.25
1.952
1.87
1.6
4
5.5
1.143
1.23
2.3
2.08
1.77
2.06
1.78
3.35
3.5
2.1
1.71
1.285
1.31
2.48
1.55
2.34
1.615
1.615
4.2
5
1.166
1.222
2.26
2.12
1.74
1.87
1.952
1.45
4.333
7.3
1.08
1.21
2.68
1.78
2.06
2.15
1.72
2.2
3.4
3.25
1.333
1.3
1.65
1.6
2.375
2.04
1.8
1.88
3.6
4
1.23
1.285
1.89
2.625
1.5
1.99
1.833
2.45
3.5
2.75
1.43
1.285
1.533
1.81
2.02
2.26
1.65
2.15
3.5
3.25
1.333
1.285
1.68
1.59
2.4
1.81
2.02
1.952
3.75
3.6
1.285
1.26
1.82
2.72
1.47
2.2
1.69
2.5
3.4
2.75
1.43
1.3
1.51
1.82
2.02
2.04
1.8
2.66
3.05
3.1
1.41
1.42
1.533
1.833
2.12
1.533
2.75
4.1
3.4
2.05
1.84
1.363
1.27
2.95
1.48
1.56
2.68
3.1
3
2.7
1.51
1.43
1.41
2.12
1.84
1.52
2.8
1.666
3.5
7.1
1.125
1.34
2.32
2.24
1.76
1.54
2.74
2.86
3.05
2.86
1.47
1.42
1.47
1.97
1.97
1.52
2.8
2.35
3.1
3.6
1.333
1.41
1.65
1.63
2.48
1.56
2.68
2.35
3
3.75
1.31
1.43
1.65
1.6
2.56
1.59
2.58
2.92
3
2.85
1.47
1.43
1.45
2
1.94
1.52
2.8
2
3.2
4.65
1.23
1.39
1.88
1.41
3.25
1.5
2.875
3.05
3
2.74
1.5
1.43
1.42
2.08
1.87
1.52
2.8
3.75
3.05
2.3
1.66
1.41
1.3
2.52
1.6
1.5
2.82
2.25
2.95
3.85
1.285
1.42
1.666
1.54
2.62
1.49
2.78
3.6
3.1
2.26
1.66
1.39
1.3
2.52
1.58
1.54
2.62
2.52
2.9
3.35
1.34
1.43
1.54
1.7
2.26
1.52
2.68
2.3
2.9
3.8
1.285
1.43
1.64
1.56
2.56
1.5
2.75
2.36
3
3.5
1.32
1.41
1.61
1.63
2.4
1.6
2.46
2.52
3
3.2
1.363
1.41
1.54
1.74
2.2
1.48
2.82
2.25
2.95
3.85
1.285
1.42
1.666
1.54
2.62
1.5
2.75
1.98
3.05
4.8
1.2
1.4
1.85
2.92
1.45
1.49
2.78
2.375
2.95
3.55
1.31
1.42
1.6
1.615
2.42
1.5
2.75
2.3
2.95
3.75
1.285
1.42
1.64
1.56
2.56
1.52
2.68
2.05
3.1
4.333
1.23
1.39
1.79
3.05
1.42
1.56
2.56
2.875
2.9
2.5
1.444
1.333
1.333
2
1.75
1.55
2.36
1.5
3.7
6.4
1.065
1.21
2.32
1.93
1.81
1.65
2.16
2.3
2.9
3.2
1.285
1.333
1.51
1.61
2.22
1.6
2.25
2.78
3
2.5
1.444
1.31
1.363
1.97
1.78
1.8
1.94
1.6
3.9
5.7
1.133
1.24
2.3
2.08
1.76
1.75
2.1
2.3
3.2
3.2
1.333
1.333
1.59
1.64
2.28
1.7
2.18
1.6
3.9
5.7
1.133
1.24
2.3
2.08
1.76
1.75
2.1
2.05
3.4
3.6
1.285
1.3
1.74
1.5
2.625
1.75
2.1
2.2
3.3
3.35
1.31
1.32
1.65
1.58
2.42
1.8
2.04
2.55
3.2
2.82
1.41
1.333
1.49
1.82
2.02
1.75
2.1
1.285
5.8
11
1.05
1.153
3.75
1.88
2
2.52
1.58
1.4
5
9
1.085
1.21
3.15
2.1
1.85
2.875
1.5
2.42
3.6
3
1.43
1.333
1.615
1.78
2.2
1.9
2.04
2.25
3.6
3.3
1.37
1.333
1.7
1.66
2.42
1.92
2.02
1.7
4
5.3
1.19
1.285
2.26
2.25
1.75
2.18
1.8
3.55
3.6
2.15
1.77
1.333
1.333
2.62
1.58
2.25
1.75
1.3
6
11
1.065
1.166
3.8
1.92
2.02
2.4
1.666
3.25
3.6
2.28
1.69
1.333
1.38
2.38
1.68
2.34
1.7
2.5
3.6
2.875
1.46
1.333
1.58
1.84
2.12
2.56
1.6
1.88
3.5
4.8
1.222
1.34
2
2.75
1.533
1.72
2.3
1.43
4.75
8.6
1.095
1.222
3
1.72
2.3
2.44
1.65
1.97
3.5
4.3
1.25
1.34
1.91
1.43
3.15
1.82
2.15
2.44
3.35
3.15
1.4
1.363
1.61
1.75
2.25
1.84
2.12
1.72
3.7
5.7
1.166
1.32
2.22
2.42
1.66
1.61
2.54
2.44
3.1
3.4
1.363
1.41
1.61
1.69
2.36
1.79
2.2
2.95
3.35
2.58
1.55
1.363
1.444
2.1
1.85
1.666
2.4
1.45
4.45
9
1.085
1.24
2.92
1.82
2.15
1.99
1.952
2.82
3.3
2.72
1.51
1.37
1.48
2
1.94
1.92
2.02
2
3.45
3.95
1.26
1.333
1.833
2.92
1.45
1.833
2.06
1.85
3.6
4.5
1.222
1.3
1.98
2.56
1.56
1.87
2.02
1.45
4.5
7.7
1.095
1.222
2.82
1.77
2.15
2.14
1.78
2.04
3.35
3.95
1.26
1.34
1.8
2.95
1.444
1.98
1.9
4.8
3.6
1.8
2.04
1.3
1.2
1.61
2.44
2.26
1.7
2
3.45
3.95
1.26
1.333
1.833
2.85
1.47
2.02
1.87
1.8
3.6
4.8
1.2
1.3
2.04
2.46
1.6
2.02
1.87
1.9
3.55
4.3
1.23
1.31
1.93
2.64
1.533
2.06
1.833
2.4
3.25
3.15
1.38
1.363
1.59
1.71
2.24
2.18
1.75
1.85
3.6
4.5
1.222
1.3
1.98
2.56
1.56
1.94
1.94
1.5
3.9
7.4
1.08
1.24
2.54
1.88
1.94
2.04
1.8
2.76
3.3
2.54
1.5
1.32
1.43
1.99
1.833
1.89
1.93
1.98
3.35
3.95
1.24
1.31
1.8
2.82
1.444
1.833
2
2.4
3.3
2.95
1.38
1.32
1.55
1.727
2.14
1.63
2.3
1.6
3.85
5.8
1.125
1.25
2.3
2.08
1.76
1.72
2.15
1.47
4.15
7.3
1.08
1.222
2.625
1.833
2
1.92
1.9
1.952
3.35
4.05
1.23
1.31
1.82
2.82
1.444
1.61
2.35
2.32
3.55
3.2
1.39
1.333
1.666
1.7
2.34
2.32
1.71
5.3
4
1.7
2.26
1.285
1.19
1.75
2.25
2.54
1.61
1.31
5.8
11
1.065
1.166
3.75
1.87
2.08
2.7
1.55
2.375
3.65
3.05
1.42
1.32
1.64
1.75
2.25
2.48
1.63
1.75
3.85
5.1
1.2
1.3
2.18
2.36
1.69
2.48
1.63
1.84
4
4.3
1.25
1.285
2.05
1.41
3.25
2.56
1.6
4.95
4.15
1.72
2.22
1.27
1.21
1.74
2.26
2.56
1.6
2.54
3.5
2.88
1.46
1.34
1.571
1.85
2.1
2.3
1.72
2.8
3.45
2.64
1.533
1.35
1.48
2.04
1.91
2.18
1.8
3.45
3.55
2.2
1.74
1.333
1.35
2.52
1.615
2.875
1.5
5.6
3.95
1.68
2.3
1.285
1.181
1.76
2.24
2.12
1.833
1.92
3.7
4.25
1.26
1.32
1.96
1.43
3.15
2.08
1.88
1.125
10.5
23
1.013
1.07
7
1.97
1.97
1.97
1.97
1.222
7.5
14
1.04
1.125
4.7
2
1.94
1.94
2
2.18
3.5
3.55
1.333
1.34
1.75
1.59
2.58
2.16
1.81
2.44
3.4
3.1
1.41
1.363
1.61
1.76
2.24
2.2
1.78
2.4
3.4
3.2
1.39
1.363
1.63
1.727
2.3
2.26
1.74
2.45
3.4
3.1
1.41
1.363
1.61
1.76
2.24
2.2
1.78
1.9
3.7
4.35
1.25
1.32
1.98
2.68
1.56
2
1.94
1.133
10.5
21
1.017
1.07
6.7
2
1.94
1.94
2
1.58
4.2
6.5
1.143
1.26
2.52
1.97
1.97
2.48
1.63
2.32
3.5
3.25
1.38
1.34
1.666
1.69
2.36
2.4
1.666
1.4
4.7
10
1.075
1.222
3.15
2.2
1.78
2.3
1.72
4.1
3.7
1.96
1.92
1.32
1.27
1.533
2.75
2.52
1.615
1.92
3.9
4.05
1.285
1.3
1.96
2.68
1.56
2.34
1.7
2.3
3.45
3.3
1.37
1.35
1.68
1.666
2.4
2.24
1.76
2.04
3.7
3.75
1.31
1.32
1.85
1.52
2.8
2.38
1.68
3.9
3.7
2
1.88
1.32
1.3
1.5
2.875
1.94
2
1.78
3.8
5
1.21
1.3
2.14
2.42
1.66
2.2
1.78
1.7
4
5.3
1.19
1.285
2.26
2.25
1.75
2.05
1.9
2.25
3.6
3.3
1.37
1.333
1.7
1.66
2.42
1.92
2.02
3.1
3.5
2.4
1.63
1.34
1.41
2.25
1.75
1.9
2.04
1.9
3.8
4.25
1.26
1.3
1.98
2.68
1.56
2.02
1.92
2.2
3.55
3.45
1.35
1.333
1.74
1.615
2.52
1.98
1.96
1.85
3.8
4.5
1.24
1.3
2.04
2.58
1.59
2
1.94
2.4
3.5
3.1
1.41
1.34
1.63
1.75
2.25
1.9
2.04
1.85
3.5
4.3
1.21
1.285
1.92
2.6
1.51
1.833
1.99
2.4
3.3
2.95
1.38
1.32
1.55
1.727
2.14
1.93
1.89
2.5
3.3
2.82
1.41
1.32
1.51
1.8
2.04
1.8
2.04
1.85
3.5
4.3
1.21
1.285
1.92
2.6
1.51
1.615
2.34
2.05
3.35
3.7
1.27
1.31
1.74
1.48
2.7
1.94
1.88
2.45
3.3
2.88
1.4
1.32
1.533
1.77
2.08
2.08
1.77
2
3.45
3.75
1.26
1.3
1.78
1.46
2.76
1.93
1.89
3.05
3.3
2.35
1.571
1.32
1.363
2.2
1.69
1.78
2.06
1.91
3.5
4
1.23
1.285
1.86
2.7
1.48
2
1.833
2.2
3.3
3.35
1.31
1.32
1.65
1.58
2.42
1.9
1.92
2.78
3.25
2.35
1.49
1.27
1.363
2.05
1.72
2.15
1.65
1.7
3.6
4.4
1.153
1.222
1.97
2.25
1.6
2.16
1.65
1.833
3.4
4.55
1.19
1.3
1.94
2.52
1.54
2.26
1.65
2.42
3.1
3.1
1.35
1.35
1.54
1.7
2.18
1.75
2.1
3.3
3.3
2.22
1.64
1.32
1.32
2.375
1.6
1.75
2.1
2.25
3.25
3.25
1.333
1.333
1.615
1.615
2.34
1.91
1.91
2.2
3.3
3.35
1.31
1.32
1.65
1.58
2.42
1.8
2.04
2.45
3.45
3.05
1.42
1.35
1.61
1.78
2.2
1.99
1.952
1.9
3.7
4.35
1.25
1.32
1.98
1.41
3.25
2.34
1.7
1.8
3.75
4.9
1.21
1.31
2.1
1.35
3.65
2.15
1.82
1.5
4.5
7.3
1.125
1.24
2.75
1.87
2.08
2.25
1.75
2.6
3.55
2.78
1.49
1.333
1.55
1.909
2.04
2.04
1.9
1.65
3.8
6.4
1.143
1.3
2.35
2.16
1.81
2.2
1.78
2.625
3.55
2.625
1.51
1.31
1.51
1.94
1.94
2.18
1.75
2.25
3.55
3
1.37
1.285
1.615
1.666
2.24
2.42
1.58
6.5
3.65
1.59
2.32
1.27
1.1
1.77
2.08
1.65
2.26
2.35
3.1
3.25
1.333
1.35
1.571
1.65
2.26
1.6
2.375
1.75
3.35
5.3
1.143
1.31
2.04
2.4
1.59
1.72
2.15
2
3.25
4
1.23
1.333
1.78
2.92
1.42
1.65
2.26
2.15
3.05
3.75
1.26
1.363
1.68
1.5
2.625
1.6
2.375
1.5
3.95
7.2
1.085
1.24
2.54
1.89
1.93
1.8
2.04
4.75
3.35
1.82
1.952
1.31
1.181
1.52
2.56
1.6
2.375
1.86
3.5
4.6
1.21
1.32
1.97
2.6
1.55
1.97
1.91
9.2
5
1.363
3.2
1.181
1.07
1.79
2.12
2.32
1.666
1.5
4.2
6.5
1.1
1.222
2.54
1.78
2.06
2.24
1.666
1.222
6.5
12
1.022
1.1
4.1
1.7
2.18
2.375
1.6
3.45
3.4
2.1
1.71
1.3
1.3
2.54
1.533
1.75
2.1
1.5
4.2
6.5
1.1
1.222
2.54
1.81
2.02
2.375
1.6
2.98
3.4
2.5
1.571
1.35
1.43
2.15
1.8
1.75
2.22
2.5
3.4
2.96
1.43
1.35
1.571
1.81
2.14
1.77
2.2
1.51
4.3
7.6
1.111
1.25
2.72
1.833
2.12
2.04
1.9
1.533
4.4
6.8
1.133
1.25
2.64
1.92
2.02
1.952
1.99
2.55
3.4
2.95
1.444
1.363
1.571
1.833
2.12
1.8
2.18
3.2
3.55
2.32
1.666
1.333
1.39
2.34
1.7
2.12
1.833
10.5
5.8
1.32
3.65
1.166
1.07
1.99
1.952
2.68
1.56
1.111
11
31
1.001
1.065
7.6
2
1.94
1.87
2.08
1.222
6.6
18
1.025
1.143
4.7
1.666
2.4
2.7
1.55
1.533
4.4
6.9
1.133
1.25
2.64
1.87
2.08
2.58
1.59
2.5
3.4
3
1.43
1.363
1.58
1.81
2.16
1.78
2.2
2.15
3.45
3.7
1.32
1.35
1.77
1.56
2.68
2.2
1.78
2.05
3.5
3.95
1.285
1.34
1.84
2.95
1.48
2.1
1.85
2.26
3.45
3.4
1.363
1.35
1.7
1.64
2.46
2.15
1.82
1.71
3.85
5.5
1.181
1.3
2.24
2.3
1.727
2.04
1.9
1.8
3.7
5
1.21
1.32
2.1
2.46
1.64
2.25
1.75
3.25
3.45
2.35
1.65
1.35
1.38
2.34
1.7
1.97
1.97
2.28
3.4
3.4
1.363
1.363
1.69
1.65
2.44
1.85
2.1
17
7.5
1.2
5.1
1.125
1.03
2.1
1.85
2.1
1.85
1.166
8.5
20
1.019
1.095
5.8
1.8
2.18
2.38
1.68
2.1
3.35
4
1.285
1.363
1.8
1.5
2.875
1.85
2.1
4.65
3.7
1.85
2.04
1.32
1.23
1.59
2.58
2.04
1.9
1.37
5.3
9.5
1.08
1.19
3.3
2.1
1.85
2.44
1.65
1.87
3.85
4.333
1.25
1.3
2.02
2.56
1.6
1.68
2.38
2.35
3.35
3.3
1.37
1.363
1.65
1.69
2.36
2.1
1.85
2.35
3.35
3.3
1.37
1.363
1.65
1.69
2.36
1.85
2.1
1.75
3.7
5.4
1.181
1.32
2.18
2.38
1.68
1.9
2.04
2.18
3.45
3.6
1.333
1.35
1.75
1.58
2.62
1.94
2
1.77
3.8
5.1
1.2
1.3
2.15
2.42
1.66
1.97
1.97
1.45
4.95
7.5
1.125
1.21
2.92
1.77
2.22
2.1
1.85
2.55
3.35
2.98
1.444
1.363
1.571
1.833
2.12
1.97
1.97
2.12
3.4
3.85
1.3
1.363
1.79
1.533
2.75
1.85
2.1
1.63
3.9
6.2
1.143
1.285
2.36
2.15
1.8
1.85
2.08
2.3
3.4
3.3
1.363
1.35
1.66
1.66
2.4
1.74
2.24
2.44
3.4
3.05
1.41
1.35
1.6
1.75
2.22
1.88
2.04
2.05
3.4
4
1.27
1.35
1.82
1.48
2.9
1.78
2.18
1.85
3.6
4.7
1.222
1.32
2.02
1.363
3.5
1.75
2.22
2.1
3.5
3.7
1.31
1.333
1.78
1.533
2.72
2.12
1.82
2.55
3.3
2.96
1.43
1.363
1.55
1.82
2.12
1.78
2.18
1.66
3.8
6
1.153
1.3
2.3
2.22
1.75
1.88
2.04
2.68
3.2
2.88
1.45
1.38
1.51
1.88
2.04
1.68
2.35
2.44
3.4
3.05
1.41
1.35
1.6
1.76
2.22
1.92
2
1.98
3.4
4.3
1.25
1.35
1.88
1.43
3.1
1.71
2.3
2.26
3.25
3.65
1.32
1.38
1.7
1.59
2.58
1.75
2.25
2.35
3.4
3.25
1.38
1.363
1.65
1.7
2.34
2.18
1.8
1.63
4
6.2
1.153
1.285
2.4
2.18
1.8
2.04
1.9
2.22
3.3
3.65
1.32
1.37
1.72
1.58
2.62
1.85
2.1
2.25
3.35
3.55
1.333
1.363
1.7
1.61
2.54
1.85
2.1
1.24
6.4
16
1.035
1.143
4.45
1.74
2.26
2.34
1.7
2.5
3.2
3.2
1.39
1.39
1.58
1.75
2.25
1.75
2.25
1.94
3.5
4.45
1.24
1.34
1.94
1.41
3.25
1.9
2.04
2.34
3.3
3.4
1.363
1.37
1.66
1.66
2.42
1.9
2.04
1.55
4.3
6.8
1.133
1.25
2.6
1.96
1.98
2.2
1.78
2.05
3.4
4.1
1.27
1.363
1.84
1.48
2.95
1.8
2.18
2.7
3.3
2.84
1.47
1.37
1.51
1.92
2.02
2.25
1.75
1.7
3.9
5.5
1.181
1.3
2.26
2.25
1.75
2.18
1.8
3.3
3.25
2.4
1.63
1.38
1.37
2.34
1.7
1.92
2.02
2.35
3.3
3.35
1.363
1.37
1.65
1.68
2.38
1.8
2.18
2
3.5
4.15
1.27
1.34
1.88
1.46
3.05
1.85
2.1
2.25
3.35
3.55
1.333
1.363
1.7
1.61
2.54
1.75
2.25
2.8
3.2
2.8
1.48
1.39
1.48
1.97
1.97
1.9
2.04
3.85
3.5
2.08
1.82
1.34
1.3
2.8
1.52
2.04
1.9
4.8
3.6
1.85
2.04
1.333
1.222
3.55
1.363
2.02
1.92
2.36
3.2
3.45
1.35
1.39
1.65
1.66
2.42
1.72
2.3
1.34
5.3
11
1.065
1.19
3.5
2.08
1.88
2.04
1.9
1.32
5.6
11
1.065
1.181
3.65
1.99
1.952
2.25
1.75
2.14
3.3
3.95
1.285
1.37
1.77
1.52
2.8
1.8
2.18
1.72
3.9
5.3
1.19
1.3
2.22
2.32
1.71
2.02
1.92
3.95
3.55
2.04
1.85
1.333
1.285
2.9
1.49
1.89
2.06
3.75
3.3
2.2
1.74
1.37
1.31
2.68
1.56
1.92
2.02
3.85
3.3
2.16
1.76
1.37
1.3
2.74
1.54
2.08
1.87
1.25
6.6
14
1.04
1.143
4.333
1.76
2.24
2.3
1.72
1.727
3.9
5.2
1.19
1.3
2.22
2.34
1.7
1.97
1.97
2.86
3
2.86
1.46
1.42
1.46
1.96
1.96
1.75
2.22
2.52
3.1
3.2
1.38
1.4
1.56
1.75
2.22
1.75
2.22
3.1
3.1
2.6
1.533
1.4
1.4
2.15
1.8
1.8
2.15
2.44
3.1
3.35
1.363
1.4
1.6
1.69
2.34
1.8
2.15
1.8
3.6
5.1
1.19
1.32
2.08
2.5
1.615
1.8
2.15
2.1
3.3
3.95
1.285
1.363
1.78
1.5
2.82
1.85
2.08
1.98
3.4
4.3
1.25
1.35
1.88
1.43
3.125
1.8
2.15
1.9
3.4
4.75
1.21
1.35
1.96
1.37
3.45
1.75
2.22
2.88
2.98
2.88
1.45
1.43
1.45
1.96
1.96
1.9
2.02
1.85
3.45
5
1.2
1.34
2.02
1.34
3.65
1.92
2
2.16
3.3
3.75
1.3
1.363
1.74
1.54
2.7
1.8
2.15
1.363
4.35
7.7
1.035
1.153
2.75
1.64
2.18
2.38
1.54
1.285
4.9
9
1.015
1.125
3.15
1.94
1.8
2.3
1.571
1.46
3.8
6.9
1.05
1.2
2.42
1.833
1.91
1.81
1.93
1.61
3.8
4.8
1.125
1.2
2.1
2.1
1.69
2.28
1.58
3.35
3.4
2.15
1.68
1.3
1.31
2.44
1.571
2.625
1.5
6
4.45
1.5
2.54
1.2
1.125
2.1
1.75
1.92
1.9
3.5
3.5
2.05
1.74
1.285
1.285
2.6
1.51
2.1
1.75
5.4
3.75
1.65
2.2
1.26
1.143
1.71
2.16
2.1
1.75
3.6
3.55
2
1.78
1.285
1.285
2.66
1.49
2.48
1.55
2.6
3.45
2.6
1.48
1.3
1.48
1.91
1.91
2.1
1.75
1.7
3.6
5.7
1.153
1.3
2.18
2.26
1.7
2.1
1.8
2.3
3.2
3.4
1.333
1.363
1.64
1.63
2.4
1.7
2.26
3.5
3.6
2.1
1.76
1.3
1.32
2.6
1.55
2.04
1.85
2.4
3.2
3.2
1.363
1.363
1.59
1.7
2.26
1.75
2.18
2.5
3.2
3.05
1.4
1.363
1.55
1.76
2.16
2.26
1.7
2.3
3.3
3.3
1.35
1.35
1.64
1.65
2.35
1.7
2.26
5.5
3.7
1.7
2.18
1.3
1.166
1.7
2.26
2.18
1.75
2
3.4
4.05
1.25
1.333
1.833
2.92
1.45
1.75
2.18
2.65
3.3
2.65
1.46
1.32
1.46
1.91
1.91
1.75
2.1
4.1
3.3
1.952
1.82
1.32
1.222
1.444
2.82
1.68
2.22
2.1
3.25
3.65
1.27
1.333
1.71
1.5
2.625
1.7
2.18
1.3
5.4
9.5
1.045
1.143
3.4
1.92
1.9
1.96
1.86
3.2
3.15
2.35
1.571
1.34
1.333
2.25
1.66
1.666
2.24
1.952
3.35
4.05
1.23
1.31
1.82
1.41
2.96
1.75
2.1
1.52
4
6.7
1.095
1.23
2.48
1.92
1.9
1.96
1.86
3.2
3.3
2.25
1.615
1.32
1.333
2.3
1.63
1.86
1.96
5.1
3.65
1.7
2.12
1.27
1.153
1.65
2.26
2.26
1.65
2.55
3.2
2.82
1.41
1.333
1.49
1.82
2.02
1.91
1.91
3.45
3.25
2.18
1.66
1.333
1.3
2.46
1.56
2.1
1.75
3.9
3.3
2
1.78
1.32
1.24
1.43
2.875
1.96
1.86
8.5
4.9
1.42
3.05
1.21
1.095
2.26
1.74
2.08
1.87
2.68
3.45
2.76
1.5
1.35
1.52
1.94
2
1.89
2.06
1.47
4.45
8.3
1.1
1.24
2.85
1.81
2.16
1.97
1.97
3.55
3.45
2.2
1.74
1.35
1.333
2.58
1.59
1.9
2.04
2.15
3.5
3.65
1.32
1.34
1.77
1.56
2.68
1.85
2.1
1.85
3.75
4.6
1.23
1.31
2.04
2.56
1.6
1.99
1.952
1.48
4.3
8.5
1.095
1.25
2.82
1.78
2.2
1.87
2.08
1.55
4.3
6.8
1.133
1.25
2.6
1.98
1.96
1.89
2.06
3.85
3.6
2.05
1.84
1.333
1.3
1.47
2.98
1.952
1.99
4.3
3.75
1.9
1.98
1.31
1.25
1.56
2.68
2
1.94
1.42
4.9
8.5
1.095
1.21
3.05
1.71
2.32
2.34
1.7
1.87
3.75
4.45
1.24
1.31
2.02
1.4
3.35
1.9
2.04
2.72
3.3
2.82
1.48
1.37
1.51
1.94
2
1.87
2.08
2.6
3.3
2.96
1.444
1.37
1.55
4.05
1.3
1.97
1.97
4
3.45
2.06
1.833
1.35
1.285
1.47
2.98
1.82
2.15
2
3.5
4.15
1.27
1.34
1.88
2.9
1.49
1.833
2.12
2.04
3.6
3.9
1.3
1.333
1.85
1.5
2.875
2
1.94
2.2
3.6
3.4
1.363
1.333
1.74
1.615
2.52
1.85
2.1
2.25
3.4
3.5
1.34
1.363
1.7
1.615
2.52
1.85
2.1
1.444
4.7
8.3
1.1
1.222
2.95
2.34
1.7
2.3
1.727
1.59
4.1
6.5
1.143
1.27
2.48
2.06
1.89
1.97
1.97
3.4
3.5
2.25
1.7
1.34
1.363
2.46
1.64
1.85
2.1
3.45
3.45
2.25
1.7
1.35
1.35
2.48
1.63
2.04
1.9
3.8
3.65
2.05
1.84
1.32
1.3
2.8
1.52
2.26
1.74
2.85
3.25
2.72
1.51
1.38
1.47
2.02
1.92
1.91
2.04
1.51
4.6
6.8
1.133
1.23
2.88
1.85
2.1
2.48
1.63
3.35
3.4
2.3
1.68
1.363
1.363
2.38
1.68
2.25
1.75
1.65
3.95
6
1.166
1.285
2.35
2.18
1.8
2
1.94
1.07
16
36
0
1.035
10.5
2.02
1.92
2.1
1.85
2.42
3.35
3.2
1.39
1.363
1.615
0
0
2
1.94
1.32
5.6
11
1.065
1.181
3.65
1.92
2.02
2.34
1.7
2.74
3.55
2.64
1.533
1.333
1.5
2.02
1.93
2.36
1.69
7.7
4
1.55
2.6
1.285
1.111
1.98
1.96
2.08
1.87
3
3.4
2.52
1.58
1.363
1.43
2.16
1.81
1.85
2.1
4.7
3.75
1.833
2.06
1.31
1.222
1.63
2.48
2.3
1.72
2
3.5
4.15
1.27
1.34
1.88
1.46
3.05
1.8
2.18
2.72
3.45
2.72
1.51
1.35
1.51
1.97
1.97
2.06
1.89
2.76
3.4
2.7
1.51
1.363
1.5
1.99
1.952
1.952
1.99
3.5
3.5
2.2
1.74
1.34
1.34
2.56
1.6
2.12
1.833
2.65
3.45
2.56
1.49
1.3
1.46
1.94
1.88
1.75
2.1
2.25
3.45
3.1
1.35
1.3
1.615
1.65
2.26
1.91
1.91
3.9
3.9
1.727
1.93
1.19
1.19
1.56
2.34
2.3
1.571
2.42
3.75
2.42
1.46
1.21
1.46
1.87
1.87
2.98
1.363
1.166
7
11
0
1.05
4.2
1.98
1.77
2.65
1.444
6.6
4.8
1.363
2.75
1.125
1.06
2.2
1.63
2.98
1.363
2.25
3.6
2.7
1.38
1.222
1.533
1.71
2.06
2.04
1.727
2.2
3.3
3.5
1.32
1.35
1.69
1.58
2.52
1.77
2.15
2.28
3.3
3.35
1.34
1.35
1.65
1.63
2.4
1.78
2.14
1.85
3.6
4.7
1.222
1.32
2.02
2.58
1.58
1.952
1.97
1.9
3.5
4.55
1.222
1.333
1.96
2.66
1.55
1.9
2.02
1.47
4.3
8.5
1.09
1.25
2.8
1.82
2.12
1.98
1.94
3.05
3.3
2.5
1.571
1.363
1.41
2.18
1.78
1.87
2.06
2.05
3.4
4
1.27
1.35
1.82
1.48
2.9
1.88
2.05
2.12
3.4
3.75
1.3
1.35
1.77
1.533
2.72
2.05
1.88
1.56
4
7.1
1.125
1.27
2.52
1.952
1.97
1.96
1.96
3.05
3.25
2.52
1.56
1.37
1.41
2.16
1.79
1.8
2.15
2.92
3.3
2.6
1.533
1.363
1.444
2.08
1.85
1.86
2.08
5.5
4.2
1.65
2.35
1.26
1.181
1.81
2.16
2.25
1.75
3.15
3.8
2.25
1.7
1.3
1.4
2.36
1.69
2.95
1.48
2
3.75
3.85
1.3
1.31
1.88
1.5
2.875
2.56
1.6
2.55
3.65
2.78
1.49
1.32
1.571
1.89
2.06
2.75
1.533
2.05
3.7
3.75
1.31
1.32
1.84
1.52
2.8
2.48
1.63
1.26
6.4
13
1.05
1.143
4.2
1.72
2.3
2.08
1.88
2.65
3.6
2.7
1.51
1.333
1.533
1.952
1.99
2.56
1.6
2.7
3.7
2.6
1.55
1.32
1.51
2.02
1.93
2.44
1.65
1.2
7.5
17
1.03
1.125
5.1
1.92
2.02
2.25
1.75
1.76
3.8
4.75
1.2
1.285
2.1
2.375
1.64
2.4
1.63
2.36
3.5
3
1.41
1.32
1.61
1.727
2.22
2.2
1.74
3.3
3.5
2.2
1.69
1.32
1.35
2.42
1.615
2.46
1.6
1.285
5.5
12
1.04
1.166
3.75
1.87
2.02
2.75
1.5
2.25
3.5
3.2
1.363
1.32
1.666
1.65
2.35
2.46
1.6
2.24
3.4
3.3
1.35
1.333
1.666
1.63
2.4
2.2
1.74
2.2
3.5
3.3
1.35
1.32
1.69
1.615
2.42
2.3
1.68
3.65
3.55
2.06
1.79
1.31
1.3
2.68
1.52
2.22
1.72
2.04
3.75
3.7
1.32
1.31
1.85
1.533
2.75
2.38
1.68
1.41
5.1
8.3
1.1
1.2
3.1
2.18
1.8
2.48
1.63
1.41
5.3
7.8
1.111
1.19
3.1
2.1
1.85
1.8
2.18
1.7
4.2
5
1.21
1.26
2.26
2.24
1.76
2.62
1.58
2.08
3.7
3.65
1.32
1.32
1.82
1.55
2.7
2.38
1.68
1.48
4.85
7
1.125
1.21
2.82
1.81
2.16
2.64
1.571
1.66
4.2
5.4
1.181
1.26
2.34
2.18
1.8
2.34
1.7
1.25
6.7
13
1.05
1.133
4.333
1.76
2.24
2.75
1.533
2.35
3.55
2.85
1.41
1.285
1.571
1.74
2.12
2.05
1.79
2.5
3.65
2.6
1.48
1.27
1.51
1.87
1.952
2.1
1.75
2.45
3.45
2.78
1.43
1.3
1.533
1.8
2.04
1.75
2.1
4.85
3.85
1.69
2.12
1.25
1.166
1.69
2.2
2.15
1.72
2.4
3.35
2.92
1.39
1.31
1.55
1.74
2.12
2.1
1.75
2.875
3.55
2.34
1.58
1.285
1.4
2.14
1.727
2.15
1.72
2.82
3.25
2.52
1.5
1.333
1.41
2.02
1.81
1.65
2.26
2.25
3.25
3.25
1.333
1.333
1.615
1.615
2.34
1.7
2.18
2.3
3.15
3.25
1.333
1.34
1.59
1.63
2.3
1.6
2.375
1.92
3.25
4.35
1.2
1.333
1.85
2.8
1.45
1.55
2.48
1.75
3.35
5.3
1.143
1.31
2.04
2.4
1.59
1.6
2.375
3.05
3.15
2.42
1.54
1.34
1.363
2.16
1.71
1.65
2.26
1.93
3.25
4.3
1.21
1.333
1.84
2.76
1.46
1.65
2.26
6.6
4.15
1.5
2.54
1.222
1.1
1.93
1.89
1.833
2
1.86
3.35
4.5
1.19
1.31
1.909
2.6
1.51
1.76
2.08
2.48
3.3
2.84
1.41
1.32
1.52
1.79
2.05
1.833
2
2
3.3
3.9
1.24
1.32
1.78
1.444
2.82
1.8
2.04
2.9
3.3
2.44
1.533
1.32
1.4
2.08
1.76
1.7
2.18
2
3.45
4.15
1.26
1.34
1.86
1.45
3.05
1.8
2.15
1.9
3.5
4.55
1.222
1.333
1.96
1.39
3.3
1.85
2.08
1.9
3.5
4.55
1.222
1.333
1.96
1.39
3.3
1.9
2.02
2.7
3
3.05
1.41
1.42
1.5
1.85
2.08
1.8
2.15
4.4
3.35
1.98
1.88
1.363
1.24
3.15
1.42
1.8
2.15
3.6
3.25
2.24
1.69
1.37
1.32
2.55
1.59
1.85
2.08
3.15
3.2
2.5
1.571
1.38
1.39
2.22
1.76
1.85
2.08
2.1
3.35
3.9
1.285
1.363
1.78
1.51
2.8
1.85
2.08
3.2
3.15
2.52
1.58
1.4
1.39
2.24
1.76
1.74
2.26
2.14
3.2
4.05
1.285
1.39
1.77
1.5
2.875
1.72
2.3
1.333
5.5
11
1.065
1.181
3.55
2.02
1.92
2.25
1.75
3.2
3.25
2.46
1.6
1.38
1.39
2.26
1.74
1.78
2.2
3.9
3.4
2.1
1.8
1.363
1.3
2.84
1.51
1.87
2.08
15
6.3
1.25
4.333
1.153
1.036
2.24
1.76
2.3
1.72
5.8
3.8
1.69
2.28
1.3
1.166
1.76
2.24
2.15
1.82
2.34
3.2
3.5
1.34
1.39
1.66
1.64
2.46
1.74
2.26
1.9
3.6
4.2
1.24
1.3
1.93
2.68
1.52
1.94
1.94
1.85
3.6
4.5
1.222
1.3
1.98
2.6
1.55
1.85
2.04
3.25
3.35
2.3
1.64
1.34
1.363
2.34
1.66
2
1.88
2.92
3.25
2.55
1.533
1.363
1.42
2.08
1.82
1.75
2.18
1.952
3.6
3.95
1.26
1.3
1.88
2.82
1.48
2
1.88
2.1
3.45
3.65
1.3
1.333
1.76
1.533
2.64
2.1
1.8
2.45
3.45
2.78
1.43
1.3
1.533
1.8
2.04
2.04
1.8
2.55
3.3
3.1
1.39
1.35
1.54
1.79
2.2
1.78
2.2
3.9
3.6
2.06
1.8
1.31
1.27
2.875
1.5
1.87
2.08
8
4
1.55
2.52
1.26
1.09
1.98
1.96
1.92
2.02
1.4
4.8
10.5
1.055
1.2
3.05
2.22
1.77
2.04
1.9
2.6
3.3
3
1.41
1.35
1.52
1.84
2.12
1.97
1.97
9.5
5.1
1.39
3.1
1.181
1.07
1.79
2.2
2.1
1.85
1.42
4.6
10
1.06
1.21
2.96
2.3
1.72
1.97
1.97
1.82
3.7
5
1.19
1.3
2.04
2.52
1.615
1.82
2.15
7.8
4.05
1.55
2.52
1.26
1.095
1.55
2.7
1.89
2.06
4.95
3.4
1.91
1.93
1.34
1.19
1.55
2.7
1.74
2.26
1.85
3.45
5.3
1.181
1.333
2
2.58
1.59
1.89
2.06
1.77
3.75
5.3
1.181
1.3
2.12
2.38
1.68
1.97
1.97
1.571
4.15
7
1.111
1.25
2.46
2
1.94
1.98
1.96
1.39
4.7
12
1.045
1.21
3.1
2.18
1.8
2.1
1.85
1.84
3.65
4.95
1.19
1.3
2
2.56
1.6
1.9
2.04
1.571
4.05
7.3
1.111
1.26
2.46
2.75
1.533
1.92
2.02
3.85
3.4
2.15
1.74
1.34
1.285
2.75
1.533
1.85
2.1
2.2
3.35
3.75
1.3
1.35
1.7
1.56
2.68
1.77
2.22
1.55
4
8
1.09
1.26
2.52
1.96
1.98
1.9
2.04
2.4
3.3
3.35
1.35
1.35
1.6
1.69
2.36
1.75
2.25
1.6
3.9
7.2
1.111
1.27
2.4
2.06
1.89
2
1.94
2.5
3.3
3.15
1.38
1.35
1.56
1.77
2.22
1.77
2.22
8.6
4.2
1.5
2.66
1.25
1.08
2.1
1.85
2.1
1.85
1.85
3.6
4.95
1.19
1.31
2
2.58
1.59
1.85
2.1
1.52
4.333
6.5
1.125
1.23
2.58
1.92
1.96
1.8
2.1
4.5
3.4
1.9
1.93
1.333
1.222
1.51
2.72
1.65
2.35
1.9
3.4
4.5
1.222
1.333
1.93
2.72
1.51
1.65
2.35
2.2
3.3
3.5
1.32
1.35
1.69
1.58
2.52
1.7
2.26
3.05
3.4
2.4
1.59
1.333
1.4
2.22
1.727
1.77
2.15
3.9
3.5
2
1.833
1.32
1.27
1.45
2.92
1.75
2.18
1.8
3.5
5
1.181
1.32
2.04
2.52
1.58
1.75
2.18
3.3
3.5
2.2
1.69
1.32
1.35
2.42
1.615
1.85
2.04
1.85
3.5
4.65
1.21
1.32
1.98
2.6
1.55
1.6
2.46
2
3.65
3.5
1.285
1.27
1.78
1.5
2.625
2.48
1.55
2.3
3.65
2.85
1.41
1.27
1.59
1.72
2.15
2.48
1.55
2.65
3.65
2.45
1.533
1.27
1.46
2
1.833
3
1.4
2.2
3.65
3.05
1.363
1.27
1.65
1.63
2.3
2.48
1.55
3.5
3.65
2
1.78
1.27
1.285
2.625
1.5
2.48
1.55
2.2
3.65
3.05
1.363
1.27
1.65
1.63
2.3
2.48
1.55
1.9
3.65
3.9
1.24
1.27
1.87
1.42
2.9
1.97
1.85
1.9
3.4
4.2
1.222
1.3
1.87
1.39
3.05
1.68
2.22
1.58
4.1
5.5
1.143
1.222
2.34
1.96
1.86
1.75
2.1
4.45
3.6
1.8
1.98
1.285
1.2
1.61
2.35
1.94
1.88
3.4
3.25
2.2
1.65
1.333
1.3
2.44
1.571
1.8
2.04
1.85
3.5
4.3
1.21
1.285
1.92
1.363
3.2
1.8
2.04
3.125
3.05
2.44
1.533
1.363
1.35
2.18
1.7
1.75
2.1
3.75
3.3
2.05
1.74
1.32
1.26
2.7
1.48
1.7
2.18
1.48
4.3
6.7
1.095
1.21
2.6
1.84
1.98
1.8
2.04
1.65
3.9
5.1
1.153
1.24
2.2
2.1
1.75
1.75
2.1
3.2
3.6
2.3
1.68
1.333
1.39
2.36
1.69
1.78
2.2
2.3
3.35
3.4
1.363
1.363
1.68
1.65
2.44
1.65
2.44
2.38
3.4
3.2
1.39
1.363
1.64
1.72
2.3
1.55
2.7
1.065
14
67
0
1.04
11
2.15
1.82
1.65
2.44
2.42
3.4
3.15
1.4
1.363
1.615
1.74
2.26
1.6
2.55
3.9
3.65
2.02
1.87
1.32
1.3
1.48
2.95
1.87
2.08
20
8.4
1.166
5.8
1.095
1.019
2.1
1.85
2.56
1.6
1.03
26
61
0
1.008
17
1.75
2.25
2.44
1.65
1.86
3.5
4.95
1.21
1.34
2.02
2.64
1.571
1.66
2.42
2.55
3.55
2.84
1.47
1.333
1.571
1.87
2.08
1.833
2.12
5.1
3.5
1.833
2.06
1.34
1.2
1.59
2.58
1.72
2.3
46
19
1.05
13
1.022
0
2.1
1.85
2.7
1.55
26
14
1.095
8.5
1.04
1.008
1.78
2.2
2.8
1.52
1.45
4.65
8.3
1.1
1.23
2.92
2.36
1.69
2.44
1.65
6.2
4
1.63
2.4
1.285
1.153
1.833
2.12
1.9
2.04
1.2
8
15
1.036
1.111
5.1
1.94
2
1.97
1.97
1.5
4.5
7.3
1.125
1.24
2.75
1.86
2.1
1.7
2.34
1.38
4.9
10.5
1.07
1.21
3.25
2.2
1.79
1.92
2.02
2.3
3.45
3.3
1.37
1.35
1.68
1.666
2.4
1.75
2.25
2.02
3.6
3.95
1.285
1.333
1.87
2.95
1.48
1.65
2.44
1.76
3.9
4.95
1.21
1.3
2.16
2.4
1.666
1.97
1.97
1.39
5
9.4
1.08
1.21
3.2
1.666
2.4
1.97
1.97
1.222
6.6
18
1.025
1.143
4.75
2.68
1.56
2.48
1.63
1.07
17
31
1.001
1.03
10.5
1.65
2.44
3.1
1.45
1.96
3.45
4.45
1.24
1.35
1.92
2.95
1.48
1.78
2.2
1.77
3.65
5.4
1.181
1.32
2.15
2.44
1.65
1.77
2.22
2.1
3.45
3.85
1.3
1.35
1.8
1.52
2.8
1.75
2.25
1.2
7.2
19
1.022
1.125
5.1
2.02
1.92
2.875
1.5
1.02
18
46
0
0
12
1.75
2.1
1.91
1.91
1.2
6.6
14
1.01
1.1
4.4
1.97
1.85
3
1.4
2.1
3.45
3.6
1.3
1.333
1.76
1.533
2.64
2.3
1.68
4.25
3.4
1.952
1.88
1.333
1.24
1.5
2.75
2.44
1.61
1.952
3.6
3.95
1.26
1.3
1.88
2.78
1.49
2.22
1.727
1.98
3.6
3.85
1.285
1.3
1.85
2.82
1.48
2.22
1.72
1.65
4.05
5.3
1.166
1.25
2.28
2.15
1.77
2.54
1.571
5.5
3.8
1.68
2.22
1.285
1.166
1.74
2.2
2.54
1.571
3.6
3.55
2
1.78
1.285
1.285
2.66
1.49
2.375
1.6
3.1
3.3
2.4
1.59
1.35
1.39
2.22
1.72
1.7
2.25
2.16
3.3
3.6
1.3
1.35
1.72
1.55
2.58
1.7
2.25
2.1
3.4
3.7
1.3
1.333
1.76
1.52
2.68
2.1
1.8
2.55
3.2
3.125
1.41
1.39
1.571
1.79
2.2
2.04
1.9
2.08
3.35
4.05
1.285
1.363
1.82
1.49
2.9
2.25
1.75
1.75
3.5
5.9
1.166
1.34
2.18
2.36
1.69
2.25
1.75
2.45
3.3
3.2
1.39
1.37
1.61
1.74
2.26
1.89
2.06
1.88
3.35
5.1
1.2
1.363
2
2.68
1.56
1.85
2.1
1.72
3.55
6.2
1.153
1.333
2.22
2.3
1.727
2.18
1.8
2.65
3.25
2.94
1.45
1.38
1.533
1.87
2.08
1.97
1.97
1.32
5.9
10
1.075
1.166
3.65
1.96
1.98
2.7
1.55
2.56
3.3
3
1.43
1.37
1.56
1.82
2.15
1.94
2
2.4
3.3
3.1
1.39
1.35
1.59
1.72
2.22
1.8
2.1
2.16
3.4
3.5
1.32
1.333
1.72
1.571
2.54
1.84
2.05
2.46
3.3
3
1.41
1.35
1.571
1.76
2.16
1.75
2.18
3.4
3.4
2.2
1.69
1.333
1.333
2.46
1.6
1.94
1.94
1.65
4
5.4
1.166
1.26
2.28
2.16
1.76
2.18
1.75
6
4
1.6
2.38
1.26
1.143
1.833
2.06
1.98
1.9
2.04
3.5
3.75
1.285
1.32
1.8
1.5
2.75
1.86
2.02
2.04
3.5
3.75
1.285
1.32
1.8
1.5
2.75
1.98
1.9
1.74
3.8
4.9
1.19
1.285
2.12
1.31
3.75
2.05
1.84
4.4
3.4
1.96
1.9
1.35
1.24
1.5
2.82
1.68
2.35
2.75
3.45
2.65
1.52
1.34
1.49
2
1.92
1.68
2.35
2.7
3.45
2.7
1.5
1.34
1.5
1.96
1.96
1.63
2.46
1.143
9.5
20
1.014
1.075
6.2
1.727
2.26
2.82
1.5
2.25
3.3
3.55
1.333
1.363
1.69
1.6
2.52
1.77
2.2
1.5
4.5
7
1.125
1.23
2.7
1.88
2.04
1.96
1.96
1.55
4
7.4
1.111
1.27
2.56
1.99
1.93
1.7
2.32
2.52
3.5
2.86
1.46
1.333
1.56
1.84
2.1
2
1.92
9
6.2
1.32
3.6
1.143
1.08
1.93
1.99
2.08
1.85
2.1
3.6
3.5
1.32
1.3
1.76
1.55
2.6
2.42
1.615
1.55
4.15
6.4
1.125
1.25
2.5
1.94
1.94
2.64
1.533
1.952
3.6
3.95
1.26
1.3
1.88
2.78
1.49
2.46
1.6
3.25
3.6
2.2
1.69
1.3
1.363
2.4
1.63
2.35
1.65
2.36
3.4
3.1
1.39
1.333
1.61
1.71
2.24
2.32
1.666
2.8
3.5
2.5
1.55
1.32
1.45
2.06
1.833
2.35
1.65
2.24
3.35
3.35
1.34
1.34
1.666
1.615
2.42
2.22
1.72
1.66
3.45
6.7
1.125
1.333
2.26
2.2
1.74
2.15
1.77
1.58
4.2
5.9
1.143
1.24
2.42
2.04
1.85
1.94
1.94
2.36
3.15
3.35
1.34
1.38
1.61
1.65
2.35
1.66
2.34
1.25
5.9
14
1.027
1.143
4.1
1.76
2.16
2.3
1.68
2.55
3.15
3.15
1.4
1.4
1.571
1.78
2.2
1.74
2.26
1.54
4.1
7.6
1.111
1.27
2.62
1.952
1.99
2
1.94
2.3
3.2
3.6
1.333
1.39
1.68
1.615
2.52
1.7
2.34
2.26
3.25
3.65
1.32
1.38
1.7
1.59
2.58
1.68
2.38
1.35
4.95
12
1.055
1.21
3.45
2.04
1.9
1.952
1.99
1.85
3.4
5.2
1.19
1.363
2.04
2.62
1.58
1.7
2.34
2.06
3.3
4.2
1.26
1.37
1.833
1.47
2.98
1.7
2.34
2.35
3.25
3.4
1.363
1.38
1.65
1.666
2.4
1.7
2.34
1.58
4.05
6.9
1.133
1.285
2.52
2.04
1.909
1.8
2.18
4.15
3.5
2
1.88
1.34
1.27
3.05
1.46
1.8
2.18
2.5
3.2
3.2
1.39
1.39
1.58
1.75
2.25
1.7
2.34
2.1
3.3
4.05
1.285
1.37
1.8
1.5
2.875
1.75
2.25
3.2
3.2
2.5
1.58
1.39
1.39
2.25
1.75
1.8
2.18
3.125
3.2
2.55
1.571
1.39
1.41
2.2
1.79
1.7
2.34
1.181
7.7
20
1.019
1.111
5.4
2
1.94
2.56
1.6
2.86
3.2
2.75
1.5
1.39
1.47
2.02
1.93
1.65
2.44
1.7
3.7
6
1.166
1.32
2.26
2.26
1.74
1.75
2.25
1.65
3.8
6.4
1.143
1.3
2.35
2.2
1.79
1.85
2.1
7.5
3.9
1.571
2.54
1.3
1.125
1.93
2.02
1.9
2.04
2.3
3.2
3.6
1.333
1.39
1.68
1.615
2.52
1.75
2.25
2.75
3.35
2.75
1.5
1.363
1.5
1.97
1.97
1.7
2.34
1.8
3.55
5.3
1.19
1.333
2.1
1.32
3.9
1.78
2.2
2.25
3.25
3.65
1.32
1.38
1.7
1.59
2.58
1.65
2.44
2.25
3.25
3.65
1.32
1.38
1.7
1.59
2.58
1.65
2.44
2.5
3.25
3.15
1.4
1.38
1.58
1.77
2.22
1.7
2.34
2.35
3.25
3.4
1.363
1.38
1.65
1.666
2.4
1.63
2.48
2.3
3.25
3.55
1.333
1.38
1.68
1.63
2.48
1.68
2.38
1.85
3.55
4.9
1.21
1.333
2.04
1.363
3.55
1.65
2.44
1.9
3.45
4.75
1.222
1.35
1.98
1.38
3.45
1.8
2.18
5
3.35
1.9
1.98
1.363
1.21
3.55
1.363
1.8
2.18
2.1
3.4
3.85
1.285
1.35
1.78
1.51
2.8
1.84
2.1
1.88
3.5
4.7
1.222
1.333
1.98
2.7
1.54
1.727
2.26
1.64
3.8
6.3
1.143
1.3
2.34
2.16
1.79
1.77
2.2
3.1
3.25
2.5
1.571
1.37
1.4
2.2
1.77
1.82
2.12
2.32
3.15
3.55
1.333
1.39
1.65
1.615
2.5
1.6
2.54
1.833
3.45
5.1
1.19
1.34
2.04
2.58
1.58
1.7
2.32
1.49
4.3
7.8
1.1
1.25
2.74
1.85
2.08
1.92
2
2.12
3.25
4
1.27
1.37
1.77
1.5
2.82
1.69
2.34
2.6
3.3
2.9
1.444
1.363
1.533
1.86
2.08
1.87
2.06
2.5
3.15
3.2
1.38
1.39
1.571
1.75
2.22
1.68
2.35
3
3.1
2.48
1.52
1.35
1.37
2.12
1.74
1.88
1.94
2.04
3.45
3.6
1.285
1.3
1.75
1.5
2.625
1.78
2.06
1.78
3.75
4.333
1.21
1.26
2
2.44
1.571
1.85
1.97
1.78
3.6
4.6
1.181
1.285
2
2.46
1.56
1.833
1.99
1.533
4
6.5
1.1
1.23
2.44
1.94
1.88
1.94
1.88
1.63
3.8
5.5
1.143
1.25
2.24
2.12
1.74
2
1.833
2.15
3.3
3.65
1.3
1.35
1.727
1.54
2.62
1.75
2.18
2.4
3.2
3.2
1.363
1.363
1.59
1.7
2.26
2.04
1.85
2.15
3.3
3.65
1.3
1.35
1.727
1.54
2.62
2.02
1.87
1.65
3.6
6.3
1.133
1.3
2.28
2.18
1.75
1.98
1.9
3.35
3.25
2.3
1.64
1.363
1.34
2.375
1.64
2.05
1.84
2.3
3.25
3.35
1.34
1.363
1.64
1.64
2.375
1.94
1.94
1.8
3.5
5
1.181
1.32
2.04
2.46
1.6
2.12
1.79
1.4
5.2
7.5
1.095
1.181
3.05
1.666
2.32
2.22
1.72
1.55
3.95
7
1.111
1.26
2.5
1.97
1.909
1.98
1.9
3.125
3.4
2.42
1.615
1.363
1.41
2.25
1.75
1.92
2.02
2.12
3.5
3.7
1.32
1.34
1.79
1.55
2.7
2.1
1.85
1.6
4.2
6.1
1.153
1.26
2.46
2.05
1.89
2.46
1.64
2.8
3.4
2.66
1.533
1.363
1.48
2.02
1.92
2
1.94
7
4.6
1.5
2.75
1.23
1.125
2.1
1.85
2.35
1.69
1.9
3.6
4.2
1.24
1.3
1.93
2.62
1.54
2.75
1.5
3.4
3.4
2.2
1.69
1.333
1.333
2.46
1.6
2.26
1.7
2.82
3.3
2.6
1.51
1.35
1.45
2.02
1.86
2.1
1.8
2.35
3.35
3.15
1.38
1.34
1.615
1.69
2.28
2.26
1.7
4.5
3.6
1.85
1.98
1.3
1.222
1.56
2.56
2.18
1.75
3.6
3.55
2.15
1.77
1.333
1.333
2.64
1.571
2
1.94
2.1
3.55
3.75
1.31
1.333
1.8
1.54
2.74
2.02
1.92
2.35
3.55
3.15
1.4
1.333
1.65
1.72
2.3
2
1.94
7.6
4.4
1.5
2.75
1.25
1.111
2.24
1.77
2.26
1.74
2.3
3.45
3.3
1.37
1.35
1.68
1.666
2.4
1.92
2.02
3
3.5
2.45
1.61
1.34
1.43
2.2
1.79
2.1
1.85
3.85
3.6
2.05
1.84
1.333
1.3
1.48
2.95
2.2
1.78
1.45
4.8
7.8
1.111
1.222
2.92
1.69
2.375
2.34
1.7
1.727
3.8
5
1.181
1.285
2.15
2.3
1.68
2.35
1.65
2
3.5
3.9
1.27
1.32
1.833
2.85
1.47
2.18
1.75
2.2
3.3
3.5
1.32
1.35
1.69
1.58
2.52
1.94
1.94
3.2
3.4
2.3
1.64
1.333
1.363
2.32
1.666
2.46
1.6
1.6
4
6
1.143
1.26
2.38
2.05
1.84
2.75
1.5
2.5
3.4
2.875
1.444
1.333
1.55
1.81
2.1
2.46
1.6
2.25
3.3
3.4
1.333
1.35
1.666
1.61
2.44
1.94
1.94
1.55
4.2
6.3
1.133
1.24
2.5
1.96
1.92
2.35
1.65
1.833
3.7
4.75
1.222
1.32
2.06
2.52
1.615
2.08
1.87
3.25
3.4
2.36
1.65
1.363
1.38
2.34
1.7
1.82
2.14
1.43
4.8
8.5
1.095
1.222
3
1.65
2.44
2.22
1.77
2.6
3.4
2.88
1.46
1.363
1.55
1.9
2.04
1.92
2.02
2.15
3.45
3.7
1.32
1.35
1.77
1.56
2.68
1.81
2.16
2.4
3.35
3.2
1.39
1.363
1.63
1.727
2.3
1.82
2.14
1.727
3.75
4.7
1.181
1.26
2.08
2.28
1.64
2.625
1.5
2.4
3.5
2.8
1.42
1.285
1.55
1.77
2.08
2.54
1.533
3.75
3.6
1.952
1.82
1.285
1.26
1.47
2.72
2.625
1.5
2.55
3.5
2.625
1.47
1.285
1.49
1.88
1.94
2.44
1.571
12
6.5
1.222
4.1
1.1
1.022
1.71
2.16
3.6
1.3
1.727
3.8
5
1.181
1.285
2.15
2.32
1.666
2.1
1.8
1.909
3.75
4
1.26
1.285
1.92
1.43
3
2.1
1.8
3.05
3.6
2.3
1.64
1.3
1.4
2.26
1.7
2.35
1.65
4.7
3.9
1.75
2.12
1.27
1.2
1.65
2.35
2.42
1.615
2.25
3.6
3.125
1.38
1.3
1.666
1.666
2.32
2.25
1.7
1.55
3.9
6.4
1.111
1.24
2.4
1.99
1.833
1.75
2.1
3.25
3.25
2.25
1.615
1.333
1.333
2.34
1.615
1.72
2.15
2.32
3.2
3.2
1.333
1.333
1.59
1.65
2.26
1.63
2.3
1.4
4.55
8
1.07
1.19
2.88
1.69
2.2
1.97
1.85
2.96
3.2
2.45
1.533
1.333
1.38
2.12
1.74
1.7
2.18
1.4
4.7
8.7
1.075
1.2
3.05
1.666
2.32
1.7
2.26
2.75
3.8
2.32
1.59
1.25
1.43
2.08
1.76
2.625
1.5
2.65
3.45
2.78
1.49
1.35
1.533
1.92
2.02
2.2
1.78
2.2
3.4
3.6
1.333
1.363
1.74
1.59
2.58
1.833
2.12
6.1
3.9
1.65
2.35
1.3
1.153
1.81
2.16
2.28
1.74
1.78
3.7
5.2
1.19
1.32
2.14
2.4
1.666
2.12
1.833
3.85
3.55
2.06
1.833
1.333
1.3
2.84
1.51
2.26
1.74
1.66
3.9
6
1.166
1.3
2.34
2.18
1.8
2.2
1.78
4.35
3.7
1.9
1.98
1.32
1.25
1.56
2.68
1.94
2
2.3
3.4
3.35
1.363
1.363
1.68
1.66
2.42
2.26
1.74
2.12
3.6
3.6
1.333
1.333
1.79
1.56
2.68
2.44
1.65
1.25
6
11
1.03
1.125
3.8
2.02
1.82
2.8
1.45
2.1
3.7
3.2
1.333
1.27
1.71
1.58
2.42
2.375
1.6
1.23
6.5
11
1.03
1.1
4
1.89
1.94
3.2
1.363
1.5
4.7
5.6
1.133
1.181
2.54
1.74
2.12
2.625
1.5
1.014
21
41
0
0
13
1.91
1.91
1.91
1.91
8.2
6
1.3
3.4
1.125
1.065
1.7
2.18
3.1
1.38
5
4.3
1.6
2.3
1.21
1.166
1.89
1.94
2.26
1.65
17
8.5
1.133
5.6
1.06
0
1.94
1.89
3.6
1.3
1.55
4.4
5.4
1.143
1.2
2.4
1.89
1.94
1.91
1.91
2.6
3.45
2.6
1.48
1.3
1.48
1.91
1.91
2.26
1.65
1.27
6
9.6
1.045
1.125
3.65
2.12
1.75
2.8
1.45
