2.64
3.2
2.85
1.444
1.363
1.5
1.87
2.02
1.68
2.3
3
3.5
2.36
1.61
1.32
1.41
2.22
1.727
2.2
1.74
2.32
3.3
3.25
1.363
1.35
1.63
1.66
2.34
2.1
1.8
2.58
3.45
2.75
1.47
1.333
1.52
1.88
2
2.16
1.76
2.25
3.85
2.96
1.41
1.285
1.666
1.71
2.24
1.92
1.96
2.4
3.5
2.95
1.42
1.32
1.59
1.76
2.16
1.615
2.42
2.78
3.45
2.55
1.533
1.333
1.46
2.02
1.86
2
1.88
3.25
3.25
2.36
1.61
1.363
1.363
2.3
1.68
1.727
2.22
3.3
3.2
2.35
1.615
1.363
1.35
2.34
1.66
1.97
1.91
2.05
3.85
3.4
1.333
1.285
1.79
1.55
2.6
1.85
2.04
2.55
3.15
3
1.41
1.38
1.533
1.79
2.12
1.5
2.75
2.12
3.75
3.3
1.35
1.285
1.74
1.59
2.48
1.97
1.91
2.35
3.45
3.05
1.4
1.333
1.615
1.72
2.22
2.35
1.65
2.35
3.5
3.05
1.4
1.32
1.615
1.72
2.22
2.46
1.6
1.85
3.45
4.4
1.2
1.3
1.92
2.54
1.533
2.18
1.7
2.3
3.4
3.05
1.363
1.3
1.59
1.68
2.22
1.88
1.94
2
3.45
3.75
1.26
1.3
1.78
1.46
2.76
2.1
1.75
2.78
3.45
2.45
1.533
1.3
1.43
2.04
1.8
1.91
1.91
2.35
3.45
2.92
1.39
1.3
1.571
1.727
2.14
1.86
1.96
2.08
3.7
3.65
1.32
1.32
1.82
1.55
2.7
2.42
1.66
5.3
4.05
1.69
2.28
1.285
1.19
1.76
2.24
2.48
1.63
1.52
4.4
7.1
1.125
1.25
2.68
1.89
2.06
2.38
1.68
2.06
3.6
3.9
1.3
1.333
1.833
1.5
2.875
2.24
1.76
1.166
9.8
15
1.036
1.075
5.8
1.69
2.36
2.3
1.727
1.61
4.3
5.3
1.166
1.23
2.36
2.06
1.833
2.92
1.45
4.85
3.95
1.72
2.16
1.26
1.19
1.68
2.3
2.3
1.68
1.39
5.1
8
1.085
1.181
3.1
2.12
1.79
2.46
1.6
2.86
3.25
2.6
1.51
1.363
1.444
2.04
1.85
2.15
1.77
3.45
3.35
2.2
1.69
1.34
1.333
2.48
1.59
2.22
1.72
2
3.4
3.8
1.25
1.3
1.78
1.46
2.76
1.85
1.97
2.4
3.2
3.05
1.363
1.333
1.55
1.71
2.16
1.55
2.48
1.43
4.55
7.2
1.085
1.19
2.76
1.74
2.12
2.1
1.75
3.125
3.1
2.4
1.55
1.35
1.35
2.2
1.69
2.04
1.8
3.7
3
2.2
1.65
1.37
1.27
2.56
1.52
1.6
2.375
2.5
3
3.1
1.35
1.37
1.51
1.727
2.14
1.55
2.48
1.75
3.4
5.2
1.153
1.3
2.04
2.4
1.59
1.6
2.375
1.85
3.3
4.65
1.181
1.32
1.92
2.6
1.51
1.55
2.48
2.6
3
2.94
1.39
1.37
1.48
1.8
2.04
1.55
2.48
2.76
3
2.76
1.43
1.37
1.43
1.91
1.91
1.55
2.48
1.9
3.2
4.55
1.19
1.333
1.87
2.72
1.47
1.55
2.48
2.5
3
3.1
1.35
1.37
1.51
1.727
2.14
1.55
2.48
2.6
3
2.94
1.39
1.37
1.48
1.8
2.04
1.55
2.48
2.78
3.3
2.84
1.47
1.37
1.49
1.96
2
1.87
2.1
7.5
4.3
1.54
2.62
1.25
1.125
2.08
1.89
2.32
1.727
1.3
6.1
12
1.055
1.153
3.8
1.92
2.04
2.5
1.64
1.48
4.55
8.3
1.1
1.23
2.82
1.78
2.24
2
1.96
2.15
3.35
3.95
1.285
1.363
1.77
1.533
2.8
1.86
2.12
2.42
3.25
3.4
1.363
1.38
1.615
1.69
2.38
1.727
2.32
3.45
3.45
2.3
1.68
1.35
1.35
2.48
1.65
2.12
1.86
2
3.45
4.45
1.24
1.35
1.88
2.92
1.5
1.71
2.35
5.7
4
1.7
2.26
1.285
1.166
1.76
2.26
1.93
2.04
1.615
4.1
6.5
1.143
1.27
2.42
2.08
1.89
2.08
1.89
1.533
4.35
7.5
1.125
1.25
2.64
1.92
2.04
2.1
1.87
2.42
3.4
3.25
1.38
1.363
1.615
1.727
2.32
1.833
2.15
1.23
6.8
18
1.025
1.133
4.6
1.69
2.38
2.375
1.7
2.18
3.4
3.8
1.3
1.363
1.75
1.56
2.7
1.833
2.15
2.54
3.4
3.05
1.42
1.363
1.571
1.81
2.18
1.85
2.14
7.5
4.333
1.533
2.64
1.25
1.125
2.05
1.91
2.06
1.9
6.8
4.3
1.571
2.54
1.25
1.133
1.952
2.02
1.94
2.02
2.1
3.4
4.1
1.27
1.363
1.8
1.5
2.92
1.86
2.12
4.75
3.8
1.85
2.04
1.3
1.222
1.63
2.52
2.15
1.833
1.49
4.4
8.5
1.095
1.25
2.78
1.833
2.15
2.06
1.9
3.7
3.4
2.22
1.72
1.363
1.32
2.65
1.58
1.833
2.15
1.285
6.5
13
1.05
1.143
3.95
1.833
2.15
2.52
1.63
1.38
5.2
10
1.075
1.19
3.25
2.14
1.85
2.4
1.68
2.22
3.35
3.75
1.31
1.363
1.72
1.58
2.65
1.74
2.3
1.72
3.75
6
1.166
1.31
2.22
2.28
1.75
2.06
1.9
1.3
6
13
1.05
1.166
3.8
1.89
2.08
2.45
1.66
1.5
4.3
8.5
1.095
1.25
2.75
1.87
2.1
1.86
2.12
5.5
3.8
1.75
2.18
1.3
1.181
1.71
2.35
2.02
1.952
4.5
3.6
1.94
1.94
1.333
1.24
1.54
2.78
1.85
2.14
2.85
3.4
2.7
1.51
1.363
1.47
2.04
1.93
1.87
2.1
2.4
3.5
3.1
1.41
1.34
1.63
1.75
2.25
1.86
2.1
2.08
3.55
3.8
1.3
1.333
1.82
1.52
2.8
2.04
1.9
1.93
3.6
4.35
1.25
1.333
1.952
2.75
1.533
2
1.94
1.76
3.75
5.2
1.19
1.31
2.16
2.38
1.68
2.1
1.85
2.42
3.5
3.05
1.42
1.34
1.615
1.77
2.22
1.94
2
2.42
3.45
3.1
1.41
1.35
1.615
1.75
2.25
1.77
2.22
1.833
3.7
4.75
1.222
1.32
2.06
2.56
1.6
1.99
1.952
1.51
4.5
7
1.125
1.24
2.72
1.89
2.06
2.4
1.666
2.5
3.45
2.98
1.444
1.35
1.58
1.81
2.16
1.78
2.2
1.909
3.6
4.45
1.24
1.333
1.97
2.68
1.56
2.05
1.9
2.15
3.4
3.75
1.31
1.363
1.77
1.55
2.7
2.12
1.833
2.2
3.5
3.5
1.34
1.34
1.74
1.6
2.56
1.85
2.1
1.952
3.6
4.25
1.24
1.31
1.89
2.76
1.52
2.04
1.89
1.833
3.75
4.7
1.21
1.3
2.02
2.52
1.6
2.04
1.89
1.9
3.65
4.45
1.222
1.3
1.94
2.66
1.55
2
1.92
2.55
3.4
2.95
1.42
1.34
1.54
1.833
2.1
1.97
1.952
2
3.6
4.05
1.26
1.31
1.85
2.82
1.5
2.05
1.88
2.38
3.4
3.2
1.37
1.34
1.61
1.71
2.3
2.04
1.89
1.94
3.6
4.3
1.24
1.31
1.9
2.72
1.533
2
1.92
1.68
4
5.5
1.166
1.26
2.24
2.22
1.75
1.88
2.05
2.375
3.4
3.2
1.37
1.34
1.61
1.71
2.3
1.88
2.05
2.72
3.55
2.66
1.5
1.32
1.48
1.98
1.94
2.24
1.74
2.54
3.4
2.96
1.42
1.34
1.54
1.82
2.12
2.02
1.9
2.4
3.4
3.2
1.37
1.34
1.6
1.71
2.3
2.1
1.84
2.06
3.6
3.8
1.285
1.31
1.8
1.51
2.8
1.909
2.02
1.833
3.6
4.95
1.19
1.31
2.02
2.55
1.59
1.85
2.08
2.5
3.45
2.98
1.42
1.333
1.56
1.8
2.15
1.87
2.06
2.65
3.5
2.76
1.47
1.32
1.51
1.92
2
1.96
1.96
2.94
3.4
2.56
1.533
1.34
1.43
2.1
1.833
1.87
2.06
2.32
3.4
3.35
1.35
1.34
1.64
1.66
2.4
2
1.92
2.1
3.5
3.8
1.285
1.32
1.77
3.05
1.444
1.89
2.04
1.8
3.7
5
1.19
1.3
2.06
2.5
1.615
1.85
2.08
2.1
3.5
3.8
1.285
1.32
1.77
1.52
2.76
2.06
1.87
1.86
3.65
4.65
1.21
1.3
1.98
2.6
1.571
1.96
1.96
2.75
3.45
2.68
1.5
1.333
1.48
1.98
1.94
1.96
1.96
2.62
3.45
2.82
1.46
1.333
1.52
1.89
2.04
1.92
2
1.45
4.5
6.8
1.095
1.19
2.68
1.77
2.08
2.28
1.64
2.5
3.55
2.66
1.46
1.285
1.51
1.85
1.97
2.12
1.74
1.77
3.7
4.5
1.19
1.27
2.02
2.44
1.571
1.82
2.02
2.12
3.55
3.3
1.32
1.285
1.69
1.571
2.44
1.9
1.92
2.1
3.5
3.4
1.3
1.285
1.71
1.54
2.52
1.84
1.98
2.06
3.55
3.45
1.3
1.285
1.74
1.52
2.56
2.02
1.81
1.66
3.9
5
1.166
1.24
2.18
2.2
1.69
1.99
1.833
2.26
3.55
2.98
1.38
1.285
1.615
1.68
2.22
1.84
1.98
1.49
4.3
6.5
1.1
1.21
2.56
1.86
1.96
2.02
1.82
2.44
3.55
2.72
1.444
1.285
1.533
1.81
2.02
2.02
1.82
2.7
3.35
2.56
1.49
1.31
1.444
1.96
1.86
1.952
1.87
2.92
3.45
2.35
1.571
1.3
1.39
2.14
1.727
2.04
1.8
1.571
4.15
5.6
1.133
1.222
2.35
2.02
1.82
2.12
1.74
2.92
3.45
2.35
1.571
1.3
1.39
2.14
1.727
1.77
2.08
2.25
3.6
2.98
1.38
1.285
1.615
1.68
2.22
2.35
1.61
2.5
3.65
2.6
1.48
1.27
1.51
1.87
1.952
2.95
1.41
4.2
3.8
1.8
1.98
1.25
1.222
1.571
2.44
2.6
1.51
2.25
3.65
2.94
1.39
1.27
1.615
1.69
2.2
2.625
1.5
3.125
3.65
2.15
1.68
1.27
1.35
2.35
1.61
2.58
1.52
1.76
3.9
4.3
1.21
1.24
2.02
2.35
1.61
2.6
1.51
2.1
3.75
3.15
1.34
1.26
1.71
1.59
2.4
2.44
1.571
2.3
3.1
3.75
1.31
1.41
1.68
1.59
2.58
1.56
2.68
2.62
3
3.2
1.39
1.43
1.54
1.79
2.2
1.52
2.8
2.54
3
3.35
1.363
1.43
1.571
1.727
2.3
1.52
2.8
2.1
3.1
4.4
1.25
1.41
1.8
1.45
3.1
1.615
2.52
1.99
3.1
5
1.21
1.41
1.89
1.38
3.45
1.56
2.66
2.32
2.98
3.85
1.3
1.444
1.666
1.58
2.62
1.59
2.6
2.18
3.05
4.2
1.26
1.42
1.75
1.5
2.875
1.55
2.7
1.71
3.55
6.3
1.153
1.333
2.24
2.32
1.71
1.58
2.62
1.77
3.5
5.7
1.166
1.34
2.15
2.44
1.65
1.63
2.5
2.06
3.15
4.5
1.24
1.4
1.833
1.43
3.15
1.55
2.7
1.74
3.35
5.9
1.143
1.34
2.12
2.4
1.63
1.55
2.6
3.45
3.1
2.32
1.63
1.39
1.333
2.42
1.615
1.54
2.62
2.94
2.98
2.74
1.47
1.41
1.42
2.02
1.87
1.52
2.68
2.1
3.1
4.1
1.25
1.39
1.76
1.47
2.85
1.55
2.6
3.1
3
2.6
1.51
1.41
1.39
2.14
1.78
1.5
2.75
2.14
3.05
4.05
1.25
1.4
1.727
1.48
2.82
1.54
2.62
2.22
3
3.9
1.27
1.41
1.68
1.52
2.68
1.5
2.75
1.81
3.25
5.5
1.166
1.363
2.04
2.54
1.571
1.571
2.54
2.12
3.125
4
1.26
1.38
1.74
1.48
2.82
1.51
2.72
2.12
3.1
4.05
1.25
1.39
1.74
1.48
2.82
1.55
2.6
2.38
3
3.45
1.333
1.41
1.6
1.64
2.375
1.571
2.54
2.4
3
2.92
1.333
1.31
1.47
1.7
2.08
1.7
2.08
2.4
3
2.92
1.333
1.31
1.47
1.7
2.08
1.55
2.36
1.85
3.3
4
1.181
1.26
1.8
1.37
2.95
1.7
2.08
5.3
3.6
1.6
2.12
1.222
1.1
1.69
2.1
1.85
1.89
2.3
3.2
3.2
1.333
1.333
1.59
1.64
2.28
1.75
2.1
1.25
5.8
12
1.022
1.125
3.8
1.8
2.04
2.1
1.75
2.2
3.3
3.35
1.31
1.32
1.65
1.58
2.42
1.7
2.18
1.75
3.4
5.2
1.153
1.3
2.04
2.375
1.6
1.97
1.85
2.3
3.3
3.125
1.35
1.32
1.59
1.66
2.25
1.9
1.92
1.9
3.35
4.3
1.21
1.31
1.87
2.7
1.48
1.9
1.92
1.68
3.95
5.2
1.181
1.26
2.22
2.22
1.727
2.22
1.72
5.2
3.75
1.72
2.16
1.285
1.181
1.68
2.3
2.1
1.8
2.5
3.3
2.95
1.42
1.35
1.55
1.79
2.12
1.77
2.15
1.9
3.4
4.5
1.222
1.333
1.93
1.38
3.25
1.68
2.3
4.25
3.7
1.87
1.96
1.3
1.24
3.15
1.4
1.75
2.18
2.7
3.5
2.6
1.51
1.32
1.48
1.98
1.9
1.96
1.92
3.5
3.6
2.1
1.76
1.3
1.32
2.6
1.55
2.1
1.8
2.62
3.6
2.62
1.51
1.3
1.51
1.94
1.94
1.94
1.94
2.05
3.6
3.6
1.3
1.3
1.79
1.52
2.68
1.91
1.97
2.05
3.75
3.7
1.32
1.31
1.84
1.533
2.75
2.22
1.77
3.9
3.7
2
1.88
1.32
1.3
2.9
1.49
2.3
1.72
1.51
4.5
7.1
1.125
1.24
2.72
1.87
2.08
2.48
1.63
1.72
3.6
6
1.166
1.333
2.22
2.3
1.727
2.08
1.88
6.7
4.15
1.571
2.54
1.27
1.133
1.952
1.99
2.58
1.59
2.3
3.6
3.2
1.39
1.333
1.68
1.69
2.36
2.04
1.9
1.2
7.5
17
1.03
1.125
5.1
2.02
1.92
2.98
1.47
8
4.2
1.51
2.72
1.26
1.111
2.06
1.89
2.15
1.82
1.98
3.4
3.85
1.25
1.3
1.8
2.875
1.43
1.8
2.04
2.48
3.35
3.1
1.41
1.363
1.59
1.77
2.22
1.68
2.38
3.4
3.3
2.34
1.66
1.37
1.363
2.42
1.66
1.77
2.22
1.45
4.5
8.8
1.09
1.24
2.92
2.44
1.65
2.05
1.9
2.28
3.45
3.35
1.363
1.35
1.69
1.65
2.44
1.81
2.16
3.85
3.4
2.12
1.79
1.363
1.3
2.75
1.533
1.66
2.42
1.99
3.5
4.2
1.26
1.34
1.89
1.45
3.1
1.7
2.34
1.61
3.85
6.9
1.133
1.3
2.44
2.1
1.86
2
1.94
1.68
3.95
5.6
1.181
1.285
2.3
2.24
1.76
1.92
2.02
1.52
4.25
7.5
1.125
1.26
2.68
1.92
2.02
1.94
2
2.86
3.3
2.68
1.52
1.37
1.47
2.04
1.9
1.85
2.1
1.47
4.333
7.7
1.095
1.23
2.74
1.82
2.08
1.94
1.94
1.86
3.55
4.5
1.222
1.31
1.97
2.6
1.55
1.9
1.98
2.22
3.4
3.35
1.34
1.333
1.68
3.3
1.37
2.06
1.833
2.36
3.35
3.125
1.38
1.34
1.61
1.7
2.26
1.87
2.02
1.96
3.6
3.95
1.26
1.3
1.87
2.78
1.49
2.02
1.87
1.24
6.3
13
1.035
1.133
4.2
1.75
2.18
2.4
1.63
2
3.45
3.95
1.26
1.333
1.833
2.92
1.45
1.833
2.06
2.92
3.35
2.5
1.55
1.34
1.42
2.1
1.8
1.9
1.98
2.52
3.5
2.92
1.45
1.34
1.58
1.833
2.12
2.04
1.9
1.166
8.7
19
1.022
1.09
5.8
1.85
2.1
2.08
1.88
1.37
5.3
9.3
1.085
1.19
3.3
2.1
1.85
1.76
2.24
1.21
7.5
15
1.036
1.125
4.9
2.06
1.89
1.96
1.98
2.1
3.55
3.75
1.31
1.333
1.8
1.54
2.74
1.98
1.96
2.88
3.55
2.52
1.58
1.333
1.46
2.1
1.85
2.56
1.6
1.76
4
4.8
1.222
1.285
2.16
2.36
1.69
2.44
1.65
2.12
3.5
3.75
1.31
1.34
1.79
1.54
2.74
1.96
1.98
3.95
3.65
2
1.88
1.32
1.285
2.95
1.48
2.22
1.77
2.3
3.4
3.35
1.363
1.363
1.68
1.66
2.42
2.25
1.75
6
3.95
1.65
2.35
1.285
1.166
1.81
2.16
2.34
1.7
1.38
5
9.9
1.075
1.21
3.25
2.15
1.82
2.34
1.7
2.2
3.4
3.6
1.333
1.363
1.74
1.59
2.58
2.38
1.68
1.58
4.3
6.2
1.153
1.25
2.52
2.02
1.93
2.34
1.7
2.04
3.55
3.95
1.285
1.333
1.85
1.49
2.9
2.44
1.65
5.3
4.3
1.65
2.35
1.25
1.19
1.81
2.16
2.34
1.7
2.5
3.45
2.98
1.444
1.35
1.58
1.81
2.16
2.02
1.92
2.7
3.45
2.74
1.5
1.35
1.51
1.952
1.99
2.04
1.9
3.45
3.55
2.2
1.74
1.333
1.35
2.52
1.615
2.875
1.5
4.3
3.75
1.9
1.98
1.31
1.25
3.2
1.42
2.12
1.833
2.06
3.5
3.95
1.285
1.34
1.833
1.5
2.875
2
1.94
1.125
10.5
23
1.013
1.07
7
1.97
1.97
1.97
1.97
1.2
7.7
16
1.035
1.111
5.1
2
1.94
1.85
2.1
2.18
3.5
3.55
1.333
1.34
1.75
1.59
2.58
2.16
1.81
2.44
3.4
3.1
1.41
1.363
1.61
1.76
2.24
2.2
1.78
2.28
3.45
3.35
1.363
1.35
1.69
1.65
2.44
2.26
1.74
2.2
3.5
3.5
1.34
1.34
1.74
1.6
2.56
2.2
1.78
3.4
3.35
2.3
1.68
1.363
1.363
2.44
1.65
1.81
2.16
2.04
3.65
3.8
1.3
1.32
1.85
1.51
2.84
2.12
1.833
3.4
3.35
2.3
1.68
1.363
1.363
2.44
1.65
1.833
2.12
2.72
3.35
2.78
1.49
1.363
1.51
1.952
1.99
2.02
1.92
1.82
3.75
4.75
1.222
1.31
2.08
2.52
1.615
2.02
1.92
3.25
3.4
2.36
1.65
1.363
1.38
2.34
1.7
1.89
2.06
2.74
3.3
2.8
1.48
1.37
1.5
1.952
1.99
1.9
2.04
1.88
3.55
4.7
1.222
1.333
2
2.64
1.571
1.92
2.02
1.68
3.95
5.6
1.181
1.285
2.3
2.24
1.76
2.18
1.8
2.2
3.3
3.35
1.31
1.32
1.65
1.58
2.42
1.91
1.91
5.1
3.85
1.66
2.18
1.25
1.153
1.69
2.2
1.92
1.9
1.9
3.5
4.05
1.23
1.285
1.87
2.7
1.48
1.81
2.02
2.45
3.2
2.96
1.38
1.333
1.533
1.74
2.12
1.727
2.14
1.7
3.9
4.7
1.181
1.24
2.12
2.24
1.666
2.48
1.55
1.5
4.1
6.8
1.095
1.222
2.54
1.86
1.96
2.18
1.7
2.4
3.3
2.95
1.38
1.32
1.55
1.727
2.14
1.91
1.91
2.75
3.2
2.62
1.47
1.333
1.43
1.96
1.86
1.81
2.02
1.6
4
5.5
1.143
1.23
2.3
2.08
1.76
1.833
1.99
2.35
3.2
3.125
1.35
1.333
1.571
1.666
2.24
1.81
2.02
1.35
4.65
7.3
1.04
1.133
2.82
1.58
2.28
3.05
1.35
2.26
3.5
2.74
1.37
1.23
1.533
1.71
2.06
2.25
1.6
2.18
3.45
2.9
1.333
1.24
1.571
1.64
2.18
1.97
1.78
4.05
3.6
1.76
1.89
1.222
1.181
1.52
2.42
1.98
1.77
2.5
3.5
2.45
1.45
1.23
1.444
1.89
1.85
2
1.75
3.25
3.5
2
1.68
1.23
1.27
2.46
1.51
2.08
1.7
2.78
3.4
2.28
1.52
1.25
1.363
2.08
1.7
2
1.75
3.95
3.7
1.76
1.89
1.21
1.19
1.54
2.38
2.64
1.45
2.62
3.5
2.35
1.49
1.23
1.4
1.98
1.77
2.16
1.65
3.5
3.4
1.952
1.71
1.25
1.23
2.6
1.46
2.05
1.72
2.15
3.3
3.1
1.3
1.26
1.58
1.58
2.28
2.34
1.56
1.85
3.5
3.75
1.21
1.23
1.8
2.38
1.54
2.8
1.4
2.4
3.3
2.68
1.38
1.26
1.47
1.78
1.97
2.15
1.65
1.65
3.5
5
1.125
1.23
2.04
2.04
1.727
2.3
1.571
2.05
3.4
3.2
1.285
1.25
1.64
1.54
2.38
2.2
1.63
2.05
3.45
3.15
1.285
1.24
1.64
1.52
2.42
2.35
1.55
2
3.3
3.45
1.24
1.26
1.68
1.47
2.56
2.3
1.571
1.52
3.7
6
1.075
1.21
2.28
1.9
1.84
2
1.75
1.81
3.45
4
1.181
1.24
1.84
2.48
1.5
1.89
1.85
3.2
3.55
2
1.68
1.23
1.285
2.42
1.52
2.3
1.571
1.45
4.25
6
1.075
1.166
2.46
1.7
2.08
2
1.75
2.62
3.3
2.45
1.45
1.26
1.4
1.94
1.8
1.87
1.87
2.06
3.5
3.1
1.3
1.23
1.64
1.54
2.38
2
1.75
1.27
5.2
9
1.015
1.111
3.25
1.84
1.9
2.25
1.6
1.55
3.9
5.2
1.111
1.19
2.22
2
1.75
2
1.75
2.2
3.4
2.9
1.333
1.25
1.56
1.66
2.14
1.87
1.87
1.43
4.2
6.4
1.065
1.166
2.52
1.76
2
2.64
1.45
2.68
3.5
2.3
1.51
1.23
1.38
2.02
1.74
2.02
1.74
2.48
3.5
2.48
1.444
1.23
1.444
1.87
1.87
1.87
1.87
2.1
3.5
3
1.31
1.23
1.61
1.59
2.26
2.64
1.45
2.18
3.55
2.84
1.34
1.23
1.571
1.65
2.16
1.88
1.86
2.36
3.15
2.84
1.34
1.285
1.49
1.71
2.06
1.89
1.85
2.58
3.45
2.4
1.47
1.24
1.41
1.94
1.8
1.89
1.85
2.55
3.3
2.52
1.43
1.26
1.42
1.88
1.86
1.89
1.85
2.3
3.1
3.5
1.32
1.39
1.64
1.61
2.44
1.5
2.74
9
4.6
1.4
3.05
1.21
1.07
2.28
1.69
1.86
2.02
2.08
3.2
4
1.26
1.363
1.77
1.47
2.84
1.48
2.8
2.4
3.2
3.2
1.363
1.363
1.59
1.7
2.25
1.5
2.74
4.8
3.6
1.8
2.04
1.3
1.2
3.55
1.333
1.55
2.58
2.14
3.2
3.8
1.285
1.363
1.727
1.52
2.68
1.5
2.74
2.34
3.2
3.3
1.35
1.363
1.615
1.66
2.34
1.55
2.58
2.14
3.2
3.8
1.285
1.363
1.727
1.52
2.68
1.51
2.7
3.8
3.3
2.1
1.76
1.35
1.285
2.7
1.51
1.51
2.7
2.4
3.35
3.2
1.39
1.363
1.63
1.727
2.3
1.97
1.97
3.6
3.55
2.15
1.77
1.333
1.333
2.64
1.571
2.1
1.85
2
3.55
4.1
1.27
1.333
1.88
1.47
2.98
2.1
1.85
2.1
3.55
3.75
1.31
1.333
1.8
1.54
2.74
2.34
1.7
3.35
3.55
2.25
1.7
1.333
1.363
2.44
1.65
2.18
1.8
2.18
3.45
3.6
1.333
1.35
1.75
1.58
2.62
2.18
1.8
1.65
3.85
5.7
1.153
1.285
2.28
2.16
1.76
2.35
1.65
1.85
3.75
4.25
1.24
1.285
1.98
2.54
1.571
2.46
1.6
1.85
3.75
4.25
1.24
1.285
1.98
1.39
3.2
2.35
1.65
1.8
3.7
4.65
1.21
1.3
2.04
2.44
1.61
2.46
1.6
1.75
3.75
4.9
1.19
1.285
2.12
2.375
1.64
2.18
1.75
1.8
3.65
4.7
1.2
1.3
2.04
2.44
1.61
2.26
1.7
6.9
4.8
1.42
2.8
1.181
1.09
2.18
1.7
2.625
1.5
2.58
3.55
2.58
1.48
1.285
1.48
1.91
1.91
2.1
1.75
2.25
3.55
3
1.37
1.285
1.615
1.666
2.24
2.42
1.58
3.6
3.4
2.12
1.74
1.333
1.3
2.62
1.54
1.85
2.04
1.55
3.8
7.5
1.095
1.285
2.5
1.99
1.89
1.85
2.04
2.35
3.1
3.4
1.333
1.39
1.615
1.64
2.375
1.8
2.1
3.95
3.2
2.1
1.76
1.363
1.26
2.78
1.49
1.7
2.26
1.55
3.8
7.5
1.095
1.285
2.5
1.99
1.89
1.8
2.1
2.55
3.1
3.05
1.4
1.39
1.533
1.78
2.14
1.8
2.1
1.85
3.4
4.85
1.19
1.333
1.98
2.6
1.55
1.8
2.1
3.25
3.25
2.25
1.615
1.333
1.333
2.34
1.615
1.69
2.2
2.48
3.05
3.05
1.363
1.363
1.52
1.727
2.14
1.615
2.34
2.2
3
3.7
1.27
1.37
1.65
1.52
2.56
1.6
2.375
2.22
3.2
3.4
1.3
1.333
1.64
1.58
2.42
1.63
2.3
5.2
3.55
1.71
2.1
1.285
1.153
1.63
2.3
1.69
2.2
3.75
3.25
2.06
1.74
1.333
1.26
2.7
1.48
1.8
2.04
2.18
3.1
3.6
1.285
1.35
1.66
1.533
2.54
1.7
2.18
3.55
3.5
2.1
1.76
1.32
1.31
1.41
3.1
1.94
1.94
1.533
4
7.2
1.111
1.26
2.55
1.94
1.94
2.15
1.77
1.75
3.75
4.9
1.19
1.285
2.12
2.35
1.65
2.375
1.64
1.222
6.2
16
1.018
1.133
4.4
1.71
2.24
2.18
1.75
1.75
3.75
4.9
1.19
1.285
2.12
2.375
1.64
2.04
1.85
2.4
3.3
2.95
1.38
1.32
1.55
1.727
2.14
1.75
2.1
2.88
3.3
2.45
1.533
1.32
1.4
2.08
1.77
1.99
1.833
2.375
3.4
2.92
1.39
1.3
1.56
1.727
2.14
1.85
1.97
2.05
3.6
3.4
1.3
1.285
1.74
1.533
2.54
2.08
1.77
1.61
4.55
4.6
1.181
1.19
2.26
2.08
1.77
2.48
1.55
1.72
4
4.4
1.2
1.23
2.08
2.28
1.64
2.35
1.61
1.571
4.1
6.9
1.133
1.27
2.54
2.1
1.85
1.99
1.952
2.15
3.4
3.75
1.31
1.363
1.77
1.55
2.7
1.85
2.1
2.66
3.35
2.85
1.47
1.363
1.533
1.9
2.04
1.75
2.25
1.363
5.2
10
1.075
1.19
3.35
1.9
2.04
2.75
1.533
19
9.4
1.153
6.1
1.08
1.022
2.3
1.72
2.34
1.7
2.22
3.4
3.55
1.333
1.363
1.72
1.6
2.56
2
1.94
1.66
4.05
5.7
1.166
1.285
2.34
2.16
1.81
2.9
1.49
2.14
3.4
3.8
1.3
1.363
1.77
1.54
2.74
1.666
2.4
1.952
3.6
4.25
1.26
1.333
1.93
2.8
1.52
1.75
2.25
1.85
3.6
4.8
1.222
1.333
2.04
2.58
1.59
1.75
2.25
2.44
3.4
3.1
1.41
1.363
1.61
1.76
2.24
1.94
2
2.82
3.35
2.68
1.52
1.363
1.48
2.02
1.92
1.9
2.04
2.3
3.35
3.4
1.363
1.363
1.68
1.65
2.44
2.2
1.78
1.27
6
14
1.04
1.166
4.1
1.81
2.16
2.7
1.55
1.085
14
31
1.001
1.04
9.2
1.952
1.99
2.5
1.63
1.72
3.75
5.6
1.181
1.31
2.22
2.375
1.68
2.04
1.9
9.9
6
1.32
3.65
1.166
1.075
1.99
1.952
2.8
1.52
1.615
3.95
6.5
1.143
1.285
2.42
2.1
1.85
2.25
1.75
2.98
3.45
2.5
1.58
1.35
1.444
2.16
1.81
2.25
1.75
1.6
3.9
6.9
1.133
1.3
2.46
2.06
1.89
2.3
1.72
2.45
3.35
3.125
1.41
1.363
1.61
1.76
2.24
1.72
2.3
2.88
3.4
2.6
1.55
1.363
1.46
2.08
1.87
1.75
2.25
2.35
3.3
3.3
1.363
1.363
1.64
1.68
2.35
1.74
2.24
2.35
3.3
3.3
1.363
1.363
1.64
1.68
2.35
1.74
2.24
1.74
3.6
5.6
1.166
1.32
2.16
1.285
4.1
1.82
2.12
1.86
3.5
4.8
1.21
1.333
2
1.363
3.5
1.82
2.12
2.8
3.3
2.7
1.5
1.363
1.47
2
1.92
1.85
2.08
2.36
3.5
3.1
1.4
1.333
1.63
1.727
2.26
2.28
1.72
2.5
3.25
3.1
1.4
1.37
1.571
1.77
2.2
1.82
2.12
2.14
3.4
3.7
1.31
1.35
1.76
1.55
2.66
1.75
2.22
2.18
3.4
3.6
1.32
1.35
1.727
1.571
2.6
1.82
2.12
2.18
3.4
3.6
1.32
1.35
1.727
1.571
2.6
1.82
2.12
2.46
3.3
3.1
1.4
1.363
1.59
1.75
2.22
1.74
2.24
1.54
3.65
7.4
1.08
1.27
2.42
1.97
1.85
1.75
2.1
2.4
3.125
3.125
1.35
1.35
1.55
1.69
2.2
1.69
2.2
1.77
3.35
5.1
1.153
1.31
2.02
2.44
1.571
1.76
2.08
1.64
3.5
6.1
1.125
1.285
2.22
2.18
1.7
1.69
2.2
2.05
3.25
3.8
1.25
1.333
1.74
1.47
2.72
1.75
2.1
2.72
3.25
2.62
1.47
1.333
1.444
1.952
1.87
1.75
2.1
2.62
3.2
2.75
1.43
1.333
1.47
1.86
1.96
1.69
2.2
2.2
3.15
3.5
1.285
1.34
1.65
1.55
2.48
1.75
2.1
1.56
3.65
6.9
1.09
1.27
2.38
2.02
1.82
1.75
2.1
1.82
3.25
4.95
1.166
1.333
1.952
2.56
1.52
1.6
2.375
1.9
3.25
4.45
1.2
1.333
1.87
2.72
1.47
1.6
2.375
3.7
3.2
2.1
1.71
1.333
1.27
2.625
1.5
1.88
1.94
1.64
3.5
6.1
1.125
1.285
2.22
2.18
1.7
1.77
2.08
2.2
3.2
3.45
1.3
1.333
1.65
1.56
2.46
1.727
2.14
1.82
3.25
4.95
1.166
1.333
1.952
2.56
1.52
1.68
2.22
1.444
4
8.6
1.06
1.23
2.7
1.78
2.06
1.91
1.91
1.68
3.4
5.9
1.125
1.3
2.14
2.26
1.65
1.727
2.14
2.45
3.25
2.92
1.39
1.333
1.533
1.76
2.08
1.833
2
2.14
3.25
3.55
1.285
1.333
1.68
1.533
2.54
1.727
2.14
1.727
3.4
5.4
1.143
1.3
2.08
2.34
1.615
1.8
2.04
2
3.25
4
1.23
1.333
1.78
2.875
1.43
1.76
2.08
3.5
3.25
2.15
1.68
1.333
1.285
2.52
1.54
1.78
2.06
2.2
3.15
3.5
1.285
1.34
1.65
1.55
2.48
1.78
2.06
2.68
3.2
2.68
1.45
1.333
1.45
1.91
1.91
1.78
2.06
1.79
3.35
4.95
1.166
1.31
1.99
2.48
1.55
1.68
2.22
2.68
3.2
2.68
1.45
1.333
1.45
1.91
1.91
1.666
2.24
2.1
3.25
3.65
1.27
1.333
1.71
1.5
2.625
1.78
2.06
2.15
3.25
3.5
1.285
1.333
1.68
1.54
2.52
1.78
2.06
1.97
3.25
4.1
1.222
1.333
1.8
2.82
1.444
1.8
2.04
4.05
3.25
1.99
1.79
1.333
1.23
1.43
2.875
1.8
2.04
1.58
3.55
6.9
1.09
1.285
2.34
2.05
1.79
1.71
2.16
2.3
3.15
3.25
1.333
1.34
1.59
1.63
2.3
1.7
2.18
1.84
3.25
4.85
1.166
1.333
1.93
2.56
1.52
1.8
2.04
1.66
3.45
6
1.125
1.3
2.18
2.2
1.69
1.86
1.96
4.05
3.2
2
1.78
1.333
1.23
1.42
2.92
1.8
2.04
3.75
3.2
2.08
1.72
1.333
1.26
2.7
1.48
1.8
2.04
2.18
3.2
3.5
1.285
1.333
1.66
1.55
2.48
1.8
2.04
2.55
3.15
2.875
1.4
1.34
1.49
1.8
2.04
1.75
2.1
2.15
3.2
3.55
1.285
1.333
1.68
1.533
2.54
1.8
2.04
5.2
3.8
1.75
2.18
1.3
1.19
1.69
2.36
2.08
1.87
1.47
4.45
8.3
1.1
1.24
2.85
1.81
2.16
2.06
1.89
7.2
4
1.571
2.54
1.285
1.125
1.93
2.02
2
1.94
2.65
3.2
2.98
1.444
1.39
1.533
1.86
2.1
1.74
2.26
1.93
3.7
4.2
1.26
1.32
1.952
1.444
3.1
1.8
2.18
4.4
3.65
1.909
1.97
1.32
1.25
3.25
1.41
2
1.94
2.2
3.3
3.75
1.31
1.37
1.74
1.56
2.68
1.72
2.3
5.1
3.75
1.78
2.14
1.31
1.2
3.75
1.333
1.99
1.952
1.35
5.2
11
1.065
1.19
3.45
2.08
1.88
2.25
1.75
1.571
4.2
6.6
1.143
1.26
2.54
2
1.94
2.1
1.85
2.4
3.25
3.3
1.37
1.38
1.63
1.7
2.34
1.75
2.25
2.25
3.4
3.5
1.34
1.363
1.7
1.615
2.52
2.04
1.9
1.55
4.3
6.8
1.133
1.25
2.6
1.97
1.97
1.9
2.04
2.35
3.3
3.35
1.363
1.37
1.65
1.68
2.38
1.85
2.1
2.4
3.25
3.3
1.37
1.38
1.63
1.7
2.34
1.8
2.18
1.3
6
11
1.065
1.166
3.8
1.92
2.02
2.44
1.65
2.3
3.3
3.45
1.35
1.37
1.68
1.64
2.46
1.85
2.1
1.8
3.6
5.2
1.19
1.333
2.1
2.48
1.63
1.97
1.97
2.5
3.3
3.1
1.41
1.37
1.58
1.78
2.2
1.9
2.04
1.55
4.3
6.8
1.133
1.25
2.6
1.96
1.98
2.1
1.85
2.05
3.4
4.1
1.27
1.363
1.84
1.48
2.95
1.8
2.18
2.7
3.3
2.84
1.47
1.37
1.51
1.92
2.02
2.25
1.75
1.7
3.9
5.5
1.181
1.3
2.26
2.25
1.75
2.18
1.8
3.3
3.25
2.4
1.63
1.38
1.37
2.34
1.7
1.92
2.02
2.35
3.3
3.35
1.363
1.37
1.65
1.68
2.38
1.8
2.18
2.15
3.45
3.7
1.32
1.35
1.77
1.56
2.68
1.85
2.1
2.25
3.35
3.55
1.333
1.363
1.7
1.61
2.54
1.75
2.25
2.8
3.2
2.8
1.48
1.39
1.48
1.97
1.97
1.9
2.04
4.7
3.5
1.9
1.98
1.34
1.222
3.45
1.38
2.04
1.9
5.2
3.6
1.8
2.1
1.333
1.19
1.63
2.48
2.02
1.92
1.96
3.3
4.6
1.222
1.363
1.9
2.82
1.5
1.69
2.34
2.7
3.1
2.96
1.43
1.4
1.5
1.87
2.06
1.75
2.22
3.4
3.1
2.42
1.6
1.4
1.35
2.35
1.68
1.7
2.32
2.1
3.25
4.05
1.27
1.37
1.78
1.49
2.86
1.82
2.12
1.571
3.95
7.1
1.125
1.285
2.5
2.02
1.91
1.97
1.952
1.88
3.35
5
1.2
1.363
1.98
2.7
1.54
1.7
2.32
1.7
3.6
6.1
1.153
1.32
2.24
2.26
1.727
1.952
1.97
2.625
3.125
3.05
1.41
1.4
1.533
1.82
2.12
1.833
2.1
2.44
3.1
3.35
1.363
1.4
1.6
1.69
2.34
1.8
2.15
3.45
3.2
2.34
1.64
1.38
1.34
2.44
1.64
1.9
2.02
2.5
3.15
3.2
1.38
1.39
1.571
1.75
2.22
1.97
1.952
2.7
3.1
2.5
1.444
1.3
1.38
1.94
1.8
1.7
2.08
2.82
3.1
2.4
1.47
1.3
1.35
2.04
1.727
1.65
2.16
2.4
3.1
2.82
1.35
1.3
1.47
1.727
2.04
1.7
2.08
2.5
3.1
2.7
1.38
1.3
1.444
1.8
1.94
1.7
2.08
1.9
3.3
3.8
1.2
1.26
1.75
2.74
1.42
1.65
2.16
2.3
3.2
2.9
1.333
1.285
1.51
1.68
2.1
1.6
2.25
2
3.3
3.45
1.24
1.26
1.68
1.48
2.54
1.75
2
2.3
3.2
2.9
1.333
1.285
1.51
1.68
2.1
1.7
2.08
2.66
3
2.6
1.41
1.31
1.39
1.89
1.85
1.6
2.25
3
3
2.35
1.49
1.31
1.31
2.12
1.666
1.8
1.94
3.65
3.4
1.9
1.75
1.25
1.222
1.42
2.74
1.8
1.94
2.65
2.96
2.65
1.39
1.32
1.39
1.87
1.87
1.75
2
1.5
3.7
6.4
1.065
1.21
2.32
1.93
1.81
1.6
2.25
1.7
3.2
5.2
1.111
1.285
1.97
2.3
1.571
1.7
2.08
2.96
3.5
2.3
1.59
1.285
1.38
2.18
1.7
1.952
1.87
1.65
3.9
5.1
1.153
1.24
2.2
2.14
1.727
1.88
1.94
2.35
3.5
2.88
1.4
1.285
1.571
1.74
2.12
1.92
1.9
2.5
3.4
2.75
1.43
1.3
1.51
1.82
2.02
2.04
1.8
2.8
3.3
2.52
1.5
1.32
1.42
2.02
1.81
2.25
1.66
3.75
3.45
1.99
1.79
1.3
1.26
2.76
1.46
1.97
1.85
2.22
3.35
3.25
1.333
1.31
1.64
1.61
2.35
2.04
1.8
2.62
3.4
2.62
1.47
1.3
1.47
1.91
1.91
2.18
1.7
2.2
3.4
3.25
1.333
1.3
1.65
1.6
2.375
2.42
1.58
1.571
3.9
6
1.125
1.24
2.35
1.99
1.833
2.48
1.55
1.166
8.1
13
1.016
1.065
4.9
1.7
2.18
2.18
1.7
9
4.3
1.4
2.88
1.21
1.05
2.18
1.7
1.8
2.04
1.2
7
12
1.022
1.09
4.4
1.952
1.87
2.18
1.7
2.76
3.2
2.6
1.48
1.333
1.43
1.97
1.85
1.75
2.1
1.32
4.8
11
1.03
1.181
3.3
2.05
1.79
1.75
2.1
2.7
3.2
2.66
1.46
1.333
1.444
1.92
1.9
1.75
2.1
1.4
4.3
9
1.05
1.21
2.88
1.69
2.2
1.92
1.9
1.952
3.5
4.1
1.25
1.32
1.88
2.82
1.48
1.7
2.26
2.2
3.5
3.3
1.35
1.32
1.69
1.615
2.42
2.42
1.615
1.6
4.1
5.8
1.153
1.25
2.38
2.06
1.833
2
1.88
1.85
3.6
4.5
1.222
1.3
1.98
2.56
1.56
1.88
2
1.85
3.5
4.65
1.21
1.32
1.98
2.6
1.55
1.81
2.1
2.3
3.2
3.4
1.333
1.363
1.64
1.63
2.4
1.66
2.34
5.2
3.6
1.75
2.12
1.3
1.181
1.65
2.35
2.04
1.85
1.99
3.25
4.05
1.23
1.333
1.79
1.42
2.92
1.66
2.25
3.9
3.2
2.05
1.74
1.333
1.24
2.76
1.46
2.14
1.727
3.35
3.4
2.15
1.68
1.3
1.31
2.44
1.571
1.91
1.91
1.05
14
29
0
1.01
9.2
1.91
1.91
3
1.4
1.55
3.8
6.7
1.095
1.25
2.4
1.97
1.85
1.86
1.96
1.58
4
5.7
1.133
1.23
2.34
2.02
1.82
2.8
1.45
2.96
3.6
2.26
1.615
1.285
1.38
2.22
1.68
2.15
1.72
7.3
4.5
1.5
2.75
1.24
1.125
2.08
1.87
2.12
1.833
3.25
3.45
2.34
1.66
1.35
1.38
2.36
1.69
1.85
2.1
1.55
4.15
7.2
1.125
1.27
2.6
1.97
1.97
1.85
2.1
3.45
3.45
2.25
1.7
1.35
1.35
2.48
1.63
1.85
2.1
2.05
3.6
3.85
1.3
1.333
1.84
1.51
2.84
1.9
2.04
1.8
3.9
4.7
1.222
1.3
2.1
2.48
1.63
1.99
1.952
1.6
4.2
6.2
1.153
1.26
2.46
2.04
1.9
1.85
2.1
1.55
4.3
6.8
1.133
1.25
2.6
1.97
1.97
2.04
1.91
3.8
3.5
2.1
1.8
1.34
1.3
1.444
3.1
1.94
2
5.7
3.8
1.7
2.26
1.3
1.166
1.75
2.25
2.08
1.87
1.55
4.35
6.6
1.143
1.25
2.6
1.96
1.98
2.34
1.7
1.952
3.65
4.2
1.26
1.32
1.93
1.444
3.1
1.85
2.1
3.1
3.3
2.5
1.58
1.37
1.41
2.2
1.78
1.85
2.1
2.2
3.3
3.75
1.31
1.37
1.74
3.35
1.4
2
1.94
3.9
3.3
2.15
1.77
1.37
1.3
1.42
3.2
1.85
2.1
1.94
3.7
4.15
1.27
1.32
1.94
2.75
1.533
1.85
2.1
2.45
3.55
2.98
1.444
1.333
1.61
1.79
2.2
2.02
1.92
2.35
3.6
3.1
1.41
1.333
1.65
1.727
2.3
1.85
2.1
2.25
3.4
3.5
1.34
1.363
1.7
1.615
2.52
1.85
2.1
1.45
4.65
8.3
1.1
1.23
2.92
2.38
1.68
2.25
1.75
1.6
3.9
6.9
1.133
1.3
2.46
2.08
1.87
1.94
2
3.25
3.5
2.32
1.666
1.34
1.38
2.36
1.69
1.85
2.1
3
3.4
2.5
1.58
1.363
1.43
2.16
1.81
2
1.94
3.2
3.5
2.35
1.65
1.34
1.39
2.32
1.71
2.18
1.8
1.45
5
7.4
1.125
1.21
2.92
1.76
2.24
2.2
1.78
2.7
3.5
2.7
1.51
1.34
1.51
1.97
1.97
1.58
2.62
1.32
5.5
9.8
1.06
1.166
3.5
1.833
2.06
2.46
1.6
1.19
7.5
15
1.022
1.095
4.9
1.54
2.62
2.82
1.48
1.285
5.8
13
1.05
1.166
3.95
1.9
2.04
2.26
1.74
1.99
3.55
4.15
1.27
1.333
1.89
1.46
3.05
2.16
1.81
3.3
3.5
2.3
1.68
1.34
1.37
2.4
1.666
2.06
1.89
2.84
3.55
2.55
1.571
1.333
1.47
2.08
1.87
2.12
1.833
1.27
6.2
13
1.05
1.153
4.1
1.81
2.16
2.68
1.56
2.5
3.3
3.1
1.41
1.37
1.58
1.78
2.2
1.85
2.1
14
6.5
1.25
4.333
1.143
1.04
2.26
1.74
3.1
1.444
5.5
4
1.68
2.3
1.285
1.181
1.7
2.34
2.02
1.92
1.5
4.5
7.3
1.125
1.24
2.75
2.7
1.55
2
1.94
2.4
3.45
3.125
1.41
1.35
1.63
1.74
2.26
1.87
2.08
1.84
3.85
4.5
1.24
1.3
2.05
1.39
3.4
2.1
1.85
3.3
3.65
2.24
1.71
1.32
1.37
2.42
1.66
2.22
1.77
1.8
3.75
4.9
1.21
1.31
2.1
2.62
1.58
1.952
1.99
1.07
16
36
0
1.035
10.5
1.97
1.97
2.05
1.9
2.74
3.4
2.74
1.5
1.363
1.5
1.97
1.97
2
1.94
1.25
6.7
13
1.05
1.133
4.333
1.8
2.18
2.44
1.65
2.2
3.55
3.1
1.35
1.285
1.65
1.63
2.3
2.05
1.79
2.05
3.55
3.45
1.3
1.285
1.74
1.52
2.56
1.86
1.96
3.05
3.55
2.22
1.64
1.285
1.363
2.26
1.65
2.05
1.79
2.18
3.35
3.3
1.32
1.31
1.66
1.59
2.4
2.05
1.79
1.833
2.96
5.7
1.133
1.38
1.94
2.56
1.52
1.43
2.875
2.75
2.75
3.05
1.363
1.43
1.43
1.82
2.02
1.4
3
2
2.88
4.75
1.181
1.4
1.78
2.96
1.41
1.45
2.8
2.2
2.8
4.05
1.23
1.42
1.65
1.47
2.72
1.4
3
1.8
3
5.9
1.125
1.37
1.98
2.52
1.54
1.43
2.875
2.74
2.8
2.98
1.38
1.42
1.444
1.833
1.99
1.45
2.8
2.76
2.75
3
1.37
1.43
1.43
1.833
1.99
1.4
3
3.1
3.2
2.52
1.56
1.38
1.4
2.18
1.78
1.88
2.05
2.38
3.35
3.2
1.38
1.363
1.63
1.71
2.3
1.93
1.99
4.55
3.5
1.9
1.96
1.333
1.222
3.3
1.39
2.04
1.89
2.5
3.3
3.05
1.41
1.363
1.571
1.78
2.18
1.87
2.06
1.833
3.6
4.8
1.21
1.32
2.04
2.55
1.59
1.9
2.02
2.2
3.4
3.55
1.333
1.35
1.72
1.59
2.55
1.9
2.02
2.75
3.25
2.78
1.48
1.37
1.49
1.952
1.97
1.87
2.06
1.68
3.8
5.8
1.166
1.3
2.26
2.24
1.74
1.86
2.08
2.2
3.4
3.55
1.333
1.35
1.72
3.3
1.39
1.9
2.02
3.7
3.75
2.05
1.84
1.31
1.32
2.75
1.533
2.68
1.56
2.15
3.7
3.45
1.35
1.32
1.77
1.6
2.56
2.44
1.65
1.9
3.75
4.3
1.25
1.31
1.98
1.42
3.2
2.54
1.61
1.285
6.1
12
1.055
1.153
3.95
1.79
2.2
1.94
2
1.727
3.9
5.3
1.19
1.3
2.22
1.31
3.95
2.38
1.68
3.55
3.65
2.12
1.79
1.32
1.333
2.64
1.571
2.58
1.59
1.285
6.1
12
1.055
1.153
3.95
1.8
2.18
3.1
1.45
1.7
4.2
5
1.21
1.26
2.26
2.24
1.76
1.97
1.97
1.37
5.1
10
1.075
1.2
3.3
2.04
1.9
2.95
1.48
1.65
3.95
5.5
1.166
1.26
2.28
2.16
1.76
2.5
1.58
1.85
3.9
4.1
1.25
1.27
1.98
1.41
3.1
2.46
1.6
1.6
4.35
5.4
1.166
1.23
2.38
2.78
1.49
1.74
2.2
1.45
4.75
7.1
1.111
1.2
2.82
1.76
2.16
2.92
1.45
1.92
3.7
4
1.26
1.3
1.909
1.43
3
2.46
1.6
1.7
3.9
5.1
1.181
1.27
2.18
2.24
1.71
2.6
1.55
4.9
4
1.7
2.18
1.26
1.19
1.7
2.26
2.35
1.65
2.88
3.6
2.4
1.59
1.3
1.43
2.14
1.78
2.52
1.58
2
3.75
3.65
1.3
1.285
1.833
1.5
2.75
2.6
1.55
1.96
3.6
3.95
1.26
1.3
1.87
1.45
2.92
2.6
1.55
1.88
3.75
4.1
1.25
1.285
1.952
1.41
3.1
2.35
1.65
2.1
3.5
3.55
1.31
1.32
1.76
1.54
2.62
2.2
1.74
1.43
4.55
8.2
1.085
1.21
2.9
1.72
2.22
2.56
1.56
4.75
3.9
1.74
2.12
1.27
1.2
1.68
2.3
2.52
1.58
2.66
3.45
2.66
1.49
1.333
1.49
1.94
1.94
2.3
1.68
2.45
3.4
2.95
1.42
1.333
1.571
1.78
2.14
2.35
1.65
2.5
3.4
2.875
1.444
1.333
1.55
1.81
2.1
2.42
1.615
1.27
6
12
1.04
1.143
3.9
1.81
2.1
2.92
1.45
4.45
3.9
1.84
2.05
1.3
1.24
1.615
2.52
2.24
1.76
4.05
3.6
2
1.88
1.333
1.285
2.98
1.47
1.94
2
1.86
3.85
4.4
1.25
1.3
2.02
2.48
1.63
2.8
1.52
2.82
3.45
2.62
1.54
1.35
1.48
2.04
1.9
2.12
1.833
2.22
3.6
3.35
1.363
1.333
1.72
1.64
2.46
2.26
1.74
2.375
3.45
3.2
1.39
1.35
1.64
1.72
2.3
2.12
1.833
1.86
3.75
4.5
1.24
1.31
2.02
2.56
1.6
2.3
1.72
4
3.75
1.96
1.92
1.31
1.285
1.52
2.8
2.34
1.7
4.15
3.95
1.77
2.02
1.24
1.222
1.6
2.375
1.93
1.89
5.4
4.1
1.59
2.32
1.222
1.143
1.96
1.86
2
1.833
1.54
4.25
5.7
1.133
1.21
2.42
1.21
4.55
1.94
1.88
2.4
3.45
2.84
1.41
1.3
1.55
1.76
2.08
1.88
1.94
3.95
3.65
1.88
1.89
1.27
1.24
1.49
2.66
1.75
2.1
2.35
3.45
2.92
1.39
1.3
1.571
1.727
2.14
1.68
2.22
2.55
3.55
2.6
1.48
1.285
1.49
1.89
1.93
1.7
2.18
1.7
3.85
4.75
1.181
1.25
2.12
2.28
1.64
1.91
1.91
2.1
3.3
3.6
1.285
1.32
1.71
1.51
2.6
1.78
2.06
2.32
3.25
3.125
1.35
1.333
1.59
1.666
2.24
1.952
1.87
3.15
3.25
2.3
1.59
1.333
1.34
2.26
1.65
1.75
2.1
2.6
3.2
2.76
1.43
1.333
1.48
1.85
1.97
1.87
1.952
3.45
3.3
2.14
1.68
1.32
1.3
2.48
1.55
1.87
1.952
1.52
4
6.7
1.095
1.23
2.48
1.952
1.87
1.96
1.86
2.54
3.25
2.8
1.42
1.333
1.5
1.82
2.02
1.72
2.15
1.7
3.5
5.4
1.143
1.285
2.12
2.28
1.64
1.75
2.1
2.6
3.1
2.85
1.41
1.35
1.48
1.82
2.02
1.65
2.26
1.85
3.55
4.25
1.21
1.285
1.92
1.37
3.15
1.77
2.08
1.31
5.3
9.4
1.045
1.143
3.35
2.02
1.82
1.91
1.91
2.15
3.25
3.5
1.285
1.333
1.68
1.54
2.52
1.7
2.18
2
3.35
3.85
1.25
1.31
1.78
1.45
2.8
1.74
2.12
2.02
3.35
3.8
1.25
1.31
1.76
1.46
2.76
1.71
2.16
2.4
3.2
3.05
1.363
1.333
1.55
1.71
2.16
1.65
2.26
2.4
3.2
3.05
1.363
1.333
1.55
1.71
2.16
1.7
2.18
2.5
3.1
2.98
1.38
1.35
1.51
1.76
2.08
1.65
2.26
2.2
3.2
3.45
1.3
1.333
1.65
1.56
2.46
1.65
2.26
2
3.4
3.8
1.25
1.3
1.78
1.46
2.76
1.75
2.1
2.65
3.1
2.8
1.42
1.35
1.46
1.86
1.96
1.7
2.18
2.5
3.1
2.98
1.38
1.35
1.51
1.76
2.08
1.7
2.18
1.75
3.6
4.8
1.181
1.285
2.04
2.4
1.59
1.8
2.04
2.86
3
2.86
1.46
1.42
1.46
1.96
1.96
1.8
2.15
2.78
3
2.96
1.43
1.42
1.48
1.9
2.02
1.85
2.08
3.6
3.25
2.24
1.69
1.37
1.32
2.55
1.59
1.75
2.22
1.8
3.65
4.95
1.2
1.31
2.08
1.333
3.7
1.96
1.96
2.5
3.2
3.15
1.39
1.38
1.571
1.76
2.22
1.75
2.22
1.45
4.5
8.4
1.09
1.23
2.88
1.75
2.22
1.96
1.96
1.85
3.6
4.7
1.222
1.32
2.02
1.363
3.5
1.8
2.15
1.9
3.5
4.55
1.222
1.333
1.96
1.39
3.3
1.75
2.22
1.9
3.4
4.5
1.222
1.333
1.93
2.72
1.51
1.7
2.26
2.3
3.2
3.4
1.333
1.363
1.64
1.63
2.4
1.571
2.54
2.6
3.1
2.98
1.41
1.39
1.51
1.82
2.08
1.6
2.46
2.1
3.3
3.8
1.285
1.35
1.76
1.51
2.72
1.6
2.46
2
3.4
4.05
1.25
1.333
1.833
2.92
1.45
1.6
2.46
2.45
3.2
3.125
1.38
1.363
1.571
1.727
2.22
1.6
2.46
1.75
3.4
5.7
1.153
1.333
2.12
2.4
1.63
1.7
2.26
3.3
3.2
2.35
1.615
1.363
1.35
2.34
1.66
1.571
2.54
2.1
3.3
3.8
1.285
1.35
1.76
1.51
2.72
1.7
2.26
2.3
3.2
3.4
1.333
1.363
1.64
1.63
2.4
1.7
2.26
2.45
3.2
3.125
1.38
1.363
1.571
1.727
2.22
1.75
2.18
1.2
7.4
17
1.03
1.125
5.1
2.08
1.87
2.46
1.64
2.18
3.3
3.8
1.3
1.37
1.75
1.55
2.7
1.74
2.26
2.18
3.3
3.8
1.3
1.37
1.75
1.55
2.7
1.85
2.1
2.1
3.4
3.9
1.3
1.363
1.8
1.51
2.84
1.78
2.2
4.1
3.4
2.05
1.84
1.363
1.27
2.95
1.48
1.72
2.3
1.181
8.2
17
1.03
1.1
5.4
1.89
2.05
2.8
1.52
2.5
3.4
3
1.43
1.363
1.58
1.81
2.16
1.82
2.14
2.24
3.4
3.5
1.34
1.363
1.71
1.615
2.52
1.78
2.2
3.15
3.45
2.3
1.64
1.333
1.38
2.3
1.68
1.94
1.94
2
3.45
3.95
1.26
1.333
1.833
2.85
1.47
1.94
1.94
2.05
3.45
3.8
1.285
1.333
1.79
1.49
2.78
1.94
1.94
2.98
3.35
2.45
1.571
1.34
1.41
2.15
1.77
1.8
2.1
2.1
3.5
3.55
1.31
1.32
1.76
1.54
2.62
1.96
1.92
2.1
3.35
3.75
1.285
1.34
1.76
1.51
2.72
1.85
2.04
5
3.7
1.82
2.05
1.3
1.19
1.615
2.52
1.85
2.1
1.91
3.7
4.4
1.23
1.3
1.93
2.68
1.56
2.14
1.82
1.35
5.1
12
1.045
1.181
3.3
2.08
1.87
1.99
1.952
3.8
3.3
2.2
1.7
1.35
1.285
2.7
1.55
1.85
2.1
2.8
3.3
2.8
1.46
1.35
1.46
1.97
1.97
1.7
2.34
2.625
3.45
2.86
1.444
1.333
1.51
1.89
2.06
1.85
2.1
1.32
5.7
12
1.045
1.153
3.5
1.98
1.96
1.98
1.96
1.615
3.85
7.1
1.111
1.285
2.36
2.1
1.85
1.85
2.1
2
3.5
4.25
1.24
1.32
1.85
2.875
1.5
1.8
2.18
8
4.1
1.533
2.56
1.26
1.09
2
1.94
1.952
1.99
1.84
3.65
4.95
1.19
1.3
2
2.58
1.59
1.87
2.08
1.32
5.5
13
1.036
1.166
3.5
2.06
1.89
1.96
1.98
2.36
3.35
3.35
1.35
1.35
1.615
1.68
2.38
1.97
1.97
2.1
3.25
3.9
1.27
1.363
1.76
1.5
2.74
1.55
2.58
2.4
3.2
3.2
1.363
1.363
1.59
1.7
2.25
1.5
2.74
2.95
3.3
2.5
1.55
1.35
1.42
2.1
1.8
1.6
2.46
2.6
3.2
2.9
1.43
1.363
1.51
1.85
2.04
1.5
2.74
1.55
3.9
7.1
1.111
1.27
2.5
2
1.88
1.6
2.46
2.15
3.3
3.65
1.3
1.35
1.727
1.55
2.58
1.6
2.46
1.5
4.05
7.8
1.09
1.25
2.64
1.9
1.98
1.8
2.1
2.35
3.2
3.3
1.35
1.363
1.615
1.65
2.35
1.5
2.74
1.3
5.6
10.5
1.055
1.153
3.65
1.98
1.9
1.9
1.98
1.6
3.8
6.5
1.125
1.285
2.38
2.1
1.8
1.8
2.1
1.52
4.333
6.5
1.125
1.23
2.58
1.92
1.96
1.8
2.1
4.5
3.4
1.9
1.93
1.333
1.222
1.51
2.72
1.65
2.35
1.9
3.4
4.5
1.222
1.333
1.93
2.72
1.51
1.65
2.35
2.2
3.3
3.5
1.32
1.35
1.69
1.58
2.52
1.7
2.26
3.05
3.4
2.4
1.59
1.333
1.4
2.22
1.727
1.77
2.15
3.9
3.5
2
1.833
1.32
1.27
1.45
2.92
1.75
2.18
1.8
3.5
5
1.181
1.32
2.04
2.52
1.58
1.75
2.18
3.3
3.5
2.2
1.69
1.32
1.35
2.42
1.615
1.85
2.04
1.9
3.5
4.35
1.23
1.32
1.93
2.72
1.51
1.6
2.46
3.75
3.75
1.9
1.87
1.26
1.26
2.8
1.45
2.8
1.45
2.6
3.75
2.45
1.533
1.26
1.48
1.97
1.85
2.8
1.45
2.25
3.55
3
1.37
1.285
1.615
1.66
2.25
2.1
1.75
1.55
4.1
5.9
1.125
1.222
2.4
1.97
1.85
2.375
1.6
1.5
4.3
6.3
1.111
1.21
2.54
1.85
1.97
2.375
1.6
2.25
3.55
3
1.37
1.285
1.615
1.66
2.25
2.1
1.75
1.2
6.7
13
1.015
1.1
4.35
1.65
2.26
2.8
1.45
2.45
3.75
2.6
1.48
1.26
1.533
1.85
1.97
2.8
1.45
2.68
3
2.84
1.41
1.37
1.45
1.86
1.96
1.75
2.1
1.65
3.9
5.1
1.153
1.24
2.2
2.1
1.75
1.8
2.04
1.32
5.3
8.9
1.055
1.143
3.3
1.91
1.91
1.96
1.86
3.25
3.25
2.25
1.615
1.333
1.333
2.34
1.615
1.7
2.18
3.75
3.3
2.05
1.74
1.32
1.26
2.7
1.48
1.7
2.18
2.6
3
2.94
1.39
1.37
1.48
1.8
2.04
1.75
2.1
1.5
4.25
6.4
1.111
1.21
2.54
1.88
1.94
1.91
1.91
1.7
3.8
4.85
1.166
1.25
2.12
2.28
1.64
1.75
2.1
1.9
3.4
4.2
1.222
1.3
1.87
1.39
3.05
1.7
2.18
1.78
3.6
4.6
1.181
1.285
2
2.42
1.58
2.375
1.6
2.45
3.4
2.8
1.42
1.3
1.533
1.79
2.05
2.15
1.72
3
3.4
2.32
1.59
1.3
1.37
2.2
1.69
2.375
1.6
2.2
3.4
3.25
1.333
1.3
1.65
1.6
2.375
2.04
1.8
5.3
3.8
1.65
2.2
1.25
1.143
1.75
2.1
2.15
1.72
1.46
4.4
6.8
1.095
1.2
2.66
1.79
2.05
2.35
1.61
2.58
3.45
2.86
1.47
1.35
1.55
1.87
2.08
1.7
2.34
2.35
3.5
3.2
1.39
1.34
1.65
1.71
2.32
1.615
2.52
5.1
3.5
1.833
2.06
1.34
1.2
1.59
2.58
1.72
2.3
1.41
4.85
9
1.085
1.21
3.1
1.71
2.32
1.87
2.08
46
19
1.05
13
1.022
0
2.1
1.85
2.7
1.55
3.25
3.7
2.24
1.71
1.32
1.38
2.4
1.666
1.85
2.1
1.05
21
41
0
1.017
13
1.8
2.18
2.1
1.85
1.2
8
15
1.036
1.111
5.1
1.94
2
1.97
1.97
1.5
4.5
7.3
1.125
1.24
2.75
1.86
2.1
1.7
2.34
2.55
3.6
2.82
1.48
1.333
1.571
1.88
2.08
1.85
2.1
1.38
4.9
10.5
1.07
1.21
3.25
2.2
1.79
1.92
2.02
1.07
17
31
1.001
1.03
10.5
1.7
2.34
2.7
1.55
2.3
3.35
3.4
1.363
1.363
1.68
1.65
2.44
1.7
2.34
20
8.4
1.166
5.8
1.095
1.019
2.1
1.85
2.56
1.6
1.065
14
67
0
1.04
11
2.15
1.82
1.65
2.44
1.45
4.65
8.3
1.1
1.23
2.92
2.36
1.69
2.44
1.65
1.25
6.3
15
1.036
1.153
4.333
1.85
2.1
2.2
1.79
2.1
3.4
3.9
1.3
1.363
1.8
1.51
2.84
1.75
2.25
1.8
3.6
5.2
1.19
1.333
2.1
2.48
1.63
1.76
2.24
4.6
3.8
1.833
2.06
1.3
1.23
1.6
2.56
1.99
1.952
1.76
3.9
4.95
1.21
1.3
2.16
2.4
1.666
1.97
1.97
5.1
3.85
1.75
2.18
1.3
1.2
1.68
2.38
1.9
2.04
26
13
1.1
8.2
1.05
1.008
1.78
2.2
2.875
1.5
1.98
3.6
4.1
1.27
1.333
1.9
2.875
1.5
1.666
2.4
1.2
7.2
19
1.022
1.125
5.1
1.99
1.952
2.3
1.72
1.99
3.45
4.3
1.25
1.35
1.89
2.95
1.48
1.78
2.2
1.77
3.65
5.4
1.181
1.32
2.15
2.44
1.65
1.77
2.22
2.1
3.45
3.85
1.3
1.35
1.8
1.52
2.8
1.75
2.25
17
7.5
1.153
5.1
1.075
0
2.18
1.7
3
1.4
1.23
6.7
10.5
1.035
1.095
4
1.71
2.16
2.96
1.41
3.55
3.4
2.15
1.727
1.333
1.31
2.56
1.56
2.25
1.7
1.69
3.7
5.6
1.153
1.3
2.2
2.22
1.727
2.52
1.58
5.6
3.75
1.68
2.22
1.285
1.153
1.727
2.22
2.48
1.59
1.63
3.8
6
1.143
1.285
2.32
2.12
1.79
2.42
1.615
1.363
4.65
10.5
1.055
1.21
3.2
1.93
1.952
2.42
1.615
1.88
3.6
4.333
1.23
1.3
1.952
2.62
1.54
2.1
1.8
2.4
3.55
2.78
1.43
1.285
1.55
1.78
2.06
2.375
1.6
3.6
3.55
2
1.78
1.285
1.285
2.66
1.49
2.375
1.6
4.05
3.55
1.952
1.88
1.31
1.25
2.95
1.444
2.35
1.65
1.615
4
6.4
1.143
1.285
2.42
2.1
1.85
1.98
1.96
2.1
3.45
3.85
1.3
1.35
1.8
1.52
2.8
1.85
2.1
2.3
3.4
3.35
1.363
1.363
1.68
1.66
2.42
2.04
1.9
2.16
3.45
3.65
1.32
1.35
1.76
1.571
2.64
1.92
2.02
2.16
3.5
3.6
1.333
1.34
1.76
1.58
2.62
2.04
1.9
2.22
3.45
3.5
1.34
1.35
1.72
1.61
2.54
2
1.94
1.909
3.85
4.15
1.27
1.3
1.97
2.68
1.56
2
1.94
1.9
4
4
1.285
1.285
1.98
2.68
1.56
2.02
1.92
3.95
3.65
2
1.88
1.32
1.285
2.95
1.48
1.9
2.04
2.6
3.2
2.76
1.43
1.333
1.48
1.85
1.97
1.952
1.87
1.75
3.7
5
1.181
1.3
2.12
1.31
3.75
1.94
1.94
2.6
3.3
2.82
1.45
1.35
1.51
1.86
2.02
1.92
1.96
1.43
4.6
7.9
1.09
1.21
2.9
1.74
2.2
2.25
1.7
2.56
3.3
2.86
1.444
1.35
1.533
1.84
2.05
1.94
1.94
1.5
4.1
7.6
1.095
1.25
2.64
1.89
1.99
1.8
2.1
4.8
3.8
1.75
2.12
1.285
1.2
3.65
1.32
2.1
1.8
2.46
3.3
3
1.41
1.35
1.571
1.76
2.16
1.88
2
3.7
3.5
2.05
1.79
1.32
1.3
2.7
1.51
2.02
1.86
2.34
3.3
3.2
1.363
1.35
1.615
1.68
2.3
1.88
2
1.87
3.7
3.95
1.24
1.27
1.9
2.66
1.49
1.61
2.35
2.06
3.1
4
1.23
1.35
1.74
1.444
2.82
1.84
1.99
1.533
4.1
6.2
1.111
1.222
2.44
1.96
1.86
1.8
2.04
1.91
3.5
4.5
1.23
1.333
1.952
1.4
3.25
1.666
2.38
13
6
1.27
4
1.153
1.045
2.14
1.81
2.58
1.58
1.63
3.8
6.4
1.143
1.3
2.36
2.15
1.8
1.78
2.18
1.75
3.6
5.5
1.181
1.32
2.15
1.285
4.1
1.71
2.3
1.68
3.7
6
1.153
1.31
2.26
2.26
1.727
1.63
2.45
6
3.9
1.64
2.34
1.285
1.153
1.79
2.16
1.96
1.96
1.19
7.3
18
1.02
1.111
5.1
2.04
1.88
2.28
1.72
2.75
3.3
2.75
1.49
1.363
1.49
1.96
1.96
1.74
2.24
1.5
4.5
7
1.125
1.23
2.7
1.88
2.04
1.96
1.96
3.45
3.3
2
1.68
1.26
1.24
2.54
1.48
1.7
2.08
2.2
3.2
3.05
1.3
1.285
1.56
1.61
2.22
1.65
2.16
1.8
3.4
4.1
1.181
1.25
1.85
1.34
3.1
1.65
2.16
2.3
3.2
2.9
1.333
1.285
1.51
1.68
2.1
1.65
2.16
1.75
3.4
4.4
1.153
1.25
1.909
1.31
3.25
1.7
2.08
2.4
3.2
2.75
1.363
1.285
1.47
1.75
2
1.65
2.16
2.1
3.2
3.3
1.26
1.285
1.61
1.533
2.4
1.65
2.16
1.88
3.55
4.1
1.222
1.285
1.89
2.66
1.49
1.75
2.1
2.1
3.3
3.6
1.285
1.32
1.71
1.51
2.6
1.85
1.97
1.4
4.4
8.6
1.06
1.2
2.88
1.7
2.18
1.7
2.18
6.7
3.9
1.533
2.44
1.24
1.095
1.86
1.96
1.6
2.375
1.38
4.55
8.8
1.055
1.19
2.96
1.65
2.26
1.76
2.08
4.6
3.7
1.75
2.04
1.27
1.181
1.6
2.375
2.04
1.8
2.06
3.3
3.7
1.27
1.32
1.74
1.49
2.66
1.81
2.02
1.38
4.55
8.8
1.055
1.19
2.96
2.2
1.69
2.04
1.8
2.98
3.5
2.375
1.6
1.32
1.41
2.2
1.74
2.26
1.7
4.15
3.6
1.909
1.92
1.3
1.25
1.533
2.64
2.62
1.54
1.65
4
5.4
1.166
1.26
2.28
2.16
1.76
2.18
1.75
1.333
5.5
9.1
1.07
1.166
3.4
2
1.88
2.62
1.54
2.25
3.5
3.2
1.363
1.32
1.666
1.65
2.35
2.35
1.65
3.95
3.6
1.952
1.88
1.3
1.26
1.49
2.78
2.06
1.833
1.72
3.75
5.2
1.181
1.285
2.16
2.3
1.68
1.89
1.99
3.05
3.4
2.4
1.59
1.333
1.4
2.22
1.727
1.96
1.92
2.38
3.55
2.94
1.42
1.31
1.6
1.75
2.18
1.92
1.96
4.15
3.75
1.87
1.96
1.285
1.25
1.55
2.6
2.08
1.82
2.3
2.9
3.8
1.285
1.43
1.64
1.56
2.56
1.79
2.12
2.88
3
2.76
1.47
1.41
1.43
1.98
1.9
1.89
1.99
3
3.25
2.6
1.55
1.38
1.43
2.12
1.84
1.69
2.36
3
3.25
2.6
1.55
1.38
1.43
2.12
1.84
1.72
2.3
1.26
6
15
1.036
1.166
4.2
1.81
2.16
2.25
1.75
2.4
3.3
3.25
1.38
1.37
1.63
1.71
2.32
1.65
2.44
2.05
3.35
4.2
1.26
1.363
1.84
2.98
1.47
1.68
2.38
1.52
4.2
7.7
1.111
1.26
2.68
1.92
2.02
1.75
2.25
2.45
3.15
3.35
1.363
1.4
1.61
1.7
2.34
1.6
2.56
2.68
3.15
2.98
1.444
1.4
1.52
1.87
2.08
1.65
2.44
2.15
3.25
3.95
1.285
1.38
1.77
1.52
2.8
1.68
2.38
3.25
3.15
2.5
1.58
1.4
1.38
2.26
1.74
1.615
2.52
6.4
3.8
1.65
2.35
1.3
1.143
1.8
2.18
1.9
2.04
2.44
3.3
3.2
1.39
1.37
1.61
1.74
2.26
1.75
2.25
1.75
3.6
5.7
1.166
1.333
2.18
2.38
1.68
1.85
2.1
2.3
3.2
3.6
1.333
1.39
1.68
1.615
2.52
1.7
2.34
2.64
3.2
3
1.43
1.39
1.533
1.85
2.1
1.68
2.38
1.35
4.95
12
1.055
1.21
3.45
2.04
1.9
1.9
2.04
2.05
3.4
4.1
1.27
1.363
1.84
2.98
1.47
1.7
2.34
2.02
3.4
4.2
1.26
1.363
1.87
1.46
3.05
1.7
2.34
2.86
3.2
2.75
1.5
1.39
1.47
2.02
1.93
1.75
2.25
1.666
3.6
6.8
1.133
1.333
2.32
2.22
1.77
1.8
2.18
3.8
3.35
2.16
1.76
1.363
1.3
2.74
1.54
1.8
2.18
2.5
3.2
3.2
1.39
1.39
1.58
1.75
2.25
1.7
2.34
2.3
3.2
3.6
1.333
1.39
1.68
1.615
2.52
1.75
2.25
2
3.3
4.35
1.24
1.363
1.86
1.43
3.125
1.75
2.22
2.1
3.2
4.1
1.26
1.38
1.78
1.48
2.9
1.79
2.16
2.15
3.2
3.95
1.285
1.38
1.75
1.51
2.8
1.7
2.32
3.2
3.2
2.46
1.59
1.38
1.38
2.26
1.727
1.75
2.22
2.6
3.15
3.05
1.41
1.39
1.533
1.81
2.14
1.65
2.42
2.1
3.25
4.05
1.27
1.37
1.78
1.49
2.86
1.68
2.35
2.1
3.25
4.05
1.27
1.37
1.78
1.49
2.86
1.72
2.28
2.3
3.15
3.6
1.32
1.39
1.66
1.61
2.5
1.65
2.42
3.05
3.2
2.55
1.55
1.38
1.41
2.15
1.8
1.68
2.35
2
3.25
4.5
1.23
1.37
1.86
1.42
3.15
1.615
2.5
1.78
3.45
4.9
1.166
1.3
2
2.46
1.56
1.65
2.26
2.28
3.15
3.3
1.32
1.34
1.6
1.615
2.34
1.64
2.28
2.22
3.2
3.4
1.3
1.333
1.64
1.58
2.42
1.6
2.375
2
3.3
3.9
1.24
1.32
1.78
2.92
1.42
1.63
2.3
2.05
3.15
3.95
1.24
1.34
1.74
3
1.4
1.571
2.44
2.35
3.125
3.2
1.333
1.35
1.571
1.66
2.25
1.55
2.5
2.44
3.05
3.125
1.35
1.363
1.533
1.7
2.18
1.64
2.28
2.22
3.125
3.45
1.3
1.35
1.64
1.571
2.44
1.571
2.44
2.45
3.05
3.1
1.35
1.363
1.533
1.71
2.16
1.64
2.28
1.39
4.5
8.8
1.055
1.19
2.92
1.68
2.22
1.952
1.87
2.35
3.3
3.05
1.363
1.32
1.571
1.69
2.2
1.89
1.93
2.2
3.3
3.35
1.31
1.32
1.65
1.58
2.42
1.68
2.22
10
4.55
1.363
3.05
1.19
1.04
1.727
2.14
2.05
1.79
1.68
3.7
5.2
1.153
1.27
2.14
2.24
1.666
1.87
1.952
2.55
3.2
2.82
1.41
1.333
1.49
1.82
2.02
2.1
1.75
2.76
3.2
2.6
1.48
1.333
1.43
1.97
1.85
1.75
2.1
2.5
3.2
2.9
1.4
1.333
1.51
1.78
2.06
1.8
2.04
1.26
6.1
10
1.04
1.125
3.75
1.82
2.02
2.18
1.7
1.4
4.5
8.2
1.065
1.19
2.88
2.26
1.65
2.04
1.8
2.5
3.2
2.9
1.4
1.333
1.51
1.78
2.06
1.88
1.94
1.68
3.8
5
1.166
1.25
2.14
2.24
1.666
1.97
1.85
2.24
3.3
3.25
1.333
1.32
1.63
1.615
2.34
1.75
2.1
1.63
3.8
5.5
1.143
1.25
2.24
2.12
1.74
2
1.833
2.16
3.3
3.4
1.3
1.32
1.666
1.56
2.46
1.7
2.18
1.72
3.7
4.85
1.166
1.27
2.08
2.3
1.63
2.1
1.75
1.9
3.45
4.15
1.222
1.3
1.87
2.7
1.48
1.91
1.91
1.666
3.75
5.2
1.153
1.26
2.16
2.2
1.69
1.91
1.91
7.7
4.45
1.48
2.78
1.23
1.111
2.12
1.82
2.46
1.63
4.15
3.7
1.92
1.94
1.31
1.26
1.52
2.76
1.75
2.22
1.7
4.2
4.9
1.2
1.25
2.24
2.24
1.74
2.42
1.65
2
3.6
3.95
1.285
1.32
1.86
2.86
1.49
2.24
1.74
1.51
4.45
6.9
1.125
1.23
2.68
1.88
2.05
2.32
1.7
6.2
4.3
1.571
2.5
1.25
1.143
1.92
2
2.44
1.64
1.5
4.5
7
1.125
1.23
2.7
1.87
2.06
2.05
1.88
2.45
3.25
3.2
1.38
1.37
1.59
1.727
2.26
2
1.92
1.74
3.8
4.9
1.19
1.285
2.12
2.35
1.65
2
1.88
3.05
3.3
2.44
1.571
1.35
1.4
2.18
1.75
2
1.88
2.7
3.3
2.7
1.48
1.35
1.48
1.94
1.94
1.98
1.9
2.18
3.35
3.5
1.32
1.34
1.71
1.571
2.54
2.02
1.86
2.2
3.35
3.45
1.333
1.34
1.69
1.59
2.48
2.05
1.84
2.38
3.3
3.15
1.38
1.35
1.6
1.7
2.26
2.1
1.8
2.02
3.4
3.95
1.26
1.333
1.82
1.47
2.85
1.94
1.94
2.65
3.35
2.74
1.47
1.34
1.5
1.909
1.97
2.02
1.87
3.25
3.35
2.3
1.64
1.34
1.363
2.34
1.66
2.14
1.78
1.45
4.6
7.4
1.1
1.21
2.82
1.75
2.18
3
1.43
1.65
4
5.4
1.166
1.26
2.28
2.16
1.76
2.26
1.7
2.2
3.5
3.3
1.35
1.32
1.69
1.615
2.42
2.35
1.65
1.43
4.6
8
1.085
1.21
2.9
1.72
2.22
2.92
1.45
3.55
3.45
2.2
1.74
1.35
1.333
2.58
1.59
1.97
1.97
3.65
3.35
2.2
1.74
1.363
1.32
2.62
1.58
1.88
2.08
3.3
3.45
2.3
1.68
1.35
1.37
2.4
1.666
1.88
2.08
2.3
3.4
3.35
1.363
1.363
1.68
1.66
2.42
2.3
1.72
1.35
5.7
9.1
1.085
1.166
3.45
1.97
1.97
2.25
1.75
2.65
3.45
2.78
1.49
1.35
1.533
1.92
2.02
1.97
1.97
1.38
5.2
9.2
1.085
1.19
3.25
1.99
1.952
2.38
1.68
2.15
3.4
3.75
1.31
1.363
1.77
1.55
2.7
2.25
1.75
2.5
3.4
2.875
1.444
1.333
1.55
1.81
2.1
2.1
1.8
2.3
3.5
3.125
1.38
1.32
1.64
1.68
2.3
1.98
1.9
2.2
3.4
3.4
1.333
1.333
1.69
1.6
2.46
2.35
1.65
1.5
4.05
7.8
1.09
1.25
2.64
2.48
1.59
2.6
1.55
2.55
3.4
2.82
1.45
1.333
1.533
1.85
2.04
2.46
1.6
2.35
3.5
3.05
1.4
1.32
1.615
3.55
1.333
2.35
1.65
3.45
3.65
2.1
1.76
1.3
1.333
1.42
3.05
2.46
1.6
3.7
3.6
2.02
1.82
1.3
1.3
1.45
2.92
2.18
1.75
10.5
5.3
1.35
3.45
1.19
1.07
2.64
1.571
2.34
1.7
1.9
3.85
4.15
1.27
1.3
1.98
2.68
1.56
1.99
1.952
1.86
3.65
4.65
1.23
1.32
2.02
2.58
1.59
1.99
1.952
2.08
3.55
3.8
1.3
1.333
1.82
3.1
1.45
1.82
2.14
3.2
3.5
2.35
1.65
1.34
1.39
2.32
1.71
2
1.94
4.05
3.45
2.05
1.84
1.35
1.285
2.95
1.48
1.833
2.12
2.4
3.5
2.8
1.42
1.285
1.55
1.77
2.08
2.56
1.52
1.75
3.8
4.45
1.2
1.25
2.04
2.34
1.615
2.625
1.5
1.87
3.6
4.05
1.23
1.285
1.9
1.4
3
2.26
1.65
2.66
3.4
2.58
1.48
1.3
1.46
1.94
1.88
2.375
1.6
1.166
7.5
15
1.005
1.075
4.9
1.88
1.94
3.6
1.3
2.7
3.4
2.54
1.5
1.3
1.444
1.97
1.85
2.26
1.65
3.15
3.5
2.2
1.65
1.285
1.34
2.34
1.615
2.48
1.55
2.65
3.4
2.58
1.48
1.3
1.46
1.94
1.88
2.34
1.615
2.8
3.4
2.45
1.533
1.3
1.42
2.05
1.79
2.48
1.55
2.58
3.4
2.66
1.46
1.3
1.48
1.88
1.94
2.44
1.571
3.75
3.5
2.05
1.79
1.32
1.285
2.75
1.5
1.87
2.02
1.75
3.8
4.85
1.19
1.285
2.12
2.35
1.65
2.35
1.65
2.05
3.5
3.75
1.285
1.32
1.79
1.5
2.75
2.54
1.571
2.4
3.5
2.95
1.42
1.32
1.59
1.76
2.16
2.02
1.87
2.1
3.5
3.55
1.31
1.32
1.76
3.05
1.42
2.1
1.8
2.75
3.6
2.4
1.55
1.285
1.43
2.05
1.79
2.15
1.72
8.4
5.5
1.32
3.3
1.143
1.06
1.833
1.99
2.375
1.6
1.58
3.95
5.8
1.125
1.24
2.34
2.05
1.79
1.85
1.97
1.333
5
9.2
1.05
1.166
3.2
2.02
1.81
2.625
1.5
3.95
3.7
1.87
1.9
1.27
1.24
2.96
1.41
2.04
1.8
1.97
3.2
4.2
1.222
1.333
1.8
1.4
3
1.75
2.1
1.85
3.5
4.3
1.21
1.285
1.92
2.6
1.51
1.6
2.375
1.31
4.85
14
1.027
1.19
3.55
1.9
1.98
1.86
2.02
1.54
3.85
7.5
1.095
1.285
2.52
1.92
1.96
1.74
2.2
1.54
4.05
6.9
1.111
1.25
2.52
1.97
1.91
1.78
2.14
3.1
3.4
2.44
1.61
1.363
1.41
2.24
1.76
1.92
2.02
2.34
3.5
3.2
1.39
1.34
1.66
1.7
2.34
2.06
1.89
3.15
3.35
2.44
1.61
1.363
1.4
2.25
1.75
2.12
1.833
2.14
3.6
3.55
1.333
1.333
1.77
1.58
2.62
2.16
1.81
1.363
5.3
9.8
1.075
1.19
3.35
2.08
1.87
2.7
1.55
5.1
3.9
1.75
2.18
1.3
1.2
1.7
2.34
2.26
1.74
2.04
3.65
3.8
1.3
1.32
1.85
1.51
2.84
2.12
1.833
3.2
3.5
2.35
1.65
1.34
1.39
2.32
1.71
2.12
1.833
2.7
3.6
2.64
1.533
1.333
1.51
1.99
1.952
2.4
1.666
2.48
3.3
2.98
1.41
1.35
1.56
1.78
2.14
1.85
2.04
3.05
3.3
2.45
1.571
1.35
1.4
2.18
1.75
1.87
2.02
1.9
3.6
4.2
1.24
1.3
1.93
2.68
1.52
1.89
1.99
3.2
3.3
2.35
1.615
1.35
1.363
2.3
1.68
1.82
2.08
2.4
3.3
3.1
1.39
1.35
1.59
1.72
2.22
1.8
2.1
1.76
3.65
5
1.181
1.3
2.1
2.4
1.63
2.05
1.84
1.86
3.6
4.4
1.222
1.3
1.97
2.6
1.55
1.85
2.04
1.72
3.75
5.2
1.181
1.285
2.16
2.3
1.68
1.94
1.94
1.43
4.3
9.1
1.07
1.23
2.9
1.74
2.2
2.14
1.78
1.38
4.85
9
1.07
1.19
3.125
2.12
1.79
2.6
1.55
5.4
4.4
1.55
2.4
1.2
1.143
1.85
1.97
1.91
1.91
20
12
1.08
7.4
1.022
0
1.91
1.91
2.625
1.5
6.4
4.7
1.45
2.68
1.181
1.111
2.08
1.77
2.375
1.6
1.85
4
3.75
1.26
1.23
1.92
2.6
1.51
1.97
1.85
6.3
4.65
1.46
2.66
1.181
1.111
2.02
1.81
1.8
2.04
2
4.3
3.05
1.363
1.21
1.78
1.58
2.42
2.1
1.75
31
8.5
1.1
6.6
1.06
0
1.91
1.91
1.8
2.04
1.5
4.5
5.9
1.125
1.19
2.54
1.89
1.93
1.8
2.04
1.65
4
4.95
1.166
1.23
2.2
2.18
1.7
1.91
1.91
10
5.3
1.3
3.4
1.143
1.04
1.9
1.92
1.8
2.04
1.3
5.5
9.3
1.05
1.143
3.4
1.94
1.88
1.6
2.375
1.07
11
31
0
1.03
7.9
1.5
2.625
2.625
1.5
