2.3
3.5
3.125
1.38
1.32
1.64
1.68
2.3
2.15
1.77
2.78
3.55
2.5
1.55
1.31
1.46
2.05
1.84
2.1
1.8
2.56
3.85
2.56
1.533
1.285
1.533
1.94
1.94
2.02
1.86
2.45
3.5
2.875
1.444
1.32
1.571
1.8
2.1
1.94
1.94
2.55
3.55
2.72
1.48
1.31
1.533
1.88
2
1.58
2.52
2.58
3.75
2.58
1.52
1.285
1.52
1.94
1.94
2.02
1.86
2.62
3.6
2.62
1.51
1.3
1.51
1.94
1.94
1.72
2.22
2.5
3.5
2.8
1.45
1.32
1.55
1.833
2.06
2.1
1.8
2.65
3.35
2.74
1.47
1.34
1.5
1.909
1.97
1.85
2.04
2.45
3.25
3.05
1.4
1.363
1.571
1.75
2.18
1.63
2.4
2.9
3.2
2.6
1.51
1.363
1.43
2.05
1.84
1.52
2.68
2.3
3.8
2.9
1.43
1.285
1.64
1.74
2.2
1.93
1.952
2.5
3.4
2.875
1.444
1.333
1.55
1.81
2.1
2.04
1.85
2.62
3.6
2.62
1.51
1.3
1.51
1.94
1.94
1.952
1.93
2.88
3.3
2.55
1.533
1.35
1.43
2.06
1.833
1.63
2.4
2.78
3.45
2.55
1.533
1.333
1.46
2.02
1.86
2.06
1.833
2.6
3.45
2.72
1.48
1.333
1.51
1.9
1.98
2.1
1.81
2.52
3.35
2.88
1.43
1.34
1.54
1.82
2.08
1.727
2.22
2.82
3.55
2.46
1.571
1.31
1.45
2.08
1.82
1.74
2.2
2.84
3.2
2.66
1.49
1.363
1.444
2
1.88
1.64
2.375
2.58
3.5
2.72
1.48
1.32
1.52
1.89
1.99
2.04
1.85
2.2
3.5
3.3
1.35
1.32
1.69
1.615
2.42
2.1
1.8
1.9
3.5
4.05
1.23
1.285
1.87
2.625
1.5
2.18
1.7
2.4
3.3
2.95
1.38
1.32
1.55
1.727
2.14
1.77
2.08
2.1
3.45
3.4
1.3
1.3
1.71
1.54
2.52
2.02
1.82
2.78
3.45
2.45
1.533
1.3
1.43
2.04
1.8
1.91
1.91
2.4
3.3
2.95
1.38
1.32
1.55
1.727
2.14
1.82
2.02
4.65
3.6
1.91
1.97
1.333
1.23
3.4
1.4
2.22
1.79
1.31
5.9
12
1.055
1.166
3.75
1.93
2.04
2.45
1.66
1.56
4.333
7
1.125
1.25
2.56
2.05
1.91
2.25
1.77
2.22
3.4
3.7
1.32
1.363
1.72
1.58
2.65
1.8
2.2
1.6
4.25
6.5
1.143
1.26
2.46
2.05
1.91
2.1
1.87
1.27
6.2
15
1.036
1.153
4.1
1.81
2.18
2.4
1.68
1.47
4.45
9
1.085
1.24
2.85
1.79
2.22
2.08
1.89
5.8
3.9
1.71
2.24
1.3
1.166
1.76
2.26
2.15
1.833
4.35
3.6
1.97
1.91
1.333
1.25
1.52
2.84
1.94
2.02
2.75
3.4
2.8
1.48
1.363
1.5
1.96
2
1.86
2.12
7.5
4.35
1.533
2.64
1.25
1.125
2.08
1.89
2.26
1.76
3.4
3.45
2.32
1.666
1.35
1.363
2.44
1.666
1.86
2.12
1.4
5.1
9.7
1.08
1.2
3.15
2.18
1.81
2.375
1.7
1.31
5.9
12
1.055
1.166
3.75
1.93
2.04
2.375
1.7
2.12
3.35
4.1
1.27
1.363
1.79
1.5
2.92
1.86
2.12
1.88
3.65
4.8
1.222
1.32
2
1.38
3.5
2
1.96
2.4
3.3
3.4
1.363
1.37
1.63
1.69
2.38
1.94
2.02
1.94
3.55
4.55
1.23
1.333
1.94
1.41
3.35
1.81
2.18
1.363
5.5
10
1.075
1.181
3.35
2.12
1.86
1.98
1.98
2.28
3.35
3.6
1.333
1.363
1.69
1.615
2.56
2.14
1.85
6
3.6
1.75
2.18
1.333
1.166
1.71
2.35
2.04
1.92
1.72
3.7
6.1
1.153
1.32
2.22
2.3
1.74
1.94
2.02
2.15
3.45
3.85
1.3
1.35
1.77
1.54
2.78
1.92
2.04
1.24
6.8
16
1.035
1.133
4.45
1.7
2.375
2.44
1.666
2.68
3.25
3
1.43
1.38
1.52
1.87
2.1
1.72
2.34
6.2
3.85
1.68
2.3
1.3
1.153
1.79
2.22
2.14
1.84
2.12
3.35
4.1
1.27
1.363
1.79
1.5
2.92
1.79
2.22
2.2
3.4
3.75
1.31
1.363
1.74
1.571
2.68
2.26
1.76
2.3
3.35
3.55
1.333
1.363
1.68
1.63
2.52
2.2
1.8
2.72
3.3
2.9
1.46
1.37
1.51
1.92
2.04
1.88
2.1
2.6
3.5
2.82
1.48
1.34
1.55
1.89
2.06
1.85
2.1
3
3.4
2.5
1.58
1.363
1.43
2.16
1.81
2.3
1.727
1.85
3.5
5
1.21
1.34
2.04
2.58
1.59
1.94
2
1.952
3.5
4.4
1.25
1.34
1.93
2.8
1.52
1.96
1.98
2.6
3.4
2.875
1.46
1.363
1.55
1.88
2.08
2.18
1.8
3.95
3.4
2.1
1.8
1.363
1.285
2.84
1.51
1.78
2.2
1.8
3.6
5.2
1.19
1.333
2.1
2.46
1.64
2.1
1.85
4.15
3.5
2
1.88
1.34
1.27
1.49
2.9
1.85
2.1
1.727
3.75
5.6
1.181
1.31
2.22
2.3
1.727
2.34
1.7
1.63
3.8
6.7
1.133
1.3
2.4
2.12
1.833
2.04
1.9
1.91
3.5
4.6
1.23
1.34
1.97
2.68
1.56
2.3
1.727
2.1
3.5
3.8
1.3
1.34
1.8
1.533
2.75
1.85
2.1
3.3
3.5
2.3
1.65
1.32
1.35
2.4
1.66
1.92
2
2.4
3.5
3.1
1.39
1.32
1.6
1.74
2.24
1.92
2
3.6
3.7
2.1
1.77
1.3
1.31
2.66
1.55
2.22
1.75
1.55
4
7.7
1.095
1.26
2.52
1.9
2.02
2.08
1.85
2.45
3.5
3
1.41
1.32
1.58
1.78
2.18
1.96
1.96
4.25
3.75
1.91
1.93
1.3
1.24
1.55
2.66
1.9
2.02
2.2
3.5
3.5
1.32
1.32
1.7
1.6
2.52
1.92
2
1.55
4
7.7
1.095
1.26
2.52
1.952
1.97
2.08
1.85
1.952
3.65
4.2
1.25
1.3
1.89
2.76
1.52
2.08
1.86
2.58
3.5
2.84
1.45
1.32
1.533
1.87
2.06
1.92
2
1.65
4
5.9
1.153
1.26
2.3
2.16
1.79
2.02
1.91
2.2
3.5
3.5
1.32
1.32
1.7
1.6
2.52
1.9
2.02
2.3
3.5
3.3
1.35
1.32
1.65
1.66
2.4
1.99
1.93
2.45
3.5
3
1.41
1.32
1.58
1.78
2.18
1.94
1.98
1.87
3.8
4.4
1.23
1.285
1.97
2.6
1.571
2.05
1.88
1.88
3.7
4.5
1.222
1.3
1.96
2.64
1.56
1.88
2.05
2.1
3.6
3.7
1.3
1.31
1.77
1.533
2.72
1.88
2.05
2.05
3.6
3.85
1.285
1.31
1.81
1.5
2.82
1.82
2.12
2.5
3.5
2.94
1.43
1.32
1.56
1.81
2.14
1.94
1.98
2.15
3.4
3.75
1.3
1.34
1.74
1.54
2.7
1.92
2
1.55
4.05
5
1.125
1.181
2.22
1.98
1.77
2.48
1.5
2
3.6
3.55
1.285
1.285
1.78
2.875
1.43
2.14
1.727
1.5
4.2
6.5
1.1
1.222
2.54
1.86
1.96
2.22
1.68
3.3
3.45
2.15
1.68
1.3
1.32
2.42
1.58
2.1
1.75
2.45
3.5
2.75
1.43
1.285
1.533
1.81
2.02
2.22
1.68
2.45
3.5
2.75
1.43
1.285
1.533
1.81
2.02
2.02
1.82
1.91
3.6
3.9
1.24
1.285
1.86
2.7
1.48
2.02
1.81
1.833
3.6
4.25
1.21
1.285
1.94
2.52
1.54
2.22
1.68
1.61
3.85
5.6
1.133
1.25
2.26
2.08
1.76
2.02
1.82
1.571
3.85
6.2
1.111
1.25
2.35
2.02
1.82
2.14
1.727
2.2
3.5
3.15
1.34
1.285
1.65
1.615
2.34
2.26
1.65
1.85
3.65
4.1
1.222
1.27
1.92
1.39
3.05
2.24
1.666
2.3
3.4
3.05
1.363
1.3
1.59
1.68
2.22
2.02
1.82
2.1
3.5
3.35
1.31
1.285
1.71
1.55
2.48
1.96
1.86
3.75
3.6
1.952
1.82
1.285
1.26
1.45
2.8
1.94
1.88
1.48
4.2
6.9
1.09
1.222
2.6
1.833
2
2.08
1.76
3.05
3.5
2.25
1.615
1.285
1.363
2.25
1.66
2.18
1.7
4.15
3.7
1.833
1.94
1.27
1.222
1.54
2.52
2.14
1.727
2
3.65
3.5
1.285
1.27
1.78
1.5
2.625
2.375
1.6
1.952
3.5
3.85
1.25
1.285
1.82
1.444
2.82
1.99
1.84
3.1
3.55
2.2
1.65
1.285
1.35
2.3
1.63
2.1
1.75
2.15
3.5
3.25
1.333
1.285
1.68
1.59
2.4
2.18
1.7
2.44
3.4
2.82
1.41
1.3
1.533
1.78
2.06
1.952
1.87
3.25
3.4
2.2
1.65
1.3
1.333
2.375
1.6
1.9
1.92
2.45
3.4
2.8
1.42
1.3
1.533
1.79
2.05
2.22
1.68
1.6
4.05
5.4
1.143
1.23
2.3
2.08
1.77
2.14
1.727
2.15
3.5
3.25
1.333
1.285
1.68
1.59
2.4
1.91
1.909
2.88
3.4
2.4
1.55
1.3
1.4
2.1
1.75
1.92
1.9
1.72
3.85
4.6
1.181
1.25
2.08
2.3
1.63
1.94
1.88
2.95
3.4
2.35
1.571
1.3
1.38
2.15
1.72
2.1
1.75
2.4
3.6
2.75
1.43
1.285
1.55
1.79
2.05
2.14
1.727
2.75
3.4
2.5
1.51
1.3
1.43
2.02
1.82
2.375
1.6
2.68
3.6
2.45
1.533
1.285
1.45
1.99
1.833
2.54
1.533
4.05
3.75
1.833
1.94
1.26
1.23
1.54
2.52
2.54
1.533
2.45
3.6
2.68
1.45
1.285
1.533
1.833
1.99
2.08
1.77
2.9
3.6
2.3
1.59
1.285
1.4
2.16
1.71
2.12
1.74
1.7
4
4.55
1.19
1.23
2.12
2.24
1.666
2.54
1.533
3.15
3.6
2.15
1.68
1.285
1.34
2.35
1.61
3
1.4
1.533
4.5
5.4
1.143
1.19
2.44
1.92
1.9
2.8
1.45
1.952
3.6
3.75
1.26
1.285
1.82
2.72
1.47
2.8
1.45
3.3
3.6
2.1
1.71
1.285
1.32
2.46
1.56
3
1.4
2.375
3.6
2.78
1.43
1.285
1.56
1.77
2.08
2.54
1.533
1.45
4.8
6.2
1.111
1.181
2.68
1.77
2.08
2.8
1.45
2.2
3.6
3.05
1.363
1.285
1.65
1.64
2.28
2.34
1.615
2.18
3.1
4.1
1.27
1.41
1.75
1.51
2.84
1.5
2.875
2.06
3.1
4.6
1.23
1.41
1.833
1.43
3.15
1.52
2.8
1.81
3.3
5.9
1.166
1.37
2.1
1.3
4.15
1.615
2.52
2.86
3
2.92
1.45
1.43
1.47
1.952
1.99
1.51
2.84
1.6
3.75
7.5
1.125
1.31
2.46
2.08
1.87
1.7
2.34
1.93
3.15
5.3
1.19
1.4
1.952
1.34
3.7
1.54
2.74
1.79
3.45
5.6
1.181
1.35
2.12
2.48
1.63
1.63
2.5
2.04
3.1
4.7
1.222
1.41
1.85
1.41
3.25
1.56
2.68
2.38
3.05
3.6
1.333
1.42
1.64
1.64
2.46
1.59
2.58
1.9
3.2
5.4
1.181
1.39
1.98
1.333
3.75
1.571
2.65
2.02
3.2
4.25
1.24
1.363
1.82
1.43
3
1.533
2.64
1.46
4.5
8.4
1.095
1.24
2.88
1.8
2.18
1.9
2.05
2.28
3.3
3.5
1.34
1.37
1.69
1.63
2.48
1.69
2.36
2.6
3.3
2.96
1.444
1.37
1.55
1.82
2.15
1.833
2.12
3
3.4
2.52
1.58
1.363
1.43
2.16
1.81
1.92
2.02
3.2
3.45
2.375
1.64
1.35
1.39
2.3
1.72
1.76
2.24
1.91
3.65
4.4
1.25
1.32
1.97
2.75
1.533
1.7
2.34
1.65
3.9
6.1
1.153
1.3
2.35
2.18
1.8
2.04
1.909
3.4
3.4
2.28
1.69
1.363
1.363
1.37
3.5
1.92
2.02
2.04
3.5
4
1.285
1.34
1.85
1.49
2.9
1.9
2.04
2.34
3.3
3.4
1.363
1.37
1.66
1.66
2.42
1.8
2.18
2.3
3.4
3.2
1.363
1.333
1.64
1.666
2.32
1.87
2.02
1.56
4.2
6.2
1.133
1.24
2.48
1.99
1.89
2.04
1.85
2.26
3.45
3.25
1.363
1.333
1.66
3.35
1.363
1.952
1.93
1.4
4.7
8.7
1.075
1.2
3.05
2.22
1.72
2.3
1.68
2.3
3.35
3.25
1.363
1.34
1.64
1.66
2.34
2
1.88
2
3.4
4.05
1.25
1.333
1.833
1.45
2.92
1.98
1.9
2.82
3.35
2.58
1.52
1.34
1.45
2.02
1.86
1.79
2.12
1.72
3.7
5.3
1.166
1.3
2.16
2.3
1.68
2.04
1.85
1.88
3.6
4.3
1.23
1.3
1.952
1.39
3.2
1.8
2.1
1.7
3.8
5.3
1.166
1.285
2.18
2.28
1.69
1.9
1.98
3.6
3.55
2.15
1.77
1.333
1.333
2.64
1.571
2.74
1.54
5.5
3.95
1.69
2.28
1.285
1.181
1.76
2.24
2.12
1.833
1.68
3.9
5.7
1.166
1.3
2.3
2.22
1.77
2.3
1.72
1.125
10.5
23
1.013
1.07
7
1.97
1.97
1.97
1.97
1.23
7.5
13
1.05
1.125
4.6
2.1
1.85
1.94
2
2.02
3.6
3.95
1.285
1.333
1.87
1.49
2.9
2.24
1.76
2.44
3.4
3.1
1.41
1.363
1.61
1.76
2.24
2.2
1.78
2.4
3.4
3.2
1.39
1.363
1.63
1.727
2.3
2.52
1.615
2.45
3.4
3.1
1.41
1.363
1.61
1.76
2.24
2.2
1.78
1.8
3.85
4.75
1.222
1.3
2.1
2.46
1.64
2.08
1.87
1.133
10.5
21
1.017
1.07
6.7
2
1.94
1.94
2
1.58
4.2
6.5
1.143
1.26
2.52
1.97
1.97
2.48
1.63
2.32
3.5
3.25
1.38
1.34
1.666
1.69
2.36
2.4
1.666
1.47
4.5
8.1
1.1
1.24
2.85
2.4
1.666
2.3
1.72
3.9
3.7
2
1.88
1.32
1.3
1.5
2.875
2.52
1.615
1.92
3.9
4.05
1.285
1.3
1.96
2.68
1.56
2.34
1.7
2.42
3.45
3.1
1.41
1.35
1.615
1.75
2.25
2.24
1.76
1.98
3.75
3.95
1.285
1.31
1.9
1.48
2.95
2.38
1.68
1.4
4.7
10
1.075
1.222
3.15
2.2
1.79
2.56
1.6
7
4.2
1.55
2.6
1.26
1.125
1.98
1.96
2.44
1.65
2.6
3.5
2.82
1.48
1.34
1.55
1.89
2.06
2.34
1.7
2.82
3.5
2.6
1.55
1.34
1.48
2.06
1.89
2.3
1.72
2.4
3.5
3.1
1.41
1.34
1.63
1.75
2.25
2.2
1.78
12
5
1.35
3.45
1.21
1.055
1.92
2.02
1.97
1.97
2.3
3.6
3.2
1.39
1.333
1.68
1.69
2.36
2.24
1.76
2.1
3.6
3.7
1.32
1.333
1.8
1.54
2.74
2.1
1.85
2
3.7
3.9
1.3
1.32
1.88
2.875
1.5
2.44
1.65
2.3
3.4
2.75
1.363
1.25
1.51
1.72
2.05
2
1.75
1.85
3.55
3.7
1.21
1.23
1.8
2.56
1.47
2.14
1.66
4.9
4.1
1.55
2.22
1.181
1.125
1.571
2.3
2.28
1.58
2.55
3.55
2.84
1.47
1.333
1.571
1.87
2.08
2.1
1.85
1.75
3.8
5.2
1.19
1.3
2.18
1.32
3.9
2.04
1.9
3.25
3.55
2.3
1.68
1.333
1.38
2.38
1.68
2.1
1.85
1.75
3.75
5.3
1.19
1.31
2.18
2.36
1.69
2.25
1.75
1.75
3.75
5.3
1.19
1.31
2.18
2.34
1.7
2.34
1.7
2.72
3.45
2.72
1.51
1.35
1.51
1.97
1.97
2.1
1.85
3.4
3.55
2.15
1.727
1.31
1.333
2.52
1.58
2.18
1.75
3.4
3.55
2.15
1.727
1.31
1.333
2.52
1.58
2.1
1.8
4.65
3.7
1.8
2.04
1.3
1.21
3.5
1.34
2.75
1.5
2.625
3.55
2.625
1.51
1.31
1.51
1.94
1.94
2.35
1.65
4.65
3.7
1.8
2.04
1.3
1.21
3.5
1.34
2.35
1.65
2.625
3.55
2.625
1.51
1.31
1.51
1.94
1.94
2.26
1.7
1.75
4.15
4.05
1.23
1.222
2.04
2.34
1.615
2.7
1.48
4.05
3.5
1.9
1.87
1.285
1.23
3
1.4
2.1
1.75
3.125
3.3
2.3
1.59
1.32
1.35
2.25
1.66
2.04
1.8
2.5
3.3
2.82
1.41
1.32
1.51
1.8
2.04
2.04
1.8
1.48
4.333
7.4
1.1
1.23
2.7
1.833
2.06
2.15
1.77
1.181
8.2
17
1.03
1.1
5.4
1.92
2.02
2.18
1.8
1.75
3.8
5.2
1.19
1.3
2.18
2.36
1.69
2.25
1.75
15
7.5
1.21
4.9
1.125
1.036
1.92
2.02
1.94
2
5.2
3.8
1.75
2.18
1.3
1.19
1.68
2.38
1.96
1.98
2.28
3.4
3.4
1.363
1.363
1.69
1.65
2.44
1.82
2.15
1.9
3.6
4.5
1.24
1.333
1.98
2.68
1.56
2.1
1.85
1.71
3.85
5.5
1.181
1.3
2.24
2.3
1.727
1.97
1.97
3.25
3.45
2.35
1.65
1.35
1.38
2.34
1.7
1.97
1.97
2.1
3.35
4
1.285
1.363
1.8
1.5
2.875
1.85
2.1
2.4
3.45
3.125
1.41
1.35
1.63
1.74
2.26
2.06
1.89
1.37
5.3
9.5
1.08
1.19
3.3
2.1
1.85
2.44
1.65
1.87
3.85
4.333
1.25
1.3
2.02
2.56
1.6
1.68
2.38
2.35
3.35
3.3
1.37
1.363
1.65
1.69
2.36
2.1
1.85
2.35
3.35
3.3
1.37
1.363
1.65
1.69
2.36
1.85
2.1
1.75
3.7
5.4
1.181
1.32
2.18
2.38
1.68
1.9
2.04
2.18
3.45
3.6
1.333
1.35
1.75
1.58
2.62
1.94
2
1.77
3.8
5.1
1.2
1.3
2.15
2.42
1.66
2
1.94
1.45
4.95
7.5
1.125
1.21
2.92
1.77
2.22
2.18
1.8
2.55
3.35
2.98
1.444
1.363
1.571
1.833
2.12
1.97
1.97
2.12
3.4
3.85
1.3
1.363
1.79
1.533
2.75
1.85
2.1
1.615
3.95
6.5
1.143
1.285
2.42
2.1
1.85
2.25
1.75
1.8
3.7
5
1.21
1.32
2.1
2.48
1.63
1.92
2.02
1.363
5.3
9.7
1.08
1.19
3.35
2.08
1.87
2.62
1.58
2.8
3.35
2.7
1.51
1.363
1.48
2
1.94
1.9
2.04
1.58
4
7
1.125
1.285
2.52
2.02
1.92
2.1
1.85
6
3.75
1.69
2.28
1.31
1.166
1.76
2.24
2.1
1.85
2.05
3.3
4.25
1.26
1.37
1.84
1.46
3.05
1.8
2.18
1.27
6.2
13
1.05
1.153
4.1
2.3
1.72
2.3
1.72
14
6.5
1.25
4.333
1.143
1.04
2.25
1.75
3.25
1.41
2.55
3.4
2.95
1.444
1.363
1.571
1.85
2.1
1.92
2.02
2.26
3.3
3.5
1.333
1.363
1.68
1.61
2.5
1.68
2.35
2.26
3.3
3.5
1.333
1.363
1.68
1.61
2.5
1.68
2.35
2.25
3.4
3.4
1.35
1.35
1.69
1.63
2.45
1.88
2.04
2.44
3.4
3.05
1.41
1.35
1.6
1.76
2.22
1.99
1.93
2.88
3.2
2.68
1.51
1.38
1.45
2.04
1.88
1.78
2.18
3
3.5
2.42
1.6
1.333
1.42
2.2
1.77
2.04
1.88
1.56
4.2
6.5
1.133
1.25
2.52
1.99
1.93
2.04
1.88
2.55
3.3
2.96
1.43
1.363
1.55
1.82
2.12
1.78
2.18
2
3.4
4.2
1.25
1.35
1.86
1.444
3.05
1.74
2.24
1.86
3.5
4.8
1.21
1.333
2
1.363
3.5
1.78
2.18
1.89
3.5
4.6
1.222
1.333
1.97
1.38
3.4
1.78
2.18
2.4
3.4
3.2
1.39
1.363
1.63
1.727
2.3
2.3
1.72
2.05
3.4
4.1
1.27
1.363
1.84
1.48
2.95
1.85
2.1
1.68
4
5.5
1.181
1.285
2.3
2.24
1.76
2.18
1.8
2.94
3.2
2.68
1.52
1.39
1.45
2.08
1.88
1.82
2.15
2.35
3.3
3.35
1.363
1.37
1.65
1.68
2.38
1.8
2.18
2.08
3.4
4
1.285
1.363
1.82
1.5
2.875
1.82
2.15
2.25
3.35
3.55
1.333
1.363
1.7
1.61
2.54
1.75
2.25
2.6
3.25
3
1.43
1.38
1.55
1.84
2.12
1.9
2.04
3.7
3.45
2.15
1.77
1.35
1.32
2.68
1.56
1.97
1.97
3.95
3.5
2.06
1.833
1.34
1.285
2.875
1.5
2
1.94
2.36
3.2
3.45
1.35
1.39
1.65
1.66
2.42
1.72
2.3
1.34
5.3
11
1.065
1.19
3.5
2.08
1.88
2.04
1.9
1.32
5.6
11
1.065
1.181
3.65
1.99
1.952
2.25
1.75
2.14
3.3
3.95
1.285
1.37
1.77
1.52
2.8
1.8
2.18
1.72
3.9
5.3
1.19
1.3
2.22
2.32
1.71
2.02
1.92
3.95
3.55
2.04
1.85
1.333
1.285
2.9
1.49
1.89
2.06
3.75
3.3
2.2
1.74
1.37
1.31
2.68
1.56
1.92
2.02
3.85
3.3
2.16
1.76
1.37
1.3
2.74
1.54
2.08
1.87
1.25
6.6
14
1.04
1.143
4.333
1.76
2.24
2.3
1.72
1.727
3.9
5.2
1.19
1.3
2.22
2.34
1.7
1.97
1.97
3.9
3.3
2.15
1.77
1.37
1.3
2.75
1.533
1.85
2.1
2.06
3.3
4.2
1.26
1.37
1.833
3.05
1.46
1.85
2.1
2.34
3.4
3.3
1.37
1.363
1.66
1.68
2.38
1.81
2.16
2.08
3.45
3.95
1.285
1.35
1.82
1.5
2.875
1.9
2.04
2.56
3.2
3.1
1.41
1.39
1.56
1.8
2.18
1.833
2.12
1.92
3.7
4.25
1.26
1.32
1.96
2.7
1.55
2.02
1.92
2.92
3.35
2.6
1.55
1.363
1.45
2.1
1.86
1.92
2.02
2.7
3.4
2.76
1.5
1.363
1.51
1.952
1.99
2.05
1.9
1.26
6.6
13
1.05
1.143
4.2
1.79
2.2
2.3
1.72
1.3
6
11
1.065
1.166
3.8
1.92
2.02
2.3
1.72
2.32
3.2
3.5
1.333
1.38
1.65
1.63
2.46
1.7
2.32
3.2
3
2.6
1.533
1.42
1.38
2.18
1.78
1.8
2.15
2.52
3.1
3.2
1.38
1.4
1.56
1.75
2.22
1.8
2.15
2.16
3.2
3.9
1.285
1.38
1.74
1.52
2.76
1.8
2.15
1.94
3.45
4.45
1.23
1.34
1.92
1.41
3.2
1.9
2.02
3
3
2.75
1.49
1.42
1.42
2.05
1.88
1.7
2.32
2.25
3.15
3.7
1.31
1.39
1.69
1.58
2.58
1.7
2.32
2.7
3
3.05
1.41
1.42
1.5
1.85
2.08
1.8
2.15
1.8
3.6
5.1
1.19
1.32
2.08
2.5
1.615
1.8
2.15
2.45
3.1
3.35
1.363
1.4
1.59
1.7
2.32
1.85
2.08
1.8
3.6
5.1
1.19
1.32
2.08
2.46
1.63
2
1.92
2
3.35
3.85
1.25
1.31
1.78
1.45
2.8
1.79
2.05
1.666
3.6
5.5
1.143
1.285
2.16
2.2
1.69
2.1
1.75
4.45
3.6
1.8
1.98
1.285
1.2
3.3
1.34
1.86
1.96
1.68
4
5.5
1.181
1.285
2.3
1.285
4.2
1.78
2.2
3.65
3.4
2.18
1.75
1.363
1.32
2.64
1.571
2.04
1.9
4.15
3.5
2
1.88
1.34
1.27
3.05
1.46
1.9
2.04
1.5
4.5
7.3
1.125
1.24
2.75
1.87
2.08
2.15
1.82
1.85
3.7
4.65
1.23
1.32
2.04
2.58
1.59
1.99
1.952
1.42
4.9
8.5
1.095
1.21
3.05
1.71
2.32
2.44
1.65
1.48
4.75
7.2
1.125
1.222
2.82
1.82
2.14
2.04
1.9
1.75
3.8
5.2
1.19
1.3
2.18
2.38
1.68
1.9
2.04
4.05
3.6
2
1.88
1.333
1.285
2.98
1.47
1.97
1.97
1.65
4
5.9
1.166
1.285
2.35
2.2
1.79
1.85
2.1
1.7
3.8
5.7
1.166
1.3
2.26
1.285
4.2
2.18
1.8
9.6
5.1
1.38
3.25
1.2
1.08
1.81
2.16
2.08
1.87
1.55
4.2
7
1.125
1.26
2.6
1.97
1.97
2.18
1.8
2.15
3.3
3.9
1.3
1.37
1.77
3.2
1.42
1.85
2.1
1.38
5.1
9.5
1.08
1.2
3.25
2.15
1.82
2.34
1.7
3.85
3.6
2.05
1.84
1.333
1.3
2.84
1.51
1.82
2.15
1.65
3.9
6.1
1.153
1.3
2.35
2.16
1.81
2.25
1.75
5.1
3.65
1.8
2.1
1.32
1.2
1.63
2.48
1.97
1.97
1.52
4.7
6.5
1.143
1.222
2.68
1.89
2.06
2.44
1.65
1.7
3.95
5.4
1.181
1.285
2.26
2.26
1.74
1.97
1.97
3.35
3.45
2.28
1.69
1.35
1.363
2.44
1.65
1.85
2.1
1.35
5.5
9.7
1.08
1.181
3.45
2.08
1.87
2.25
1.75
2.4
3.5
3.1
1.41
1.34
1.63
1.75
2.25
1.85
2.1
2.1
3.6
3.7
1.32
1.333
1.8
1.54
2.74
2.1
1.85
3.6
3.4
2.2
1.74
1.363
1.333
2.58
1.59
2.02
1.92
2.54
3.55
2.85
1.47
1.333
1.571
1.86
2.1
2.52
1.615
9
4.5
1.444
2.95
1.24
1.085
1.69
2.36
2.12
1.833
3.1
3.4
2.45
1.61
1.363
1.41
2.24
1.76
1.85
2.1
5.5
3.9
1.7
2.26
1.3
1.181
1.72
2.3
2.3
1.72
1.82
3.6
5
1.21
1.333
2.08
2.52
1.615
1.8
2.18
2.5
3.45
2.98
1.444
1.35
1.58
1.81
2.16
1.99
1.952
2.88
3.4
2.6
1.55
1.363
1.46
2.08
1.87
2.12
1.833
2.98
3.4
2.52
1.58
1.363
1.444
2.15
1.82
2.12
1.833
4.75
4
1.77
2.15
1.285
1.222
1.7
2.34
2.2
1.78
7.6
4.5
1.49
2.78
1.24
1.111
2.12
1.84
2.44
1.65
1.055
19
41
0
1.022
12
2.625
1.58
2.36
1.69
1.93
3.65
4.3
1.25
1.32
1.952
1.43
3.15
2.2
1.79
1.75
3.8
5.2
1.19
1.3
2.18
2.36
1.69
2.1
1.85
1.38
5.1
9.5
1.08
1.2
3.25
2.2
1.79
2.44
1.65
1.45
4.75
8
1.111
1.222
2.92
1.77
2.22
2.1
1.86
1.54
4.35
6.8
1.133
1.25
2.62
1.92
2.02
2.7
1.55
3.95
3.8
1.85
1.92
1.25
1.24
3
1.4
2.7
1.48
3.5
3.65
2
1.78
1.27
1.285
2.625
1.5
1.91
1.91
3.5
3.85
1.952
1.82
1.25
1.285
1.47
2.72
2.05
1.79
1.4
4.333
8.8
1.055
1.21
2.88
1.666
2.24
2
1.833
2.05
3.65
3.35
1.31
1.27
1.74
1.54
2.52
2.1
1.75
1.75
3.85
4.4
1.2
1.25
2.04
2.34
1.615
2.1
1.75
2.15
3.55
3.2
1.333
1.285
1.68
1.6
2.375
1.91
1.91
1.52
3.9
6.9
1.09
1.24
2.48
1.92
1.9
1.86
1.96
1.8
3.6
4.45
1.2
1.285
1.98
2.48
1.55
1.8
2.04
1.571
3.7
6.6
1.1
1.27
2.35
2.04
1.8
1.94
1.88
2.76
3.2
2.6
1.48
1.333
1.43
1.97
1.85
1.6
2.375
3.3
3.2
2.25
1.615
1.333
1.32
2.35
1.61
1.74
2.12
2.68
3.2
2.68
1.45
1.333
1.45
1.91
1.91
1.7
2.18
3.95
3.3
1.99
1.79
1.32
1.24
1.43
2.875
1.78
2.06
2.15
3.2
3.8
1.285
1.363
1.727
1.52
2.68
1.65
2.35
1.45
4.4
8
1.085
1.222
2.82
1.77
2.14
1.952
1.93
1.32
6
10
1.075
1.166
3.65
1.952
1.99
2.56
1.6
2.35
3.2
3.5
1.34
1.39
1.65
1.65
2.44
1.85
2.1
2.78
3.3
2.76
1.5
1.37
1.49
1.98
1.96
1.85
2.1
2.3
3.15
3.65
1.32
1.4
1.68
1.61
2.54
1.65
2.44
2.44
3.25
3.25
1.38
1.38
1.61
1.727
2.3
1.85
2.1
1.71
3.95
5.3
1.19
1.285
2.24
2.26
1.74
2.18
1.8
1.98
3.4
4.4
1.25
1.363
1.9
2.875
1.5
1.85
2.1
1.45
4.45
9
1.085
1.24
2.92
1.77
2.22
2.02
1.92
2.58
3.4
2.78
1.46
1.333
1.52
1.87
2.02
1.85
2.04
1.65
3.9
5.6
1.153
1.27
2.28
2.18
1.75
1.87
2.02
2.1
3.5
3.55
1.31
1.32
1.76
1.54
2.62
1.98
1.9
1.6
3.8
6.5
1.125
1.285
2.38
2.06
1.833
2.1
1.8
2.2
3.4
3.4
1.333
1.333
1.69
1.6
2.46
1.8
2.1
3.05
3.45
2.35
1.615
1.333
1.4
2.22
1.72
2
1.88
2.45
3.45
2.78
1.43
1.3
1.533
1.8
2.04
2.04
1.8
7.6
4.333
1.52
2.6
1.23
1.1
1.58
2.62
1.94
2
5.5
3.4
1.833
2.02
1.34
1.166
1.6
2.56
1.75
2.25
1.75
3.7
5.6
1.166
1.3
2.12
3.1
1.444
1.952
1.99
1.52
4.6
6.9
1.125
1.21
2.6
2.56
1.6
2.16
1.81
1.51
4.333
7.8
1.095
1.23
2.64
2.56
1.6
1.98
1.96
1.46
4.4
9.2
1.07
1.23
2.8
2.44
1.65
2.1
1.85
1.84
3.65
4.95
1.19
1.3
2
2.56
1.6
1.9
2.04
1.51
4.25
8.1
1.09
1.24
2.64
2.62
1.58
1.92
2.02
3.85
3.4
2.15
1.74
1.34
1.285
2.75
1.533
1.85
2.1
2.2
3.35
3.75
1.3
1.35
1.7
1.56
2.68
1.77
2.22
1.55
4
8
1.09
1.26
2.52
1.96
1.98
1.9
2.04
2.4
3.3
3.35
1.35
1.35
1.6
1.69
2.36
1.75
2.25
1.55
4
8
1.09
1.26
2.52
1.96
1.98
2
1.94
2.5
3.3
3.15
1.38
1.35
1.56
1.77
2.22
1.77
2.22
10.5
4.8
1.4
3.05
1.2
1.055
2.4
1.666
2.18
1.8
1.9
3.55
4.7
1.21
1.32
1.94
2.68
1.56
1.85
2.1
2.14
3.4
3.85
1.285
1.34
1.74
1.533
2.75
1.87
2.08
4.15
3.9
1.909
1.93
1.27
1.25
3.1
1.45
1.8
2.18
1.32
5.4
13
1.036
1.166
3.5
1.99
1.952
2.25
1.75
1.222
7
17
1.017
1.111
4.45
1.7
2.34
2.34
1.7
2.65
3.35
2.9
1.444
1.35
1.51
1.87
2.08
1.99
1.952
4.55
3.4
1.97
1.87
1.34
1.222
3.15
1.43
1.952
1.99
2.42
3.4
3.2
1.37
1.34
1.59
1.72
2.3
2.16
1.81
1.77
3.5
6
1.143
1.32
2.1
2.42
1.66
1.833
2.12
2.7
3.2
2.78
1.46
1.363
1.48
1.91
1.97
1.7
2.26
2.2
3.4
3.4
1.333
1.333
1.69
1.6
2.46
1.7
2.26
1.5
4.333
6.9
1.111
1.23
2.64
1.89
1.99
1.85
2.04
2.3
3.3
3.3
1.35
1.35
1.64
1.65
2.35
1.65
2.35
2.1
3.3
3.8
1.285
1.35
1.76
1.51
2.72
1.7
2.26
3.4
3.4
2.2
1.69
1.333
1.333
2.46
1.6
1.75
2.18
1.27
5.8
12
1.04
1.153
3.9
1.444
2.95
1.833
2.06
1.55
3.8
7.5
1.095
1.285
2.5
2
1.88
1.65
2.35
3.2
3.3
2.35
1.615
1.35
1.363
2.3
1.68
1.65
2.35
1.35
5
9.9
1.06
1.181
3.3
2.15
1.77
1.75
2.18
2.8
3.35
2.6
1.51
1.34
1.45
2
1.88
1.65
2.35
2.55
3.5
2.75
1.47
1.32
1.533
1.85
2.04
1.85
2.04
2.35
3.2
3.3
1.35
1.363
1.615
1.65
2.35
1.55
2.58
2.35
3.2
3.3
1.35
1.363
1.615
1.65
2.35
1.55
2.58
3.4
3.4
2.2
1.69
1.333
1.333
2.46
1.6
1.75
2.18
2.35
3.2
3.3
1.35
1.363
1.615
1.65
2.35
1.55
2.58
2.1
3.3
3.8
1.285
1.35
1.76
1.51
2.7
1.65
2.35
1.65
3.8
5.8
1.153
1.285
2.28
2.2
1.74
1.65
2.35
2.35
3.4
3.1
1.39
1.333
1.615
1.7
2.26
2.02
1.87
1.3
5.6
12
1.05
1.166
3.75
1.93
1.99
2.08
1.85
3.05
3.5
2.44
1.61
1.34
1.42
2.22
1.77
1.75
2.25
2.22
3.4
3.55
1.333
1.363
1.72
1.6
2.56
1.65
2.44
2.44
3.3
3.2
1.39
1.37
1.61
1.74
2.26
1.533
2.75
1.06
16
46
0
1.035
12
2.2
1.79
1.65
2.44
2.46
3.25
3.2
1.39
1.38
1.6
1.74
2.26
1.6
2.55
4.05
3.4
2.06
1.833
1.363
1.285
2.9
1.49
1.75
2.25
17
8
1.19
5.2
1.111
1.03
1.85
2.1
2.56
1.6
1.03
26
61
0
1.008
17
1.7
2.34
2.56
1.6
1.84
3.55
5
1.21
1.333
2.05
2.7
1.55
1.69
2.36
2.44
3.55
3
1.43
1.333
1.61
1.79
2.2
1.8
2.18
5.1
3.5
1.833
2.06
1.34
1.2
1.59
2.58
1.7
2.34
56
23
1.036
15
1.013
0
1.88
2.08
2.95
1.48
31
14
1.085
9.2
1.04
1.001
1.81
2.16
2.84
1.51
1.4
5.1
8.7
1.09
1.2
3.15
2.2
1.79
2.68
1.56
8.6
4.6
1.444
2.95
1.23
1.095
2.26
1.74
1.9
2.04
1.166
8.3
21
1.017
1.1
5.8
1.833
2.12
1.97
1.97
1.5
4.5
7.3
1.125
1.24
2.75
1.92
2.02
1.7
2.34
1.38
5.2
9.2
1.085
1.19
3.25
2.26
1.74
1.92
2.02
2.45
3.45
3.05
1.42
1.35
1.61
1.78
2.2
1.7
2.34
2.34
3.3
3.4
1.363
1.37
1.66
1.66
2.42
1.66
2.42
1.75
3.9
5.1
1.2
1.3
2.18
2.36
1.69
1.97
1.97
1.35
5.3
10.5
1.07
1.19
3.45
2.08
1.88
2.05
1.9
1.19
7.5
19
1.022
1.125
5.2
2.58
1.59
2.64
1.571
1.06
17
41
1.001
1.03
12
1.68
2.38
1.85
2.1
1.88
3.5
4.45
1.222
1.32
1.952
1.38
3.25
1.55
2.6
1.24
5.9
15
1.022
1.143
4.2
1.92
1.96
1.85
2.04
1.31
4.8
14
1.027
1.2
3.55
1.615
2.42
1.8
2.1
1.9
3.45
4.75
1.222
1.35
1.98
2.68
1.56
1.75
2.25
2
3.3
4.5
1.24
1.37
1.88
1.42
3.2
1.77
2.22
2.1
3.45
3.85
1.3
1.35
1.8
1.52
2.8
1.75
2.25
1.26
6.2
14
1.04
1.153
4.2
2.34
1.7
2.62
1.58
5.2
3.6
1.7
2.12
1.285
1.153
3.85
1.27
2.1
1.75
7.2
4.25
1.46
2.66
1.21
1.085
2.05
1.79
2.18
1.7
1.51
4.2
6.3
1.111
1.222
2.5
1.88
1.94
2.26
1.65
1.02
20
36
0
0
12
1.55
2.48
1.66
2.25
4.95
4
1.65
2.2
1.23
1.166
1.71
2.16
2.22
1.68
1.38
4.9
7.7
1.075
1.166
2.96
2.18
1.7
2.26
1.65
1.77
3.6
4.65
1.181
1.285
2.02
2.4
1.59
2
1.833
1.7
3.8
4.85
1.166
1.25
2.12
2.28
1.64
1.97
1.85
9
5.3
1.32
3.3
1.143
1.05
1.85
1.97
2.48
1.55
1.4
4.75
7.5
1.075
1.181
2.88
1.68
2.22
2.26
1.65
1.4
4.8
7.4
1.08
1.181
2.88
1.68
2.22
2.375
1.6
1.6
4
5.5
1.143
1.23
2.3
2.06
1.78
2.375
1.6
1.32
5.5
8.5
1.06
1.143
3.3
1.97
1.85
2.48
1.55
5.5
4
1.6
2.3
1.23
1.143
1.78
2.06
2.3
1.63
2.68
3.2
2.68
1.45
1.333
1.45
1.91
1.91
1.91
1.91
2.55
3.2
2.82
1.41
1.333
1.49
1.82
2.02
1.97
1.85
1.285
5.7
9.5
1.045
1.133
3.5
1.88
1.94
2.625
1.5
1.007
21
56
0
0
15
1.45
2.8
1.91
1.91
8.2
5.1
1.35
3.125
1.153
1.065
1.77
2.08
2.48
1.55
1.35
5
8.5
1.06
1.166
3.125
2.08
1.77
2.48
1.55
1.1
9.7
21
0
1.045
6.6
0
0
4.05
1.25
51
17
1.02
12
0
0
1.86
1.96
1.75
2.1
5
3.7
1.7
2.12
1.27
1.166
1.65
2.26
2.18
1.7
2.44
3.6
2.7
1.444
1.285
1.533
1.82
2.02
1.96
1.86
3.25
3.4
2.2
1.65
1.3
1.333
2.375
1.6
1.97
1.85
1.5
4.2
6.5
1.1
1.222
2.54
1.86
1.96
2.18
1.7
2.3
3.25
3.15
1.34
1.333
1.59
1.65
2.26
1.833
2
1.4
5
6.9
1.09
1.166
2.88
1.68
2.22
2.625
1.5
2.55
3.4
2.68
1.45
1.3
1.49
1.86
1.96
1.97
1.85
6.8
4.5
1.45
2.68
1.19
1.095
2.06
1.78
2.04
1.8
2.6
3.3
2.7
1.444
1.32
1.48
1.87
1.952
1.91
1.91
2.45
3.4
2.8
1.42
1.3
1.533
1.79
2.05
2.24
1.666
1.333
5.1
9
1.05
1.153
3.2
1.54
2.52
3
1.4
3.55
3.5
2.04
1.75
1.285
1.285
2.625
1.5
2.1
1.75
1.7
3.75
4.95
1.166
1.26
2.12
2.26
1.65
2.34
1.615
1.333
5.8
7.4
1.08
1.125
3.2
2.02
1.81
2.625
1.5
1.5
4.5
5.9
1.125
1.19
2.54
1.86
1.96
2.24
1.666
1.285
6
8.8
1.055
1.125
3.5
1.43
2.875
3.1
1.38
2.22
3.4
3.55
1.333
1.363
1.72
1.6
2.56
1.8
2.18
1.78
3.75
5.1
1.2
1.31
2.14
2.44
1.65
1.89
2.06
2.12
3.4
3.85
1.3
1.363
1.79
1.533
2.75
1.8
2.18
1.99
3.4
4.35
1.25
1.363
1.89
1.43
3.15
2
1.94
3.6
3.4
2.2
1.74
1.363
1.333
2.58
1.59
1.94
2
2.15
3.4
3.75
1.31
1.363
1.77
1.55
2.7
2.08
1.88
2.24
3.4
3.5
1.34
1.363
1.71
1.615
2.52
1.94
2
2.1
3.35
3.55
1.285
1.31
1.71
3.15
1.37
1.5
2.625
9
6.2
1.32
3.6
1.143
1.08
1.93
1.99
2.08
1.85
2.98
3.2
2.65
1.533
1.39
1.444
2.1
1.86
1.7
2.34
2.75
3.2
2.86
1.47
1.39
1.5
1.93
2.02
1.65
2.44
1.181
7.7
20
1.019
1.111
5.4
2.04
1.9
2.56
1.6
2.86
3.25
2.72
1.51
1.38
1.47
2.02
1.92
1.7
2.34
3.2
3.2
2.5
1.58
1.39
1.39
2.25
1.75
1.8
2.18
1.78
3.6
5.4
1.181
1.333
2.14
2.44
1.65
1.86
2.1
2.5
3.2
3.2
1.39
1.39
1.58
1.75
2.25
1.8
2.18
8.3
4.2
1.5
2.75
1.26
1.1
2.08
1.87
1.9
2.04
1.65
3.8
6.4
1.143
1.3
2.35
2.2
1.79
1.85
2.1
2.1
3.3
4.05
1.285
1.37
1.8
1.5
2.875
1.75
2.25
2.75
3.35
2.75
1.5
1.363
1.5
1.97
1.97
1.7
2.34
1.8
3.55
5.3
1.19
1.333
2.1
1.32
3.9
1.78
2.2
2.35
3.25
3.4
1.363
1.38
1.65
1.666
2.4
1.63
2.48
2.25
3.25
3.65
1.32
1.38
1.7
1.59
2.58
1.65
2.44
2.25
3.25
3.65
1.32
1.38
1.7
1.59
2.58
1.65
2.44
2.5
3.25
3.15
1.4
1.38
1.58
1.77
2.22
1.7
2.34
2.3
3.25
3.55
1.333
1.38
1.68
1.63
2.48
1.68
2.38
1.85
3.55
4.9
1.21
1.333
2.04
1.363
3.55
1.65
2.44
1.8
3.6
5.2
1.19
1.333
2.1
1.32
3.9
1.8
2.18
5
3.35
1.9
1.98
1.363
1.21
3.55
1.363
1.8
2.18
1.25
6.5
14
1.04
1.143
4.333
1.78
2.2
2.1
1.85
3.8
3.35
2.15
1.77
1.363
1.3
2.74
1.54
1.85
2.1
2.3
3.25
3.55
1.333
1.38
1.68
1.63
2.48
1.65
2.44
1.9
3.45
4.75
1.222
1.35
1.98
1.38
3.45
1.7
2.34
2.15
3.35
3.8
1.3
1.363
1.77
1.54
2.74
1.68
2.38
3.15
3.25
2.5
1.58
1.38
1.4
2.22
1.77
1.75
2.25
2.2
3.25
3.8
1.3
1.38
1.74
1.55
2.7
1.68
2.38
2.25
3.25
3.65
1.32
1.38
1.7
1.59
2.58
1.7
2.34
2.2
3.25
3.8
1.3
1.38
1.74
1.55
2.7
1.75
2.25
3.85
3.45
2.1
1.8
1.35
1.3
2.8
1.52
1.8
2.18
34
15
1.06
9.8
1.022
0
2.6
1.55
3.8
1.3
2.2
3.4
3.55
1.333
1.35
1.72
1.59
2.55
2.1
1.833
2.8
3.3
2.7
1.5
1.363
1.47
2
1.92
1.9
2.02
1.85
3.6
4.7
1.222
1.32
2.02
2.58
1.58
1.96
1.96
3.3
3.4
2.3
1.66
1.35
1.363
2.4
1.66
1.9
2.02
1.363
4.9
10.5
1.065
1.2
3.3
2.12
1.82
2.2
1.77
2.1
3.4
3.85
1.285
1.35
1.78
1.51
2.8
2.1
1.833
1.42
4.7
8.8
1.085
1.222
3
1.71
2.3
2.32
1.7
3.55
3.4
2.2
1.72
1.35
1.333
2.55
1.59
1.9
2.02
1.45
4.7
8.1
1.1
1.222
2.92
1.77
2.22
2.2
1.78
1.38
5
9.9
1.075
1.21
3.25
2.08
1.88
2.34
1.7
3.3
3.5
2.3
1.68
1.34
1.37
2.4
1.666
2.25
1.75
1.3
5.8
12
1.055
1.166
3.8
1.93
2.02
2.2
1.78
1.7
3.8
5.7
1.166
1.3
2.26
2.25
1.75
2.2
1.78
1.7
3.8
5.7
1.166
1.3
2.26
2.25
1.75
2.25
1.75
2.05
3.5
3.95
1.285
1.34
1.84
2.98
1.47
2.04
1.9
2.05
3.5
3.95
1.285
1.34
1.84
2.95
1.48
2.2
1.78
9
5
1.4
3.15
1.21
1.085
1.77
2.22
2.12
1.833
2.28
3.35
3.45
1.35
1.363
1.69
1.64
2.46
1.72
2.3
2.62
3.4
2.86
1.47
1.363
1.54
1.89
2.06
2.08
1.87
1.75
3.55
5.8
1.166
1.333
2.18
2.38
1.68
1.87
2.08
3.7
3.4
2.16
1.76
1.363
1.32
2.68
1.56
1.84
2.12
1.78
3.75
5.1
1.2
1.31
2.14
2.4
1.666
2.12
1.833
2.2
3.6
3.05
1.363
1.285
1.65
1.64
2.28
2.82
1.444
2.55
3.6
2.58
1.48
1.285
1.49
1.9
1.92
2.44
1.571
2.25
3.6
2.98
1.38
1.285
1.615
1.68
2.22
2.625
1.5
2.1
3.6
3.3
1.32
1.285
1.71
1.56
2.46
2.54
1.533
1.952
3.75
3.6
1.285
1.26
1.82
2.72
1.47
2.54
1.533
1.533
4.5
5.4
1.143
1.19
2.44
1.93
1.89
2.375
1.6
2.82
3.6
2.45
1.571
1.3
1.45
2.1
1.81
2.02
1.87
3.8
3.6
2
1.833
1.3
1.285
2.82
1.48
2.18
1.75
4.5
3.6
1.85
1.98
1.3
1.222
1.571
2.54
2.46
1.6
1.666
4
5.2
1.181
1.26
2.25
2.2
1.74
2.32
1.666
2.52
4.1
2.4
1.55
1.222
1.5
1.96
1.86
2.7
1.48
1.7
4
4.55
1.19
1.23
2.12
2.24
1.666
2.8
1.45
2.38
4
2.58
1.48
1.23
1.56
1.833
1.99
2.75
1.46
2.2
3.6
3.05
1.363
1.285
1.65
1.64
2.28
3
1.4
1.444
4.333
7.4
1.08
1.21
2.7
1.75
2.1
3.35
1.333
2.5
3.6
2.625
1.47
1.285
1.51
1.86
1.96
2.8
1.45
2
4
3.25
1.333
1.23
1.78
2.82
1.444
2.44
1.571
1.363
4.8
8.5
1.06
1.181
3.05
2.12
1.74
2.48
1.55
2
3.6
3.55
1.285
1.285
1.78
1.49
2.66
3.1
1.38
9.6
6.5
1.25
3.8
1.1
1.045
1.86
1.97
3.7
1.285
1.1
10
20
0
1.04
6.6
2.12
1.74
4.05
1.25
2
3.7
3.45
1.3
1.27
1.78
1.51
2.6
3
1.4
1.65
4
4.95
1.166
1.23
2.2
2
1.833
3
1.4
1.153
9
13
1.016
1.05
5.1
1.63
2.32
3.6
1.3
41
19
1.02
12
0
0
1.91
1.91
1.91
1.91
3.2
3.55
2.15
1.68
1.285
1.333
2.375
1.6
3.6
1.3
26
15
1.05
9.2
1.005
0
1.91
1.91
6.3
1.125
5.7
4.6
1.5
2.54
1.181
1.133
2.15
1.72
3.6
1.3
10
8
1.2
4.4
1.07
1.04
2.08
1.77
3.95
1.26
4.2
4
1.75
2.04
1.23
1.222
1.615
2.34
2.8
1.45
2.3
3.45
3
1.37
1.3
1.59
1.69
2.2
2.26
1.65
34
21
1.02
12
0
0
1.91
1.91
2.18
1.7
2.84
3.7
2.3
1.59
1.27
1.41
2.14
1.727
2.72
1.47
4.2
4
1.75
2.04
1.23
1.222
1.69
2.2
3
1.4
1.6
4.5
4.75
1.181
1.19
2.3
2.04
1.8
3
1.4
5.2
4.5
1.55
2.4
1.19
1.153
1.87
1.952
2.625
1.5
2.2
3.55
3.1
1.35
1.285
1.65
1.63
2.3
2.625
1.5
41
23
1.01
14
0
0
1.91
1.91
2.26
1.65
6.8
4.5
1.45
2.68
1.19
1.095
2.1
1.75
3
1.4
4.6
4.3
1.64
2.22
1.21
1.181
1.74
2.12
2.625
1.5
