2.35
3.85
2.8
1.45
1.285
1.615
1.78
2.14
2
1.88
1.91
3.7
4.05
1.25
1.3
1.92
2.68
1.52
2.35
1.65
2.56
3.85
2.56
1.533
1.285
1.533
1.94
1.94
2.16
1.76
3.2
3.75
2.16
1.72
1.285
1.363
2.4
1.63
2.35
1.65
2.15
3.75
3.25
1.363
1.285
1.727
1.61
2.44
2.44
1.61
2.1
3.75
3.35
1.34
1.285
1.76
1.58
2.52
2.6
1.55
2.38
3.8
2.8
1.45
1.285
1.6
1.79
2.12
2.24
1.71
2.78
3.65
2.45
1.571
1.3
1.46
2.08
1.82
2.52
1.58
2.85
3.7
2.38
1.6
1.3
1.444
2.14
1.78
2.02
1.86
1.952
3.7
3.85
1.285
1.3
1.88
2.72
1.51
2.75
1.5
2.15
3.8
3.2
1.363
1.285
1.727
1.615
2.42
2.04
1.85
2.55
3.5
2.75
1.47
1.32
1.533
1.87
2.02
2.3
1.68
3
3.5
2.36
1.61
1.32
1.41
2.22
1.727
2.3
1.68
6.3
4.6
1.5
2.64
1.21
1.133
2.05
1.84
1.87
2.02
1.76
3.95
4.55
1.21
1.26
2.1
1.34
3.5
2.04
1.85
2.46
3.6
2.8
1.45
1.3
1.571
1.82
2.08
2.44
1.61
2.34
3.55
3
1.41
1.31
1.615
1.727
2.22
2.375
1.64
2.4
3.6
2.88
1.43
1.3
1.59
1.78
2.14
2.54
1.571
3.05
3.35
2.4
1.59
1.34
1.4
2.22
1.727
2
1.88
4.05
3.8
1.88
1.952
1.285
1.25
1.55
2.6
2.72
1.51
2.35
3.45
3.05
1.4
1.333
1.615
1.72
2.22
2.35
1.65
1.85
3.45
4.4
1.2
1.3
1.92
2.54
1.533
2.18
1.7
2.3
3.4
3.05
1.363
1.3
1.59
1.68
2.22
1.88
1.94
2
3.45
3.75
1.26
1.3
1.78
1.46
2.76
2.1
1.75
2.78
3.45
2.45
1.533
1.3
1.43
2.04
1.8
1.91
1.91
2.35
3.45
2.92
1.39
1.3
1.571
1.727
2.14
1.86
1.96
2.08
3.7
3.65
1.32
1.32
1.82
1.55
2.7
2.42
1.66
5.3
4.05
1.69
2.28
1.285
1.19
1.76
2.24
2.48
1.63
1.52
4.4
7.1
1.125
1.25
2.68
1.89
2.06
2.38
1.68
2.06
3.6
3.9
1.3
1.333
1.833
1.5
2.875
2.24
1.76
1.166
9.8
15
1.036
1.075
5.8
1.69
2.36
2.04
1.9
1.61
4.3
5.3
1.166
1.23
2.36
2.06
1.833
2.6
1.55
4.85
3.95
1.72
2.16
1.26
1.19
1.68
2.3
2.3
1.68
1.39
5.1
8
1.085
1.181
3.1
2.12
1.79
2.46
1.6
2.86
3.25
2.6
1.51
1.363
1.444
2.04
1.85
2.15
1.77
3.45
3.35
2.2
1.69
1.34
1.333
2.48
1.59
2.22
1.72
26
16
1.045
9.5
1.001
0
1.94
1.88
1.55
2.48
1.63
4.25
4.75
1.181
1.21
2.24
2.12
1.74
2.12
1.74
19
12
1.085
7.1
1.022
0
18
1.01
1.7
2.18
29
16
1.04
10
1.001
0
1.97
1.85
1.86
1.96
5.4
4.3
1.56
2.38
1.21
1.143
1.833
1.99
2.02
1.81
2.8
3.3
2.82
1.48
1.37
1.48
1.97
1.99
1.87
2.1
7.3
4.3
1.55
2.6
1.25
1.125
2.02
1.94
2.32
1.727
1.32
5.7
12
1.055
1.166
3.65
1.96
2
2.48
1.65
1.5
4.45
8
1.111
1.24
2.75
1.8
2.2
1.9
2.06
2.16
3.35
3.95
1.285
1.363
1.76
1.533
2.8
1.86
2.12
2.44
3.3
3.3
1.37
1.37
1.61
1.72
2.34
1.78
2.24
3.55
3.45
2.25
1.7
1.35
1.333
2.56
1.615
2.15
1.833
2.05
3.4
4.3
1.25
1.363
1.84
3.05
1.47
1.71
2.35
5.9
4
1.68
2.3
1.285
1.166
1.78
2.24
1.93
2.04
1.615
4.1
6.5
1.143
1.27
2.42
2.08
1.89
2.08
1.89
1.533
4.35
7.5
1.125
1.25
2.64
1.92
2.04
2.1
1.87
2.42
3.4
3.25
1.38
1.363
1.615
1.727
2.32
1.833
2.15
1.26
6.5
15
1.036
1.143
4.2
1.77
2.25
2.34
1.72
2.15
3.4
3.9
1.3
1.363
1.77
1.533
2.8
1.81
2.18
2.58
3.35
3.05
1.42
1.363
1.55
1.833
2.15
1.833
2.15
7.5
4.333
1.533
2.64
1.25
1.125
2.05
1.91
2.06
1.9
7
4.2
1.58
2.52
1.26
1.125
1.94
2.02
1.94
2.02
2.12
3.35
4.1
1.27
1.363
1.79
1.5
2.92
1.86
2.12
4.9
3.7
1.85
2.04
1.32
1.21
1.63
2.52
2.15
1.833
1.52
4.333
7.8
1.111
1.25
2.68
1.9
2.06
2.04
1.92
3.7
3.4
2.22
1.72
1.363
1.32
2.65
1.58
1.833
2.15
1.285
6.5
13
1.05
1.143
3.95
1.833
2.15
2.52
1.63
1.38
5.2
10
1.075
1.19
3.25
2.14
1.85
2.4
1.68
2.22
3.35
3.75
1.31
1.363
1.72
1.58
2.65
1.74
2.3
1.72
3.75
6
1.166
1.31
2.22
2.28
1.75
2.06
1.9
1.3
6
13
1.05
1.166
3.8
1.89
2.08
2.45
1.66
1.5
4.3
8.5
1.095
1.25
2.75
1.87
2.1
1.86
2.12
5.5
3.8
1.75
2.18
1.3
1.181
1.71
2.35
2.02
1.952
4.35
3.5
2
1.88
1.34
1.25
1.51
2.875
1.81
2.18
2.85
3.4
2.7
1.51
1.363
1.47
2.04
1.93
1.87
2.1
2.4
3.5
3.1
1.41
1.34
1.63
1.75
2.25
1.909
2.04
2.15
3.5
3.65
1.32
1.34
1.77
1.56
2.68
2.04
1.9
1.88
3.6
4.6
1.23
1.333
2
2.64
1.571
1.94
2
1.76
3.75
5.2
1.19
1.31
2.16
2.38
1.68
2.08
1.87
2.4
3.5
3.1
1.41
1.34
1.63
1.75
2.25
1.94
2
2.6
3.4
2.88
1.46
1.363
1.55
1.87
2.08
1.85
2.1
1.8
3.7
5
1.21
1.32
2.1
2.48
1.63
1.93
2.02
1.55
4.05
7.5
1.125
1.285
2.6
1.91
2.04
2.32
1.71
2.5
3.45
2.98
1.444
1.35
1.58
1.81
2.16
1.85
2.1
1.88
3.6
4.65
1.23
1.333
2
2.64
1.571
1.94
2
2.2
3.4
3.6
1.333
1.363
1.74
1.59
2.58
2.12
1.833
2.16
3.5
3.6
1.333
1.34
1.76
1.58
2.62
1.85
2.1
1.99
3.5
4.2
1.25
1.32
1.85
2.82
1.5
2
1.92
1.78
3.8
5
1.19
1.285
2.08
2.42
1.65
2.08
1.85
1.82
3.8
4.7
1.21
1.285
2.04
2.5
1.61
2
1.92
2.55
3.4
2.95
1.42
1.34
1.54
1.833
2.1
2
1.92
1.92
3.6
4.4
1.23
1.31
1.92
2.7
1.54
2.05
1.88
2.45
3.4
3.1
1.39
1.34
1.58
1.75
2.22
2.08
1.85
1.85
3.6
4.8
1.2
1.31
2
2.55
1.59
2
1.92
1.72
3.8
5.5
1.166
1.285
2.18
2.32
1.7
1.88
2.05
2.2
3.4
3.6
1.31
1.34
1.7
1.58
2.58
2
1.92
2.86
3.4
2.62
1.52
1.34
1.444
2.05
1.88
2.2
1.77
2.42
3.4
3.125
1.39
1.34
1.59
1.74
2.24
2.02
1.9
2.4
3.4
3.2
1.37
1.34
1.6
1.71
2.3
2.1
1.84
4.65
3.85
1.81
2.1
1.3
1.23
1.615
2.52
2.12
1.84
2.25
3.5
3.4
1.363
1.34
1.7
1.64
2.46
2.08
1.88
1.75
3.9
5.3
1.19
1.3
2.18
2.32
1.71
2.3
1.727
5.5
3.9
1.7
2.26
1.3
1.181
1.74
2.26
2
1.94
3.6
3.7
2.1
1.8
1.32
1.333
2.68
1.56
2.28
1.74
2.15
3.45
3.7
1.3
1.333
1.74
1.55
2.66
1.92
2
1.952
3.6
4.25
1.24
1.31
1.89
2.8
1.51
1.85
2.08
2.44
3.45
3.05
1.4
1.333
1.58
1.76
2.22
1.9
2.02
2.35
3.5
3.2
1.37
1.32
1.63
1.7
2.32
1.96
1.96
2.94
3.4
2.56
1.533
1.34
1.43
2.1
1.833
1.87
2.06
2.45
3.4
3.1
1.39
1.34
1.58
1.75
2.22
2
1.92
1.97
3.5
4.3
1.24
1.32
1.87
2.82
1.5
1.89
2.04
1.77
3.6
5.5
1.166
1.31
2.1
2.42
1.65
1.84
2.1
2.1
3.5
3.8
1.285
1.32
1.77
1.52
2.76
2.06
1.87
1.833
3.65
4.85
1.2
1.3
2.02
2.52
1.6
1.96
1.96
2.875
3.45
2.58
1.533
1.333
1.444
2.08
1.86
1.96
1.96
2.4
3.4
3.2
1.37
1.34
1.6
1.71
2.3
1.92
2
2.2
3.7
3
1.37
1.27
1.65
1.65
2.26
2.26
1.65
2.2
3.5
3.15
1.34
1.285
1.65
1.615
2.34
2.48
1.55
2.1
3.7
3.2
1.333
1.27
1.71
1.58
2.42
2.48
1.55
1.952
3.75
3.6
1.285
1.26
1.82
2.72
1.47
2.82
1.444
2.18
3.05
4.2
1.26
1.42
1.75
1.5
2.875
1.56
2.68
2.45
3
3.5
1.34
1.43
1.61
1.68
2.38
1.533
2.75
2.6
3.05
3.2
1.39
1.42
1.55
1.78
2.2
1.533
2.75
2.12
3
4.5
1.24
1.43
1.79
1.45
3.1
1.56
2.68
1.97
3.1
5.1
1.2
1.41
1.91
1.363
3.55
1.56
2.68
2.32
2.98
3.85
1.3
1.444
1.666
1.58
2.62
1.55
2.7
2.12
3.05
4.4
1.25
1.42
1.79
1.46
3.05
1.571
2.64
1.82
3.3
5.8
1.166
1.37
2.08
2.56
1.6
1.571
2.64
1.666
3.6
6.8
1.133
1.333
2.32
2.24
1.76
1.56
2.68
2.22
3.1
3.95
1.285
1.41
1.72
1.54
2.74
1.55
2.7
1.6
4
6
1.143
1.26
2.38
2.06
1.833
2.22
1.72
5.2
3.75
1.72
2.16
1.285
1.181
1.68
2.3
2.1
1.8
2.5
3.3
2.95
1.42
1.35
1.55
1.79
2.12
1.77
2.15
1.9
3.4
4.5
1.222
1.333
1.93
1.38
3.25
1.68
2.3
4.25
3.7
1.87
1.96
1.3
1.24
3.15
1.4
1.75
2.18
2.25
3.4
3.3
1.35
1.333
1.666
1.63
2.4
1.96
1.92
3.5
3.6
2.1
1.76
1.3
1.32
2.6
1.55
2.1
1.8
3.25
3.6
2.2
1.69
1.3
1.363
2.4
1.63
1.94
1.94
2.05
3.6
3.6
1.3
1.3
1.79
1.52
2.68
1.91
1.97
2.05
3.75
3.7
1.32
1.31
1.84
1.533
2.75
2.22
1.77
3.9
3.7
2
1.88
1.32
1.3
2.9
1.49
2.3
1.72
1.51
4.5
7.1
1.125
1.24
2.72
1.87
2.08
2.48
1.63
1.72
3.6
6
1.166
1.333
2.22
2.3
1.727
2.12
1.84
6.7
4.15
1.571
2.54
1.27
1.133
1.952
1.99
2.58
1.59
2.32
3.6
3.15
1.4
1.333
1.666
1.71
2.32
2.04
1.9
1.2
7.5
17
1.03
1.125
5.1
2.02
1.92
2.98
1.47
8
4.2
1.51
2.72
1.26
1.111
2.06
1.89
2.15
1.82
1.181
7
14
1.01
1.09
4.65
1.96
1.86
1.91
1.91
20
10
1.1
6.6
1.04
0
1.86
1.96
2.25
1.66
11
5
1.3
3.4
1.166
1.03
1.91
1.91
2.46
1.56
2.58
3.5
2.6
1.48
1.285
1.48
1.9
1.92
2.18
1.7
8.1
4.55
1.4
2.88
1.19
1.065
1.666
2.24
2.25
1.66
14
6.5
1.2
4.4
1.1
1.01
1.8
2.04
2.8
1.45
1.153
8
15
1.005
1.07
5.1
1.75
2.1
1.96
1.86
1.25
5.7
12
1.022
1.133
3.8
1.72
2.15
2.625
1.5
1.3
5.3
10
1.04
1.143
3.4
1.94
1.88
2.3
1.63
3.45
3.4
2.1
1.71
1.3
1.3
2.54
1.533
2.25
1.66
20
10
1.1
6.6
1.04
0
1.833
1.99
1.91
1.91
1.07
11
31
0
1.03
7.9
1.91
1.91
1.72
2.15
1.05
13
34
0
1.016
9.2
1.8
2.04
1.75
2.1
4.9
3.75
1.7
2.12
1.26
1.166
1.64
2.28
1.96
1.86
11
6
1.25
3.8
1.125
1.03
2.2
1.69
1.91
1.91
15
8
1.153
5.1
1.07
1.005
2.02
1.81
1.96
1.86
1.4
4.8
7.4
1.08
1.181
2.88
1.7
2.18
1.78
2.06
5.5
4
1.6
2.3
1.23
1.143
1.77
2.08
1.91
1.91
4.3
3.5
1.85
1.92
1.285
1.21
1.52
2.56
2.08
1.77
1.1
11
17
0
1.03
6.6
1.99
1.833
3
1.4
2.2
3.2
3.45
1.3
1.333
1.65
1.56
2.46
1.6
2.375
6.5
4.2
1.5
2.54
1.222
1.1
1.94
1.88
1.91
1.91
1.6
3.9
5.7
1.133
1.24
2.3
2.1
1.75
1.7
2.18
2.82
3.2
2.55
1.49
1.333
1.41
2.02
1.82
1.65
2.26
2.7
3.15
2.7
1.444
1.34
1.444
1.91
1.91
1.75
2.1
1.35
5
8.5
1.06
1.166
3.125
2
1.833
1.75
2.1
1.8
3.5
4.6
1.181
1.285
1.98
2.52
1.54
1.65
2.26
1.8
3.5
4.6
1.181
1.285
1.98
2.52
1.54
1.7
2.18
2.35
3.2
3.125
1.35
1.333
1.571
1.666
2.24
1.65
2.26
1.8
3.5
4.6
1.181
1.285
1.98
2.52
1.54
1.65
2.26
2
3.55
3.6
1.285
1.285
1.78
2.875
1.43
1.87
1.952
1.77
3.7
4.5
1.19
1.27
2.02
2.42
1.58
1.86
1.96
2.1
3.4
3.45
1.3
1.3
1.71
1.533
2.54
1.5
2.625
1.98
3.4
3.85
1.25
1.3
1.8
2.82
1.444
1.89
1.93
3.1
3.35
2.48
1.59
1.363
1.41
2.22
1.77
1.89
2.06
1.363
5.2
10
1.075
1.19
3.35
2.08
1.88
2.08
1.87
2.54
3.35
3
1.43
1.363
1.571
1.82
2.15
1.72
2.3
3.05
3.3
2.52
1.58
1.37
1.42
2.18
1.8
1.77
2.22
1.35
5.1
11
1.065
1.2
3.45
2.18
1.8
1.94
2
2.3
3.45
3.3
1.37
1.35
1.68
1.666
2.4
1.78
2.2
3.35
3.3
2.36
1.65
1.37
1.363
2.38
1.68
1.66
2.42
2.1
3.45
3.85
1.3
1.35
1.8
1.52
2.8
1.72
2.3
1.666
3.75
6.3
1.153
1.31
2.32
2.2
1.78
2.12
1.833
1.75
3.75
5.3
1.19
1.31
2.18
2.38
1.68
1.92
2.02
1.5
4.333
7.8
1.111
1.25
2.75
1.87
2.08
1.94
2
2.72
3.3
2.82
1.48
1.37
1.51
1.94
2
1.8
2.18
1.63
3.8
6.1
1.133
1.285
2.32
2.15
1.77
1.833
2.06
1.9
3.55
4.3
1.23
1.31
1.93
2.68
1.52
1.9
1.98
2
3.45
3.95
1.26
1.333
1.833
2.85
1.47
2.06
1.833
2.6
3.25
2.86
1.444
1.363
1.51
1.85
2.04
1.87
2.02
2
3.6
3.8
1.285
1.3
1.833
2.85
1.47
2.02
1.87
1.31
5.2
12
1.04
1.181
3.55
1.952
1.93
2.26
1.7
1.94
3.55
4.1
1.25
1.31
1.89
2.82
1.48
1.833
2.06
2.92
3.35
2.5
1.55
1.34
1.42
2.1
1.8
1.9
1.98
4.3
3.55
1.84
1.93
1.285
1.21
1.533
2.54
1.87
1.952
1.52
3.85
7.1
1.085
1.25
2.48
1.91
1.91
1.99
1.84
2.18
3.35
3.3
1.32
1.31
1.66
1.59
2.4
1.833
2
2.02
3.35
3.8
1.25
1.31
1.76
1.46
2.76
2.04
1.8
1.45
4.15
7.8
1.07
1.222
2.68
1.79
2.05
1.97
1.85
1.952
3.35
4.05
1.23
1.31
1.82
2.82
1.444
1.66
2.25
1.97
3.35
3.95
1.24
1.31
1.8
2.82
1.444
1.84
1.98
2.55
3.35
2.72
1.444
1.31
1.49
1.85
1.97
1.61
2.35
2.5
3.35
2.78
1.43
1.31
1.51
1.81
2.02
2.12
1.74
2.5
3.4
3
1.43
1.363
1.58
1.81
2.16
2.04
1.9
1.143
9
26
1.008
1.085
6.4
1.74
2.26
2.15
1.82
1.37
5.3
9.3
1.085
1.19
3.3
2.1
1.85
1.82
2.15
1.21
7.5
15
1.036
1.125
4.9
2.06
1.89
1.97
1.97
2.2
3.6
3.4
1.363
1.333
1.74
1.615
2.52
2.04
1.9
2.82
3.55
2.56
1.56
1.333
1.48
2.08
1.88
2.56
1.6
1.9
3.8
4.25
1.26
1.3
1.98
2.64
1.571
2.34
1.7
2.12
3.5
3.75
1.31
1.34
1.79
1.54
2.74
1.96
1.98
3.8
3.6
2.06
1.833
1.333
1.3
2.8
1.52
2.18
1.8
2.3
3.4
3.35
1.363
1.363
1.68
1.66
2.42
2.25
1.75
6
3.95
1.65
2.35
1.285
1.166
1.81
2.16
2.34
1.7
1.38
5
9.9
1.075
1.21
3.25
2.15
1.82
2.34
1.7
2.2
3.4
3.6
1.333
1.363
1.74
1.59
2.58
2.38
1.68
1.55
4.3
6.8
1.133
1.25
2.6
1.952
1.99
2.34
1.7
2.04
3.55
3.95
1.285
1.333
1.85
1.49
2.9
2.44
1.65
4.9
3.75
1.8
2.1
1.31
1.21
1.64
2.46
2.34
1.7
2.5
3.45
2.98
1.444
1.35
1.58
1.81
2.16
2.02
1.92
2.7
3.45
2.74
1.5
1.35
1.51
1.952
1.99
2.04
1.9
3.45
3.55
2.2
1.74
1.333
1.35
2.52
1.615
2.875
1.5
4
3.7
1.98
1.9
1.32
1.285
2.98
1.47
2.12
1.833
2.06
3.5
3.95
1.285
1.34
1.833
1.5
2.875
2
1.94
1.125
10.5
23
1.013
1.07
7
1.97
1.97
1.97
1.97
1.2
7.7
16
1.035
1.111
5.1
2
1.94
1.85
2.1
2.18
3.5
3.55
1.333
1.34
1.75
1.59
2.58
2.16
1.81
2.3
3.45
3.3
1.37
1.35
1.68
1.666
2.4
2.2
1.78
2.28
3.45
3.35
1.363
1.35
1.69
1.65
2.44
2.26
1.74
2.2
3.5
3.5
1.34
1.34
1.74
1.6
2.56
2.2
1.78
1.42
4.9
8.2
1.095
1.2
3
2.18
1.78
2.7
1.54
2.96
3.45
2.48
1.58
1.34
1.43
2.15
1.8
2.02
1.9
3.2
3.5
2.32
1.65
1.333
1.38
2.34
1.69
2.05
1.88
2.02
3.6
3.85
1.285
1.32
1.85
1.49
2.86
2.02
1.9
1.111
11
26
1.002
1.06
7.3
1.9
2.02
2.28
1.72
9.5
5.9
1.32
3.6
1.153
1.075
1.96
1.96
1.66
2.4
3.15
3.45
2.36
1.63
1.34
1.39
2.3
1.71
2.05
1.88
2.74
3.55
2.6
1.533
1.333
1.49
2.02
1.91
2.34
1.69
3.6
3.4
2.2
1.74
1.363
1.333
2.58
1.59
1.81
2.16
2.04
3.65
3.8
1.3
1.32
1.85
1.51
2.84
2.12
1.833
3.15
3.3
2.46
1.6
1.37
1.4
2.25
1.75
1.833
2.12
2.74
3.3
2.8
1.48
1.37
1.5
1.952
1.99
1.92
2.02
1.75
3.9
5.1
1.2
1.3
2.18
2.36
1.69
2.02
1.92
3.25
3.35
2.38
1.64
1.363
1.38
2.32
1.71
1.89
2.06
2.74
3.3
2.8
1.48
1.37
1.5
1.952
1.99
1.85
2.1
1.88
3.55
4.7
1.222
1.333
2
2.64
1.571
1.92
2.02
1.666
3.9
5.9
1.166
1.3
2.32
2.2
1.78
2.18
1.8
2.2
3.3
3.35
1.31
1.32
1.65
1.58
2.42
1.91
1.91
4.45
3.8
1.75
2.04
1.25
1.2
1.59
2.4
1.92
1.9
1.9
3.5
4.05
1.23
1.285
1.87
2.7
1.48
1.81
2.02
2.45
3.2
2.96
1.38
1.333
1.533
1.74
2.12
1.727
2.14
1.7
3.9
4.7
1.181
1.24
2.12
2.24
1.666
2.48
1.55
1.55
3.9
6.4
1.111
1.24
2.4
1.96
1.86
2.18
1.7
2.4
3.3
2.95
1.38
1.32
1.55
1.727
2.14
1.91
1.91
2.75
3.2
2.62
1.47
1.333
1.43
1.96
1.86
1.81
2.02
1.6
4
5.5
1.143
1.23
2.3
2.08
1.76
1.833
1.99
2.35
3.2
3.125
1.35
1.333
1.571
1.666
2.24
1.81
2.02
2.42
3.35
2.62
1.4
1.25
1.46
1.8
1.94
1.92
1.82
2.625
3.35
2.42
1.46
1.25
1.4
1.94
1.8
2
1.75
2.32
3.5
2.66
1.39
1.23
1.5
1.75
2
1.93
1.81
6
4
1.56
2.38
1.23
1.125
1.81
2.02
1.79
2.04
3.2
3.3
2.25
1.615
1.32
1.333
2.3
1.63
1.65
2.26
2.68
3.2
2.68
1.45
1.333
1.45
1.91
1.91
1.72
2.14
1.27
5.5
11
1.03
1.143
3.65
1.87
1.952
2.08
1.76
1.21
6.4
13
1.016
1.111
4.25
2.18
1.7
2.26
1.65
1.07
12
26
0
1.022
7.9
1.74
2.12
2.04
1.8
1.6
3.6
6.4
1.111
1.285
2.3
2.12
1.74
1.5
2.62
1.42
4.4
7.8
1.07
1.2
2.8
1.72
2.14
1.94
1.88
3.3
3.3
2.22
1.64
1.32
1.32
2.375
1.6
1.79
2.04
3.6
3.4
2.05
1.74
1.3
1.285
2.62
1.5
1.76
2.08
2.88
3.3
2.44
1.533
1.32
1.4
2.08
1.76
1.65
2.26
3.6
3.4
2.05
1.74
1.3
1.285
2.62
1.5
1.68
2.22
2.36
3.3
3
1.37
1.32
1.571
1.71
2.16
1.79
2.04
6
4
1.56
2.38
1.23
1.125
1.81
2.02
1.76
2.08
1.07
12
26
0
1.022
7.9
1.76
2.08
1.81
2.02
1.87
3.5
4.2
1.222
1.285
1.9
1.38
3.1
1.76
2.08
2.3
3.35
3.4
1.363
1.363
1.68
1.65
2.44
1.97
1.97
3.6
3.55
2.15
1.77
1.333
1.333
2.64
1.571
2.1
1.85
2
3.55
4.1
1.27
1.333
1.88
1.47
2.98
2.1
1.85
2.1
3.55
3.75
1.31
1.333
1.8
1.54
2.74
2.44
1.65
3.35
3.55
2.25
1.7
1.333
1.363
2.44
1.65
2.15
1.82
2.24
3.45
3.45
1.35
1.35
1.71
1.63
2.48
2.18
1.8
2.92
3.55
2.3
1.59
1.285
1.39
2.16
1.71
2.56
1.52
13
7.5
1.181
4.65
1.075
1.016
1.97
1.85
2.1
1.75
7.7
4.9
1.38
2.96
1.166
1.075
1.85
1.97
2.8
1.45
11
5.9
1.25
3.8
1.125
1.03
2.18
1.7
2.04
1.8
5.9
4.7
1.48
2.6
1.181
1.125
2
1.833
2.625
1.5
5.7
4.45
1.52
2.48
1.2
1.133
1.94
1.88
2.48
1.55
3.9
3.65
1.9
1.87
1.27
1.24
2.92
1.42
2.56
1.52
2.94
3.65
2.25
1.615
1.27
1.39
2.2
1.69
2.48
1.55
3.1
3.65
2.18
1.66
1.27
1.35
2.3
1.63
2.26
1.65
13
7.5
1.181
4.65
1.075
1.016
1.97
1.85
1.97
1.85
26
10.5
1.08
7.4
1.035
0
1.91
1.91
2.625
1.5
3.1
3.55
2.2
1.65
1.285
1.35
2.3
1.63
2.18
1.7
6.9
4.8
1.42
2.8
1.181
1.09
2.18
1.7
2.625
1.5
2.58
3.55
2.58
1.48
1.285
1.48
1.91
1.91
2.1
1.75
2.25
3.55
3
1.37
1.285
1.615
1.666
2.24
2.42
1.58
1.65
3.7
5.5
1.143
1.27
2.2
2.2
1.69
1.7
2.18
4.55
3.65
1.77
2.02
1.27
1.19
1.571
2.44
1.75
2.1
3.05
3.05
2.48
1.52
1.363
1.363
2.14
1.727
1.58
2.42
2.45
2.95
3.2
1.333
1.38
1.533
1.69
2.2
1.6
2.375
3.75
3.45
2
1.78
1.3
1.26
2.76
1.46
1.75
2.1
4.7
3.65
1.75
2.04
1.27
1.181
1.59
2.4
1.8
2.04
3.75
3.25
2.06
1.74
1.333
1.26
2.7
1.48
1.8
2.04
2.45
3.05
3.1
1.35
1.363
1.533
1.71
2.16
1.75
2.1
7.3
4.7
1.41
2.84
1.181
1.08
2.2
1.69
1.92
1.9
2.98
3.45
2.5
1.58
1.35
1.444
2.15
1.82
1.833
2.12
1.49
4.4
7.9
1.111
1.25
2.78
1.8
2.18
2.8
1.52
14
6.8
1.24
4.45
1.133
1.04
2.12
1.833
3.25
1.41
1.92
3.6
4.4
1.25
1.333
1.96
2.7
1.55
2.04
1.9
1.72
3.8
5.5
1.181
1.3
2.22
2.32
1.71
1.87
2.08
2.24
3.4
3.5
1.34
1.363
1.71
1.615
2.52
1.77
2.22
2.7
3.3
2.84
1.47
1.37
1.51
1.92
2.02
1.75
2.25
1.5
4.333
7.8
1.111
1.25
2.75
1.87
2.08
2.24
1.76
14
6.9
1.24
4.45
1.133
1.04
2.4
1.666
4.05
1.3
2.18
3.35
3.75
1.31
1.363
1.75
1.56
2.68
1.94
2
1.56
4.05
7.3
1.125
1.285
2.56
1.952
1.99
3.1
1.444
2.14
3.4
3.8
1.3
1.363
1.77
1.55
2.7
1.7
2.34
1.88
3.7
4.5
1.24
1.32
2
2.7
1.55
1.8
2.18
1.9
3.6
4.5
1.24
1.333
1.98
2.875
1.5
1.75
2.25
2.4
3.4
3.2
1.39
1.363
1.63
1.727
2.3
1.833
2.12
2.55
3.3
3.05
1.42
1.37
1.571
1.81
2.16
1.9
2.04
2.35
3.3
3.3
1.363
1.363
1.64
1.68
2.35
1.74
2.24
2.35
3.3
3.3
1.363
1.363
1.64
1.68
2.35
1.74
2.24
1.74
3.6
5.6
1.166
1.32
2.16
1.285
4.1
1.82
2.12
1.86
3.5
4.8
1.21
1.333
2
1.363
3.5
1.82
2.12
2.8
3.3
2.7
1.5
1.363
1.47
2
1.92
1.85
2.08
2.36
3.5
3.1
1.4
1.333
1.63
1.727
2.26
2.28
1.72
2.5
3.25
3.1
1.4
1.37
1.571
1.77
2.2
1.82
2.12
2.14
3.4
3.7
1.31
1.35
1.76
1.55
2.66
1.75
2.22
2.18
3.4
3.6
1.32
1.35
1.727
1.571
2.6
1.82
2.12
2.18
3.4
3.6
1.32
1.35
1.727
1.571
2.6
1.82
2.12
2.46
3.3
3.1
1.4
1.363
1.59
1.75
2.22
1.74
2.24
3.8
3.4
2.14
1.77
1.363
1.3
2.74
1.54
1.833
2.12
8.4
4.6
1.45
2.92
1.23
1.095
2.2
1.78
2
1.94
1.61
3.95
6.6
1.143
1.285
2.44
2.06
1.89
1.92
2.02
2.8
3.2
2.8
1.48
1.39
1.48
1.97
1.97
1.78
2.2
1.133
9.2
29
1.004
1.085
6.7
1.75
2.25
3.1
1.444
1.89
3.45
4.85
1.21
1.35
1.99
1.37
3.5
1.833
2.12
4
3.65
1.99
1.89
1.32
1.285
2.98
1.47
2
1.94
2.04
3.3
4.3
1.25
1.37
1.85
2.98
1.47
1.76
2.24
2
3.55
4.1
1.27
1.333
1.88
1.47
2.98
2.02
1.92
4.95
3.75
1.8
2.1
1.31
1.21
1.64
2.46
2.16
1.81
1.47
4.25
9.1
1.085
1.26
2.85
1.81
2.16
2.06
1.89
7.2
4
1.571
2.54
1.285
1.125
1.94
2
2.08
1.87
2.68
3.2
2.94
1.45
1.39
1.52
1.88
2.08
1.74
2.26
2.05
3.5
3.95
1.285
1.34
1.84
1.5
2.875
1.9
2.04
4
3.5
2.04
1.85
1.34
1.285
2.9
1.49
2
1.94
2.1
3.3
4.05
1.285
1.37
1.8
1.5
2.875
1.72
2.3
4.95
3.6
1.833
2.06
1.333
1.21
3.65
1.35
1.99
1.952
1.38
5
10
1.075
1.21
3.25
2.16
1.81
2.25
1.75
1.5
4.5
7.3
1.125
1.24
2.75
1.87
2.08
2.1
1.85
2.4
3.25
3.3
1.37
1.38
1.63
1.7
2.34
1.75
2.25
2.25
3.4
3.5
1.34
1.363
1.7
1.615
2.52
2.04
1.9
1.55
4.3
6.8
1.133
1.25
2.6
1.97
1.97
1.9
2.04
2.35
3.3
3.35
1.363
1.37
1.65
1.68
2.38
1.85
2.1
2.4
3.25
3.3
1.37
1.38
1.63
1.7
2.34
1.8
2.18
1.3
6
11
1.065
1.166
3.8
1.92
2.02
2.44
1.65
2.3
3.3
3.45
1.35
1.37
1.68
1.64
2.46
1.85
2.1
1.8
3.6
5.2
1.19
1.333
2.1
2.48
1.63
1.97
1.97
2.5
3.3
3.1
1.41
1.37
1.58
1.78
2.2
1.9
2.04
1.55
4.3
6.8
1.133
1.25
2.6
1.96
1.98
2.1
1.85
2.75
2.9
2.6
1.41
1.333
1.363
1.92
1.82
1.6
2.25
3.3
3
2.2
1.56
1.31
1.26
2.34
1.56
1.61
2.22
1.7
3.5
5.4
1.143
1.285
2.12
2.28
1.64
1.727
2.14
2.12
3.25
3.6
1.285
1.333
1.69
1.52
2.56
1.7
2.18
1.41
4.1
9.5
1.045
1.222
2.84
1.71
2.16
1.78
2.06
1.66
3.65
5.5
1.143
1.27
2.18
2.24
1.666
1.65
2.26
3.2
3.15
2.35
1.571
1.34
1.333
2.25
1.66
1.65
2.26
1.97
3.25
4.1
1.222
1.333
1.8
1.41
2.96
1.65
2.26
2.5
3.3
2.82
1.41
1.32
1.51
1.8
2.04
1.91
1.91
1.45
4.333
7.3
1.08
1.21
2.68
1.77
2.08
2.26
1.65
3.2
3.2
2.3
1.59
1.333
1.333
2.28
1.64
2.02
1.81
15
8
1.153
5.1
1.07
1.005
2.05
1.79
2.7
1.48
4.45
3
2
1.78
1.37
1.2
3.1
1.38
1.63
2.3
7.3
4.5
1.5
2.75
1.24
1.125
2.08
1.87
2.12
1.833
3.25
3.45
2.34
1.66
1.35
1.38
2.36
1.69
1.85
2.1
1.55
4.15
7.2
1.125
1.27
2.6
1.97
1.97
1.85
2.1
3.3
3.3
2.375
1.64
1.37
1.37
2.36
1.69
1.85
2.1
2.05
3.6
3.85
1.3
1.333
1.84
1.51
2.84
1.9
2.04
1.8
3.9
4.7
1.222
1.3
2.1
2.46
1.64
2.1
1.85
1.6
4.2
6.2
1.153
1.26
2.46
2.04
1.9
1.85
2.1
1.55
4.3
6.8
1.133
1.25
2.6
1.97
1.97
2.04
1.91
3.8
3.5
2.1
1.8
1.34
1.3
1.444
3.1
1.89
2.06
5.7
3.8
1.7
2.26
1.3
1.166
1.75
2.25
2.08
1.87
1.55
4.35
6.6
1.143
1.25
2.6
1.96
1.98
2.34
1.7
1.952
3.65
4.2
1.26
1.32
1.93
1.444
3.1
1.85
2.1
3.1
3.3
2.5
1.58
1.37
1.41
2.2
1.78
1.85
2.1
2.2
3.3
3.75
1.31
1.37
1.74
3.35
1.4
2
1.94
3.9
3.3
2.15
1.77
1.37
1.3
1.42
3.2
1.85
2.1
1.94
3.7
4.15
1.27
1.32
1.94
2.75
1.533
1.85
2.1
2.5
3.55
2.9
1.46
1.333
1.58
1.833
2.12
2.02
1.92
2.35
3.6
3.1
1.41
1.333
1.65
1.727
2.3
1.85
2.1
2.25
3.4
3.5
1.34
1.363
1.7
1.615
2.52
1.85
2.1
1.45
4.65
8.3
1.1
1.23
2.92
2.38
1.68
2.25
1.75
1.6
3.9
6.9
1.133
1.3
2.46
2.08
1.87
1.94
2
3.25
3.5
2.32
1.666
1.34
1.38
2.36
1.69
1.85
2.1
3
3.4
2.5
1.58
1.363
1.43
2.16
1.81
2
1.94
3.2
3.5
2.35
1.65
1.34
1.39
2.32
1.71
2.18
1.8
4.2
3.6
1.96
1.92
1.333
1.26
1.52
2.8
2.12
1.84
1.7
3.75
5.9
1.166
1.31
2.26
2.3
1.727
1.63
2.48
1.2
7.3
14
1.027
1.1
4.75
1.64
2.375
2.18
1.75
5.6
3.9
1.65
2.28
1.27
1.153
1.75
2.18
1.9
1.98
1.333
5.2
10
1.06
1.181
3.4
2.02
1.86
2.35
1.65
1.4
4.6
9.1
1.07
1.21
3.05
1.666
2.32
2.26
1.7
1.26
6
12
1.04
1.143
4
1.41
3.1
2.46
1.6
1.285
5.8
13
1.05
1.166
3.95
1.9
2.04
2.26
1.74
1.99
3.55
4.15
1.27
1.333
1.89
1.46
3.05
2.16
1.81
3.2
3.4
2.375
1.64
1.363
1.39
2.3
1.72
2.06
1.89
2.84
3.55
2.55
1.571
1.333
1.47
2.08
1.87
2.12
1.833
1.26
6.2
14
1.04
1.153
4.2
1.78
2.2
2.68
1.56
2.5
3.3
3.1
1.41
1.37
1.58
1.78
2.2
1.85
2.1
11
6.4
1.285
3.95
1.143
1.065
2.12
1.833
3.1
1.444
5.5
4
1.68
2.3
1.285
1.181
1.78
2.2
2.02
1.92
1.47
4.6
7.8
1.111
1.23
2.85
2.58
1.59
2.02
1.92
2.4
3.45
3.125
1.41
1.35
1.63
1.74
2.26
1.87
2.08
1.84
3.85
4.5
1.24
1.3
2.05
1.39
3.4
2.1
1.85
3.3
3.65
2.22
1.72
1.32
1.37
2.44
1.65
2.22
1.77
1.8
3.75
4.9
1.21
1.31
2.1
2.62
1.58
1.952
1.99
1.07
16
36
0
1.035
10.5
1.97
1.97
2.05
1.9
2.74
3.4
2.74
1.5
1.363
1.5
1.97
1.97
2.06
1.89
1.25
6.7
13
1.05
1.133
4.333
1.77
2.22
2.36
1.69
1.82
3.3
4.85
1.166
1.32
1.952
1.31
3.5
1.96
1.86
2
3.35
3.85
1.25
1.31
1.78
1.45
2.8
1.79
2.05
1.6
3.8
5.9
1.125
1.25
2.3
2.1
1.75
1.75
2.1
2.22
3.25
3.35
1.31
1.333
1.64
1.59
2.4
1.72
2.15
3.2
3.3
2.25
1.615
1.32
1.333
2.3
1.63
1.78
2.06
3.85
3.35
2
1.78
1.31
1.25
2.8
1.45
1.7
2.18
1.52
3.85
7.1
1.085
1.25
2.48
1.93
1.89
1.8
2.04
7.8
4.2
1.444
2.7
1.222
1.07
1.88
1.94
1.92
1.9
1.7
3.55
5.3
1.143
1.285
2.12
2.28
1.64
1.82
2.02
2.75
3.55
2.42
1.54
1.285
1.43
2.05
1.79
2.05
1.79
2.05
3.55
3.45
1.3
1.285
1.74
1.52
2.56
1.91
1.91
3.05
3.55
2.22
1.64
1.285
1.363
2.26
1.65
2.05
1.79
2.18
3.35
3.3
1.32
1.31
1.66
1.59
2.4
2.05
1.79
2.35
3.3
3.05
1.363
1.32
1.571
1.69
2.2
1.8
2.04
2.65
3.3
2.65
1.46
1.32
1.46
1.91
1.91
1.85
1.97
2.4
3.3
2.95
1.38
1.32
1.55
1.727
2.14
1.86
1.96
2.25
3.3
3.2
1.333
1.32
1.615
1.63
2.3
1.87
1.952
2.35
3.3
3.05
1.363
1.32
1.571
1.69
2.2
1.8
2.04
2.3
3.3
3.125
1.35
1.32
1.59
1.66
2.25
1.99
1.84
3.1
3.2
2.52
1.56
1.38
1.4
2.18
1.78
1.88
2.05
2.38
3.35
3.2
1.38
1.363
1.63
1.71
2.3
1.93
1.99
4.55
3.5
1.9
1.96
1.333
1.222
3.3
1.39
2.04
1.89
2.5
3.3
3.05
1.41
1.363
1.571
1.78
2.18
1.833
2.1
1.833
3.6
4.8
1.21
1.32
2.04
2.55
1.59
1.9
2.02
2.2
3.4
3.55
1.333
1.35
1.72
1.59
2.55
1.9
2.02
2.75
3.25
2.78
1.48
1.37
1.49
1.952
1.97
1.87
2.06
1.68
3.8
5.8
1.166
1.3
2.26
2.24
1.74
1.86
2.08
2.1
3.4
3.85
1.285
1.35
1.78
3.125
1.43
1.85
2.08
3.7
3.6
2.1
1.8
1.333
1.32
2.74
1.54
2.68
1.56
2.15
3.7
3.45
1.35
1.32
1.77
1.6
2.56
2.44
1.65
1.94
3.6
4.3
1.25
1.333
1.94
1.43
3.15
2.54
1.61
1.285
6.1
12
1.055
1.153
3.95
1.79
2.2
1.97
1.97
1.86
3.75
4.5
1.24
1.31
2.02
1.39
3.4
2.38
1.68
3.65
3.65
2.1
1.8
1.32
1.32
2.7
1.55
2.58
1.59
1.285
6.1
12
1.055
1.153
3.95
1.8
2.18
3.1
1.45
1.59
4.3
6.1
1.153
1.25
2.48
2
1.94
1.97
1.97
1.38
5
9.9
1.075
1.21
3.25
2.12
1.833
2.95
1.48
10
5.8
1.3
3.65
1.153
1.06
1.99
1.89
3.8
1.3
26
15
1.07
9.1
1.022
0
1.833
2.06
3.15
1.4
12
6.3
1.25
4.1
1.133
1.04
2.2
1.74
2.35
1.65
15
7
1.2
4.75
1.111
1.022
2.1
1.8
5.4
1.181
1.1
12
20
1.005
1.04
7.4
1.7
2.26
2.6
1.55
1.25
6.5
12
1.04
1.125
4.1
1.75
2.18
2.75
1.5
3.95
3.8
1.9
1.93
1.285
1.26
1.55
2.6
3.45
1.35
4.2
3.8
1.85
1.98
1.285
1.24
1.571
2.54
2.92
1.45
1.333
5.4
9.4
1.065
1.166
3.4
1.94
1.94
2.92
1.45
1.42
4.7
8
1.085
1.2
2.94
1.69
2.28
3.05
1.42
3.95
3.8
1.9
1.93
1.285
1.26
1.54
2.62
2.75
1.5
1.143
9
18
1.011
1.07
5.9
2
1.88
2.35
1.65
3.55
3.65
2.05
1.79
1.3
1.31
2.64
1.533
2.82
1.48
1.24
6.6
12
1.04
1.125
4.2
1.72
2.22
3.25
1.38
1.46
4.6
8.1
1.1
1.23
2.88
1.76
2.24
2.7
1.55
2.86
3.4
2.62
1.54
1.363
1.47
2.06
1.89
2.34
1.7
4.45
3.9
1.84
2.05
1.3
1.24
1.615
2.52
2.26
1.74
4.05
3.6
2
1.88
1.333
1.285
2.98
1.47
1.952
1.99
1.86
3.85
4.4
1.25
1.3
2.02
2.56
1.6
2.68
1.56
2.7
3.5
2.7
1.51
1.34
1.51
1.97
1.97
2.12
1.833
2.15
3.5
3.65
1.32
1.34
1.77
1.56
2.68
2.26
1.74
2.32
3.45
3.3
1.37
1.35
1.666
1.68
2.38
2.12
1.833
1.86
3.75
4.5
1.24
1.31
2.02
2.56
1.6
2.3
1.72
4.15
3.8
1.92
1.96
1.3
1.27
1.56
2.68
2.34
1.7
2.42
3.55
2.74
1.444
1.285
1.54
1.8
2.04
1.88
1.94
2.25
3.75
2.88
1.4
1.26
1.615
1.7
2.18
1.88
1.94
4
3.85
1.82
1.952
1.25
1.23
1.56
2.46
2.35
1.61
3.85
3.95
1.833
1.94
1.24
1.25
1.56
2.46
1.93
1.89
4.15
3.95
1.77
2.02
1.24
1.222
1.75
2.1
2
1.833
1.61
4.15
5.1
1.153
1.222
2.26
1.26
3.95
1.94
1.88
2.24
3.3
3.25
1.333
1.32
1.63
1.615
2.34
1.88
1.94
5.8
3.95
1.58
2.34
1.24
1.125
1.8
2.04
2.1
1.75
2.2
3.85
2.9
1.4
1.25
1.65
1.68
2.22
1.91
1.91
2.16
3.65
3.125
1.35
1.27
1.666
1.615
2.34
1.75
2.1
3.95
3.65
1.88
1.89
1.27
1.24
1.49
2.66
1.75
2.1
2.35
3.45
2.92
1.39
1.3
1.571
1.727
2.14
1.68
2.22
2.55
3.55
2.6
1.48
1.285
1.49
1.89
1.93
1.7
2.18
1.7
3.85
4.75
1.181
1.25
2.12
2.28
1.64
1.91
1.91
2.12
3.25
3.6
1.285
1.333
1.69
1.52
2.56
1.59
2.4
2.5
3.15
2.94
1.39
1.34
1.51
1.77
2.08
1.65
2.26
1.8
3.5
4.6
1.181
1.285
1.98
2.48
1.55
1.75
2.1
2.4
3.1
3.45
1.34
1.4
1.615
1.66
2.4
1.85
2.08
1.56
4
7.2
1.125
1.27
2.52
2
1.92
1.85
2.08
4.4
3.6
1.9
1.96
1.32
1.24
3.25
1.4
1.94
1.98
3.15
3.2
2.5
1.571
1.38
1.39
2.22
1.76
1.85
2.08
2.78
3
2.96
1.43
1.42
1.48
1.9
2.02
1.8
2.15
4.7
3.6
1.76
2.02
1.285
1.181
3.5
1.31
1.72
2.14
2.5
3.2
2.88
1.4
1.333
1.51
1.78
2.06
1.6
2.36
3.1
3.2
2.36
1.571
1.333
1.35
2.22
1.68
1.65
2.26
3.1
3.2
2.36
1.571
1.333
1.35
2.22
1.68
1.65
2.26
1.9
3.4
4.5
1.222
1.333
1.93
1.38
3.25
1.7
2.26
2.78
3.1
2.78
1.46
1.39
1.46
1.94
1.94
1.571
2.54
2.78
3.1
2.78
1.46
1.39
1.46
1.94
1.94
1.6
2.46
2.1
3.3
3.8
1.285
1.35
1.76
1.51
2.72
1.6
2.46
1.85
3.5
4.65
1.21
1.32
1.98
1.35
3.45
1.6
2.46
2.96
3.2
2.55
1.533
1.363
1.41
2.1
1.81
1.6
2.46
1.75
3.4
5.7
1.153
1.333
2.12
2.4
1.63
1.7
2.26
3.3
3.2
2.35
1.615
1.363
1.35
2.34
1.66
1.571
2.54
2.1
3.3
3.8
1.285
1.35
1.76
1.51
2.72
1.7
2.26
2.15
3.3
3.65
1.3
1.35
1.727
1.54
2.62
1.7
2.26
2.35
3.2
3.3
1.35
1.363
1.615
1.66
2.34
1.75
2.18
1.2
7.4
17
1.03
1.125
5.1
2.08
1.87
2.46
1.64
2.1
3.4
3.9
1.3
1.363
1.8
1.51
2.82
1.74
2.26
2.18
3.3
3.8
1.3
1.37
1.75
1.55
2.7
1.85
2.1
2.05
3.4
4.1
1.27
1.363
1.84
1.48
2.94
1.78
2.2
4
3.4
2.08
1.82
1.363
1.285
2.86
1.5
1.72
2.3
1.181
8.2
17
1.03
1.1
5.4
1.89
2.05
2.8
1.52
2.5
3.4
3
1.43
1.363
1.58
1.81
2.16
1.82
2.14
2.24
3.4
3.5
1.34
1.363
1.71
1.615
2.52
1.78
2.2
3.15
3.45
2.3
1.64
1.333
1.38
2.3
1.68
1.94
1.94
2
3.45
3.95
1.26
1.333
1.833
2.85
1.47
1.94
1.94
2.05
3.45
3.8
1.285
1.333
1.79
1.49
2.78
1.94
1.94
2.98
3.35
2.45
1.571
1.34
1.41
2.15
1.77
1.8
2.1
2.1
3.5
3.55
1.31
1.32
1.76
1.54
2.62
1.96
1.92
2.1
3.35
3.75
1.285
1.34
1.76
1.51
2.72
1.85
2.04
9.6
4.95
1.4
3.05
1.19
1.065
1.72
2.3
2.02
1.92
1.571
4.2
6.9
1.125
1.25
2.46
2.02
1.92
2.04
1.9
1.72
3.85
5.6
1.166
1.285
2.18
2.44
1.65
1.89
2.06
1.31
5.4
14
1.03
1.166
3.6
2.06
1.89
2.02
1.92
2.55
3.25
3.125
1.39
1.363
1.54
1.78
2.2
1.85
2.1
2.26
3.35
3.6
1.31
1.35
1.666
1.63
2.48
1.833
2.12
6.9
4.4
1.54
2.55
1.23
1.125
1.99
1.952
1.952
1.99
2.48
3.3
3.2
1.37
1.35
1.571
1.74
2.28
1.82
2.15
4.9
3.6
1.86
1.98
1.31
1.2
1.59
2.58
1.85
2.1
1.9
3.5
4.8
1.2
1.32
1.94
2.8
1.52
1.94
2
1.35
5.1
12
1.045
1.181
3.3
2.1
1.85
1.952
1.99
3.8
3.3
2.2
1.7
1.35
1.285
2.7
1.55
1.85
2.1
2.8
3.3
2.8
1.46
1.35
1.46
1.97
1.97
1.7
2.34
2.66
3.4
2.85
1.45
1.34
1.5
1.9
2.04
1.85
2.1
1.32
5.7
12
1.045
1.153
3.5
1.98
1.96
1.952
1.99
1.65
3.8
6.6
1.125
1.285
2.3
2.2
1.79
1.85
2.1
2
3.5
4.25
1.24
1.32
1.85
2.875
1.5
1.8
2.18
8
4.1
1.533
2.56
1.26
1.09
2
1.94
1.952
1.99
1.84
3.65
4.95
1.19
1.3
2
2.58
1.59
1.87
2.08
1.32
5.5
13
1.036
1.166
3.5
2.06
1.89
1.96
1.98
2.36
3.35
3.35
1.35
1.35
1.615
1.68
2.38
1.97
1.97
2.15
3.3
3.65
1.3
1.35
1.727
1.55
2.58
1.6
2.46
2.4
3.2
3.2
1.363
1.363
1.59
1.7
2.25
1.5
2.74
2.95
3.3
2.5
1.55
1.35
1.42
2.1
1.8
1.6
2.46
2.6
3.2
2.9
1.43
1.363
1.51
1.85
2.04
1.5
2.74
1.55
3.9
7.1
1.111
1.27
2.5
2
1.88
1.6
2.46
2.15
3.3
3.65
1.3
1.35
1.727
1.55
2.58
1.6
2.46
1.5
4.05
7.8
1.09
1.25
2.64
1.9
1.98
1.8
2.1
2.35
3.2
3.3
1.35
1.363
1.615
1.65
2.35
1.5
2.74
1.3
5.6
10.5
1.055
1.153
3.65
1.98
1.9
1.9
1.98
1.6
3.8
6.5
1.125
1.285
2.38
2.1
1.8
1.8
2.1
1.52
4.333
6.5
1.125
1.23
2.58
1.92
1.96
1.8
2.1
4.5
3.4
1.9
1.93
1.333
1.222
1.51
2.72
1.65
2.35
1.9
3.4
4.5
1.222
1.333
1.93
2.72
1.51
1.65
2.35
2.2
3.3
3.5
1.32
1.35
1.69
1.58
2.52
1.7
2.26
3.05
3.4
2.4
1.59
1.333
1.4
2.22
1.727
1.77
2.15
3.9
3.5
2
1.833
1.32
1.27
1.45
2.92
1.75
2.18
1.8
3.5
5
1.181
1.32
2.04
2.52
1.58
1.75
2.18
3.3
3.5
2.2
1.69
1.32
1.35
2.42
1.615
1.85
2.04
1.9
3.5
4.35
1.23
1.32
1.93
2.72
1.51
1.6
2.46
1.181
6.1
12
0
1.07
4
1.92
1.82
2.16
1.65
1.7
3.5
4.55
1.143
1.23
1.97
2.25
1.6
1.7
2.08
1.7
3.5
4.55
1.143
1.23
1.97
2.25
1.6
1.7
2.08
1.222
5.7
10
1.004
1.085
3.6
1.7
2.08
2.08
1.7
2.45
3.5
2.75
1.43
1.285
1.533
1.8
2.04
2.1
1.75
2.95
3.65
2.25
1.615
1.27
1.38
2.2
1.69
2.8
1.45
3.55
3.55
2.02
1.76
1.285
1.285
2.625
1.5
2.26
1.65
2.25
3.55
3
1.37
1.285
1.615
1.66
2.25
2.26
1.65
4.85
3.8
1.7
2.12
1.25
1.166
1.64
2.28
1.8
2.04
1.2
6.8
13
1.016
1.095
4.4
2.08
1.76
2.48
1.55
7.1
4.4
1.45
2.68
1.2
1.085
2.06
1.78
2.1
1.75
2.96
3.05
2.55
1.49
1.363
1.38
2.06
1.78
1.7
2.18
5.9
4.1
1.55
2.4
1.222
1.125
1.85
1.97
1.86
1.96
1.153
7.7
16
1.001
1.075
5.1
1.86
1.96
1.75
2.1
1.85
3.5
4.3
1.21
1.285
1.92
2.6
1.51
1.7
2.18
2.94
3
2.6
1.48
1.37
1.39
2.04
1.8
1.75
2.1
1.05
15
26
0
1.005
9.2
1.91
1.91
2.26
1.65
2.62
3.4
2.86
1.47
1.363
1.54
1.89
2.06
1.666
2.4
2.35
3.5
3.2
1.39
1.34
1.65
1.71
2.32
1.615
2.52
5.1
3.5
1.833
2.06
1.34
1.2
1.59
2.58
1.72
2.3
1.41
4.85
9
1.085
1.21
3.1
1.71
2.32
1.87
2.08
46
19
1.05
13
1.022
0
2.1
1.85
2.7
1.55
3.25
3.7
2.24
1.71
1.32
1.38
2.4
1.666
1.85
2.1
1.05
21
41
0
1.017
13
1.8
2.18
2.1
1.85
1.2
8
15
1.036
1.111
5.1
1.94
2
1.97
1.97
1.5
4.5
7.3
1.125
1.24
2.75
1.86
2.1
1.7
2.34
2.55
3.6
2.82
1.48
1.333
1.571
1.88
2.08
1.85
2.1
1.38
4.9
10.5
1.07
1.21
3.25
2.2
1.79
1.92
2.02
1.07
17
31
1.001
1.03
10.5
1.7
2.34
2.7
1.55
2.3
3.35
3.4
1.363
1.363
1.68
1.65
2.44
1.7
2.34
20
8.4
1.166
5.8
1.095
1.019
2.1
1.85
2.56
1.6
1.065
14
67
0
1.04
11
2.15
1.82
1.65
2.44
1.45
4.65
8.3
1.1
1.23
2.92
2.36
1.69
2.44
1.65
1.25
6.3
15
1.036
1.153
4.333
1.85
2.1
2.2
1.79
2.1
3.4
3.9
1.3
1.363
1.8
1.51
2.84
1.75
2.25
1.8
3.6
5.2
1.19
1.333
2.1
2.48
1.63
1.76
2.24
4.6
3.8
1.833
2.06
1.3
1.23
1.6
2.56
1.99
1.952
1.76
3.9
4.95
1.21
1.3
2.16
2.4
1.666
1.97
1.97
5.1
3.85
1.75
2.18
1.3
1.2
1.68
2.38
1.9
2.04
26
13
1.1
8.2
1.05
1.008
1.78
2.2
2.875
1.5
1.952
3.65
4.2
1.26
1.32
1.93
2.8
1.52
1.666
2.4
1.2
7.2
19
1.022
1.125
5.1
1.99
1.952
2.3
1.72
1.99
3.45
4.3
1.25
1.35
1.89
2.95
1.48
1.78
2.2
1.77
3.65
5.4
1.181
1.32
2.15
2.44
1.65
1.77
2.22
2.1
3.45
3.85
1.3
1.35
1.8
1.52
2.8
1.75
2.25
1.06
13
26
0
1.016
8.5
1.6
2.375
1.65
2.26
5.5
3.7
1.65
2.2
1.27
1.143
1.727
2.14
2.48
1.55
4.8
3.4
1.8
1.98
1.3
1.181
1.56
2.46
2.375
1.6
1.8
3.4
4.8
1.181
1.3
1.98
2.46
1.56
2.375
1.6
3.25
3.6
2.2
1.69
1.3
1.363
2.4
1.63
2.52
1.58
1.75
3.65
5.1
1.181
1.3
2.12
2.35
1.65
2.46
1.6
2.1
3.55
3.5
1.32
1.31
1.76
1.55
2.6
2.35
1.65
4.05
3.55
1.952
1.88
1.31
1.25
2.95
1.444
2.35
1.65
26
15
1.07
9.1
1.022
1.001
1.86
2.02
1.75
2.18
14
7.6
1.19
4.9
1.095
1.027
1.9
1.98
1.94
1.94
4.6
3.6
1.77
2.02
1.285
1.181
3.45
1.32
1.84
1.98
2.86
3.4
2.4
1.55
1.3
1.41
2.08
1.76
1.98
1.84
1.99
3.5
3.7
1.27
1.285
1.79
1.47
2.72
2.14
1.72
1.5
4.2
6.5
1.1
1.222
2.54
1.86
1.96
2.45
1.56
1.32
5.2
9.1
1.05
1.153
3.3
2.02
1.81
2.14
1.72
1.69
3.85
5.7
1.166
1.3
2.28
2.25
1.75
1.98
1.96
2.1
3.45
3.85
1.3
1.35
1.8
1.52
2.8
1.92
2.02
2.3
3.4
3.35
1.363
1.363
1.68
1.66
2.42
2.04
1.9
2.16
3.45
3.65
1.32
1.35
1.76
1.571
2.64
1.92
2.02
2
3.5
4.15
1.27
1.34
1.88
1.46
3.05
2.04
1.9
2.22
3.45
3.5
1.34
1.35
1.72
1.61
2.54
2
1.94
1.909
3.85
4.15
1.27
1.3
1.97
2.68
1.56
2
1.94
1.9
4
4
1.285
1.285
1.98
2.68
1.56
2.02
1.92
3.95
3.65
2
1.88
1.32
1.285
2.95
1.48
1.9
2.04
2.2
3.125
3.5
1.285
1.35
1.65
1.55
2.48
1.5
2.625
2.92
3.45
2.35
1.571
1.3
1.39
2.14
1.727
1.55
2.48
1.85
3.35
4.55
1.19
1.31
1.92
1.34
3.3
1.5
2.625
1.63
3.8
6.4
1.143
1.3
2.36
2.15
1.8
1.78
2.18
1.91
3.5
4.5
1.23
1.333
1.952
1.4
3.25
1.71
2.3
1.75
3.6
5.5
1.181
1.32
2.15
1.285
4.1
1.71
2.3
1.82
3.5
5.1
1.19
1.333
2.05
1.333
3.7
1.63
2.45
1.2
7
18
1.02
1.125
4.95
2.08
1.85
2.24
1.74
13
6
1.27
4
1.153
1.045
2.14
1.81
2.58
1.58
6.8
4.2
1.55
2.56
1.25
1.125
1.952
1.97
2
1.92
2.75
3.3
2.75
1.49
1.363
1.49
1.96
1.96
1.74
2.24
1.5
4.5
7
1.125
1.23
2.7
1.88
2.04
1.96
1.96
2.24
3.5
3.05
1.363
1.285
1.63
1.66
2.25
1.833
2
2.65
3.3
2.65
1.46
1.32
1.46
1.91
1.91
1.85
1.97
2.2
3.5
3.15
1.34
1.285
1.65
1.615
2.34
1.87
1.952
5.2
3.7
1.68
2.14
1.27
1.153
1.65
2.26
1.8
2.04
17
7.5
1.153
5.1
1.075
0
2.22
1.68
2.625
1.5
2.2
3.5
3.15
1.34
1.285
1.65
1.615
2.34
1.75
2.1
8.5
4.75
1.37
3
1.181
1.06
2.3
1.63
1.952
1.87
12
5.7
1.25
3.8
1.133
1.022
2.08
1.77
2.92
1.42
2.05
3.55
3.45
1.3
1.285
1.74
1.52
2.56
1.99
1.833
2.96
3.5
2.3
1.59
1.285
1.38
2.18
1.7
1.833
2
16
7.7
1.153
5.1
1.075
1.001
2.48
1.55
2.375
1.6
1.85
3.5
4.3
1.21
1.285
1.92
2.6
1.51
1.833
2
1.45
4.6
6.6
1.1
1.181
2.68
1.75
2.1
1.85
1.97
17
7.5
1.153
5.1
1.075
0
1.99
1.833
2.625
1.5
2.15
3.5
3.25
1.333
1.285
1.68
1.59
2.4
1.8
2.04
2.15
3.4
3.35
1.31
1.3
1.68
1.571
2.44
1.833
2
3.75
3.75
1.9
1.87
1.26
1.26
1.51
2.6
1.87
1.952
5
3.75
1.74
2.12
1.285
1.181
1.666
2.32
2.16
1.76
1.86
3.5
4.55
1.21
1.32
1.97
2.6
1.55
1.89
1.99
3.05
3.4
2.4
1.59
1.333
1.4
2.22
1.727
1.96
1.92
2.38
3.55
2.94
1.42
1.31
1.6
1.75
2.18
1.92
1.96
4.15
3.75
1.87
1.96
1.285
1.25
1.55
2.6
2.08
1.82
2.3
2.9
3.8
1.285
1.43
1.64
1.56
2.56
1.79
2.12
2.88
3
2.76
1.47
1.41
1.43
1.98
1.9
1.89
1.99
4.25
3.3
2.05
1.84
1.37
1.26
3.05
1.46
1.7
2.34
1.8
3.55
5.3
1.19
1.333
2.1
1.32
3.9
1.7
2.34
10
4.5
1.42
3.05
1.24
1.075
2.3
1.72
1.85
2.1
1.952
3.45
4.45
1.24
1.35
1.93
1.42
3.2
1.666
2.4
2.3
3.25
3.55
1.333
1.38
1.68
1.63
2.48
1.65
2.44
1.952
3.4
4.55
1.23
1.363
1.93
1.41
3.25
1.65
2.44
1.285
5.8
13
1.05
1.166
3.95
1.9
2.04
2.04
1.9
2.2
3.25
3.8
1.3
1.38
1.74
1.55
2.7
1.68
2.38
3.15
3.25
2.5
1.58
1.38
1.4
2.22
1.77
1.72
2.3
1.3
5.5
14
1.04
1.181
3.8
1.92
2.02
2.18
1.8
2.25
3.35
3.55
1.333
1.363
1.7
1.61
2.54
1.65
2.44
1.75
3.55
5.8
1.166
1.333
2.18
2.4
1.666
1.68
2.38
1.58
3.8
7.7
1.111
1.3
2.52
2.04
1.909
1.75
2.25
2.3
3.15
3.65
1.32
1.4
1.68
1.61
2.54
1.6
2.56
2.68
3.15
2.98
1.444
1.4
1.52
1.87
2.08
1.65
2.44
1.9
3.45
4.75
1.222
1.35
1.98
1.38
3.45
1.68
2.38
2.8
3.15
2.85
1.47
1.4
1.48
1.96
1.98
1.615
2.52
4.8
3.6
1.85
2.04
1.333
1.222
3.55
1.363
1.85
2.1
2.5
3.25
3.15
1.4
1.38
1.58
1.77
2.22
1.75
2.25
1.9
3.35
5
1.21
1.363
1.98
2.68
1.56
1.75
2.25
2.25
3.2
3.7
1.32
1.39
1.7
1.58
2.62
1.8
2.18
2.98
3.2
2.65
1.533
1.39
1.444
2.1
1.86
1.65
2.44
1.4
4.8
9.7
1.08
1.222
3.15
2.25
1.75
1.94
2
2
3.3
4.5
1.24
1.37
1.88
2.9
1.49
1.75
2.25
2.7
3.2
2.92
1.45
1.39
1.51
1.9
2.04
1.75
2.25
2.86
3.2
2.75
1.5
1.39
1.47
2.02
1.93
1.85
2.1
1.7
3.5
6.6
1.143
1.34
2.26
2.26
1.74
1.85
2.1
3
3.25
2.6
1.55
1.38
1.43
2.12
1.84
1.8
2.18
1.85
3.45
5
1.2
1.34
2.02
1.34
3.65
1.75
2.22
1.85
3.45
5
1.2
1.34
2.02
1.34
3.65
1.75
2.22
2.35
3.15
3.45
1.34
1.39
1.64
1.65
2.42
1.7
2.32
2.55
3.15
3.1
1.4
1.39
1.55
1.79
2.16
1.65
2.42
2.35
3.15
3.45
1.34
1.39
1.64
1.65
2.42
1.65
2.42
2
3.25
4.5
1.23
1.37
1.86
1.42
3.15
1.68
2.35
1.9
3.25
5.1
1.19
1.37
1.96
1.34
3.65
1.72
2.28
2.3
3.15
3.6
1.32
1.39
1.66
1.61
2.5
1.65
2.42
2.4
3.15
3.35
1.363
1.39
1.615
1.68
2.35
1.68
2.35
2
3.25
4.5
1.23
1.37
1.86
1.42
3.15
1.615
2.5
1.39
4.5
8.8
1.055
1.19
2.92
1.68
2.22
1.952
1.87
2.35
3.3
3.05
1.363
1.32
1.571
1.69
2.2
1.89
1.93
2.2
3.3
3.35
1.31
1.32
1.65
1.58
2.42
1.68
2.22
10
4.55
1.363
3.05
1.19
1.04
1.727
2.14
2.05
1.79
1.68
3.7
5.2
1.153
1.27
2.14
2.24
1.666
1.87
1.952
1.75
3.7
4.6
1.181
1.27
2.04
2.4
1.59
1.9
1.92
1.909
3.5
4
1.23
1.285
1.86
2.72
1.47
1.75
2.1
6.6
4.6
1.45
2.68
1.181
1.1
2.06
1.78
2.1
1.75
2.9
3.2
2.5
1.51
1.333
1.4
2.06
1.78
1.75
2.1
3.05
3.2
2.4
1.55
1.333
1.363
2.16
1.71
1.8
2.04
1.5
4.3
6.3
1.111
1.21
2.54
1.88
1.94
2.1
1.75
6.8
4.25
1.54
2.58
1.25
1.125
1.98
1.94
2.46
1.63
4.15
3.7
1.92
1.94
1.31
1.26
1.52
2.76
1.75
2.22
2.45
3.25
3.2
1.38
1.37
1.59
1.727
2.26
2
1.92
2
3.6
3.95
1.285
1.32
1.86
2.86
1.49
2.42
1.65
1.7
4.2
4.9
1.2
1.25
2.24
2.24
1.74
2.42
1.65
6.2
4.1
1.6
2.44
1.26
1.143
1.88
2.05
2.44
1.64
1.51
4.45
6.9
1.125
1.23
2.68
1.88
2.05
2.32
1.7
1.5
4.5
7
1.125
1.23
2.7
1.87
2.06
2.05
1.88
2.58
3.4
2.9
1.46
1.363
1.55
1.85
2.1
1.85
2.1
1.63
4
6.1
1.153
1.285
2.4
2.12
1.833
1.85
2.1
4.2
3.7
1.93
1.952
1.32
1.26
3.1
1.444
2.1
1.85
1.7
4.1
5.2
1.19
1.27
2.26
2.25
1.75
2.44
1.65
2.7
3.4
2.65
1.5
1.333
1.48
1.96
1.92
2.06
1.833
2.15
3.45
3.5
1.32
1.333
1.727
1.571
2.54
2.22
1.72
1.952
3.6
3.95
1.26
1.3
1.88
2.78
1.49
2.22
1.72
3.35
3.6
2.15
1.727
1.3
1.34
2.48
1.59
2.26
1.7
3.55
3.5
2.1
1.76
1.32
1.31
2.62
1.54
2.18
1.75
3.55
3.6
2.15
1.77
1.333
1.333
2.62
1.58
2.08
1.88
1.3
5.6
13
1.05
1.181
3.8
1.79
2.2
2.56
1.6
2.56
3.45
2.9
1.46
1.35
1.56
1.85
2.1
2.1
1.85
1.5
5
6.3
1.153
1.21
2.75
1.87
2.08
2.2
1.78
2.1
3.55
3.75
1.31
1.333
1.8
1.54
2.74
1.94
2
1.952
3.55
4.35
1.25
1.333
1.93
1.43
3.15
2.04
1.9
2.76
3.5
2.65
1.533
1.34
1.5
2.02
1.93
1.9
2.04
3.55
3.45
2.2
1.74
1.35
1.333
2.58
1.59
1.97
1.97
3.4
3.35
2.3
1.68
1.363
1.363
2.44
1.65
1.85
2.1
3.3
3.45
2.3
1.68
1.35
1.37
2.4
1.666
1.88
2.08
2.05
3.6
3.85
1.3
1.333
1.84
2.95
1.48
2.34
1.7
1.35
5.7
9.1
1.085
1.166
3.45
2.08
1.87
2.25
1.75
2.7
3.5
2.7
1.51
1.34
1.51
1.97
1.97
1.97
1.97
1.4
5
9
1.085
1.21
3.15
2.2
1.78
2.34
1.7
2.15
3.4
3.75
1.31
1.363
1.77
1.55
2.7
2.18
1.8
3.5
3.45
2.14
1.727
1.333
1.32
1.41
3.1
2.28
1.69
9.5
5.2
1.37
3.3
1.19
1.08
2.64
1.571
2.32
1.71
1.81
3.75
4.85
1.21
1.31
2.1
2.48
1.63
2
1.94
1.86
3.6
4.75
1.222
1.333
2.02
2.58
1.59
1.9
2.04
2.05
3.5
3.95
1.285
1.34
1.84
2.98
1.47
1.87
2.08
2.85
3.45
2.6
1.55
1.35
1.47
2.08
1.88
2
1.94
3.85
3.45
2.1
1.8
1.35
1.3
2.8
1.52
1.833
2.12
2.3
3.65
2.875
1.4
1.27
1.59
1.72
2.15
2.56
1.52
1.69
3.9
4.8
1.181
1.24
2.12
2.2
1.69
2.56
1.52
1.86
3.7
4
1.23
1.27
1.909
1.4
3
2.4
1.59
2.55
3.65
2.55
1.49
1.27
1.49
1.91
1.91
2.375
1.6
1.166
7.5
15
1.005
1.075
4.9
1.88
1.94
3.4
1.333
2.46
3.6
2.68
1.45
1.285
1.533
1.833
1.99
2.48
1.55
3
3.65
2.22
1.64
1.27
1.37
2.25
1.66
2.52
1.54
2.6
3.6
2.52
1.5
1.285
1.48
1.94
1.88
2.2
1.69
2.82
3.6
2.35
1.571
1.285
1.41
2.1
1.75
2.54
1.533
2.42
3.6
2.72
1.444
1.285
1.54
1.8
2.04
2.52
1.54
4.3
3.5
1.85
1.92
1.285
1.21
1.51
2.6
1.91
1.91
1.952
3.5
3.85
1.25
1.285
1.82
2.8
1.45
1.79
2.05
5.5
3.9
1.615
2.26
1.24
1.143
1.75
2.1
2.2
1.69
1.8
3.8
4.2
1.222
1.25
1.98
2.46
1.56
1.91
1.91
3.6
3.55
2.08
1.77
1.31
1.3
2.64
1.533
1.92
1.96
1.77
3.8
4.7
1.2
1.285
2.08
2.4
1.63
2.22
1.727
1.952
3.85
3.7
1.3
1.285
1.88
1.48
2.82
2.6
1.55
2.55
3.65
2.66
1.49
1.3
1.533
1.9
1.98
2.02
1.87
1.91
3.6
4.15
1.25
1.3
1.92
2.68
1.52
2.16
1.76
2.96
3.125
2.5
1.51
1.35
1.38
2.08
1.76
1.66
2.25
2.72
3.25
2.62
1.47
1.333
1.444
1.952
1.87
1.72
2.15
2.1
3.45
3.65
1.3
1.333
1.76
1.533
2.64
2.05
1.84
1.35
4.8
11
1.05
1.2
3.3
2.1
1.8
1.87
2.02
1.71
3.65
5.5
1.166
1.3
2.18
2.3
1.68
1.74
2.2
1.64
3.75
6.1
1.133
1.285
2.3
2.16
1.76
1.8
2.1
1.58
3.8
6.9
1.111
1.285
2.42
2.05
1.84
1.75
2.18
1.52
4.1
7.2
1.111
1.25
2.58
1.91
1.97
1.89
1.99
2.98
3.35
2.56
1.56
1.363
1.444
2.12
1.833
1.92
2.02
2.3
3.45
3.3
1.37
1.35
1.68
1.666
2.4
2.08
1.88
3.15
3.35
2.44
1.61
1.363
1.4
2.25
1.75
2.04
1.9
2.06
3.6
3.8
1.3
1.333
1.833
1.52
2.8
2.3
1.72
1.363
5.3
9.8
1.075
1.19
3.35
2.08
1.87
2.7
1.55
5.3
3.9
1.72
2.22
1.3
1.19
1.727
2.3
2.38
1.68
1.91
3.8
4.2
1.26
1.3
1.97
2.68
1.56
2.12
1.833
3.3
3.35
2.35
1.65
1.363
1.37
2.36
1.69
2.04
1.9
2.66
3.4
2.82
1.48
1.363
1.533
1.9
2.04
2.38
1.68
41
26
1.005
15
0
0
1.91
1.91
1.91
1.91
2.12
3.8
3.1
1.35
1.25
1.69
1.61
2.35
2.48
1.55
1.4
5.3
6.4
1.111
1.143
2.88
1.571
2.44
2.625
1.5
3.2
3.45
2.2
1.65
1.3
1.333
2.35
1.61
2.26
1.65
41
23
1.01
14
0
0
1.91
1.91
1.91
1.91
1.98
3.6
3.65
1.27
1.285
1.8
1.47
2.72
2.26
1.65
1.005
26
41
0
0
15
1.91
1.91
1.91
1.91
