2.94
3.4
2.46
1.571
1.333
1.42
2.14
1.78
2
1.88
2.3
3.15
3.45
1.333
1.38
1.64
1.615
2.42
1.571
2.54
2.6
3.1
2.98
1.41
1.39
1.51
1.82
2.08
1.63
2.4
2.55
3.4
2.82
1.45
1.333
1.533
1.85
2.04
1.98
1.9
2.48
3.65
2.74
1.47
1.3
1.56
1.85
2.04
1.85
2.04
2.1
4
3.15
1.38
1.26
1.76
1.615
2.42
1.71
2.24
2.7
3.3
2.7
1.48
1.35
1.48
1.94
1.94
1.88
2
2.4
3.35
3.05
1.4
1.34
1.59
1.727
2.22
1.65
2.35
2.64
3.5
2.64
1.5
1.32
1.5
1.94
1.94
1.56
2.56
2.5
3
3.25
1.363
1.41
1.55
1.72
2.22
1.533
2.64
2.62
2.95
3.125
1.38
1.42
1.51
1.78
2.14
1.52
2.68
2.25
3.6
3.125
1.38
1.3
1.666
1.666
2.32
1.615
2.42
2.66
3.45
2.66
1.49
1.333
1.49
1.94
1.94
2.08
1.82
2.45
3.5
2.875
1.444
1.32
1.571
1.8
2.1
1.6
2.46
2.45
3
3.35
1.34
1.41
1.571
1.68
2.3
1.54
2.62
2.1
3.8
3.3
1.35
1.285
1.76
1.59
2.48
1.6
2.46
2.32
3.9
2.82
1.45
1.27
1.63
1.77
2.15
2.4
1.63
2.05
4.05
3.25
1.363
1.25
1.79
1.58
2.52
2.22
1.727
2.52
4.05
2.52
1.54
1.25
1.54
1.94
1.94
1.66
2.34
2.12
4
3.125
1.38
1.26
1.74
1.63
2.4
1.79
2.12
2.9
3.125
2.65
1.5
1.38
1.43
2.02
1.86
1.6
2.46
2.6
3.45
2.6
1.48
1.3
1.48
1.91
1.91
2.1
1.75
1.85
3.55
4.25
1.21
1.285
1.92
2.54
1.533
1.96
1.86
4.05
3.45
1.92
1.85
1.3
1.23
1.49
2.66
2.02
1.82
2.2
3.35
3.3
1.32
1.31
1.65
1.59
2.4
1.96
1.86
2.15
3.35
3.4
1.3
1.31
1.68
1.56
2.46
1.8
2.04
2.5
3.6
2.875
1.46
1.333
1.58
1.84
2.12
2.25
1.75
4
3.55
2.02
1.87
1.333
1.285
1.49
2.9
2.2
1.79
1.6
4.3
5.9
1.166
1.25
2.46
2.06
1.89
2.26
1.74
2.02
3.6
3.95
1.285
1.333
1.87
2.9
1.49
2.12
1.833
6.8
4.55
1.52
2.68
1.23
1.133
2.06
1.89
2.74
1.54
1.74
3.5
5.5
1.166
1.32
2.12
2.35
1.65
2.1
1.8
1.42
5
7.2
1.111
1.181
2.94
1.7
2.26
2.95
1.444
2.84
3.2
2.65
1.5
1.363
1.444
2.02
1.87
2.05
1.84
1.48
4.45
7.1
1.111
1.222
2.7
1.76
2.16
2.375
1.64
2.76
3.3
2.86
1.47
1.37
1.5
1.94
2.02
1.833
2.15
8.9
4.9
1.43
3
1.21
1.09
1.75
2.28
2.375
1.7
3.7
3.45
2.2
1.74
1.35
1.32
2.65
1.58
1.89
2.08
1.37
5.4
9.9
1.075
1.181
3.3
2.1
1.87
2.48
1.65
1.31
5.9
12
1.055
1.166
3.75
1.97
1.99
2.26
1.76
2.2
3.35
3.8
1.3
1.363
1.74
1.56
2.7
1.86
2.12
1.56
4.05
7.8
1.111
1.285
2.56
1.98
1.98
1.98
1.98
2.76
3.35
2.82
1.48
1.363
1.5
1.96
2
1.96
2
1.77
3.65
5.7
1.166
1.32
2.15
2.38
1.69
2
1.96
1.43
5
8.6
1.095
1.21
3
2.3
1.74
2.1
1.87
2.35
3.35
3.45
1.35
1.363
1.65
1.666
2.44
2.14
1.84
6
3.6
1.75
2.18
1.333
1.166
1.71
2.35
2.04
1.92
1.72
3.7
6.1
1.153
1.32
2.22
2.3
1.74
1.94
2.02
2.15
3.45
3.85
1.3
1.35
1.77
1.54
2.78
1.92
2.04
1.24
6.8
16
1.035
1.133
4.45
1.7
2.375
2.44
1.666
2.82
3.25
2.84
1.47
1.38
1.48
1.97
1.99
1.72
2.34
6.2
3.85
1.68
2.3
1.3
1.153
1.79
2.22
2.14
1.84
2.12
3.35
4.1
1.27
1.363
1.79
1.5
2.92
1.79
2.22
2.2
3.4
3.75
1.31
1.363
1.74
1.571
2.68
2.26
1.76
2.3
3.35
3.55
1.333
1.363
1.68
1.63
2.52
1.94
2.02
2.8
3.3
2.82
1.48
1.37
1.48
1.97
1.99
1.88
2.1
1.952
3.5
4.6
1.23
1.34
1.93
2.78
1.54
2.06
1.9
6
3.85
1.7
2.26
1.3
1.166
1.76
2.26
2
1.96
1.333
5.7
11
1.065
1.166
3.55
2
1.96
2.5
1.64
1.58
4.15
7.1
1.125
1.27
2.52
2.02
1.94
1.94
2.02
1.363
5.5
10
1.075
1.181
3.35
2.08
1.89
2.375
1.7
2.42
3.4
3.25
1.38
1.363
1.615
1.727
2.32
1.81
2.18
1.6
4.05
7
1.125
1.285
2.46
2.05
1.91
2.1
1.87
7.1
4.35
1.55
2.6
1.25
1.125
2
1.96
2.24
1.78
2.3
3.4
3.5
1.34
1.363
1.68
1.64
2.5
2.02
1.952
1.78
3.5
6
1.166
1.34
2.14
2.45
1.66
1.74
2.3
1.9
3.5
4.7
1.222
1.34
1.98
2.68
1.56
2
1.94
2.65
3.35
2.86
1.47
1.363
1.533
1.9
2.04
1.97
1.97
2.5
3.4
3
1.43
1.363
1.58
1.81
2.16
1.85
2.1
2.76
3.4
2.7
1.51
1.363
1.5
1.99
1.952
1.82
2.15
2.45
3.4
3.1
1.41
1.363
1.61
1.76
2.24
1.85
2.1
2.375
3.5
3.125
1.41
1.34
1.64
1.74
2.26
1.97
1.97
1.86
3.6
4.75
1.222
1.333
2.02
2.58
1.59
2.02
1.92
4.9
3.75
1.8
2.1
1.31
1.21
1.63
2.48
1.94
2
1.69
3.8
5.8
1.166
1.3
2.28
2.24
1.76
2.2
1.78
1.727
3.7
5.7
1.166
1.32
2.22
2.25
1.75
2.26
1.74
3.1
3.4
2.46
1.6
1.363
1.41
2.22
1.77
1.85
2.1
2.6
3.35
2.92
1.45
1.363
1.55
1.86
2.1
1.97
1.97
1.75
3.9
5.1
1.181
1.27
2.12
2.34
1.69
2.08
1.85
2.98
3.45
2.5
1.56
1.333
1.42
2.15
1.8
2
1.92
1.61
4
6.5
1.125
1.26
2.38
2.08
1.86
2.08
1.85
2.4
3.4
3.2
1.37
1.34
1.6
1.71
2.3
2.15
1.8
2.55
3.5
2.875
1.444
1.32
1.54
1.85
2.08
2.1
1.833
1.91
3.6
4.45
1.222
1.31
1.93
2.66
1.55
2.08
1.85
2.25
3.45
3.45
1.333
1.333
1.68
1.615
2.5
2.02
1.9
1.59
4
6.8
1.125
1.26
2.42
2.04
1.89
2.08
1.85
2.14
3.45
3.75
1.3
1.333
1.74
1.54
2.7
1.99
1.93
1.666
3.8
6.2
1.133
1.285
2.26
2.18
1.78
2.08
1.86
1.9
3.5
4.7
1.21
1.32
1.94
2.66
1.55
1.96
1.96
2.1
3.5
3.8
1.285
1.32
1.77
1.52
2.76
1.99
1.93
2.88
3.4
2.6
1.52
1.34
1.444
2.08
1.86
1.9
2.02
2.65
3.45
2.78
1.47
1.333
1.51
1.91
2.02
1.87
2.06
2.02
3.5
4.1
1.26
1.32
1.833
2.9
1.48
1.98
1.94
2.1
3.5
3.8
1.285
1.32
1.77
1.52
2.76
1.96
1.96
2.4
3.4
3.2
1.37
1.34
1.6
1.71
2.3
1.9
2.02
2.15
3.45
3.7
1.3
1.333
1.74
3.15
1.42
1.99
1.93
1.9
3.6
4.5
1.222
1.31
1.94
2.66
1.55
1.96
1.96
1.952
3.45
4.45
1.222
1.333
1.89
2.8
1.51
1.96
1.96
2.06
3.5
3.95
1.27
1.32
1.8
2.98
1.46
1.92
2
2.3
3.4
3.35
1.35
1.34
1.65
1.65
2.42
1.87
2.06
2.5
3.5
2.94
1.43
1.32
1.56
1.81
2.14
1.98
1.94
1.77
3.8
5.1
1.181
1.285
2.1
2.4
1.66
1.96
1.96
2.4
3.35
2.65
1.39
1.25
1.47
1.78
1.97
2
1.75
1.7
3.8
4.8
1.181
1.25
2.12
2.26
1.65
2.44
1.571
4.2
3.6
1.84
1.93
1.285
1.222
3.15
1.37
2.44
1.571
1.94
3.5
3.9
1.24
1.285
1.833
1.43
2.875
2.48
1.55
3.2
3.5
2.18
1.66
1.285
1.333
2.35
1.61
2.44
1.571
1.615
4.3
4.85
1.166
1.21
2.26
2.1
1.75
2.34
1.615
2.4
3.6
2.75
1.43
1.285
1.55
1.79
2.05
2.15
1.72
1.8
3.8
4.2
1.222
1.25
1.98
2.44
1.571
2.24
1.666
1.99
3.7
3.5
1.285
1.27
1.79
1.5
2.625
2.74
1.47
2.15
3.6
3.15
1.34
1.285
1.68
1.61
2.35
2.54
1.533
2.2
3.6
3.05
1.363
1.285
1.65
1.64
2.28
2.26
1.65
3.3
3.6
2.1
1.71
1.285
1.32
2.46
1.56
2.82
1.444
3.4
3.6
2.05
1.74
1.285
1.3
2.54
1.533
3.2
1.363
2.55
3.5
2.625
1.47
1.285
1.49
1.88
1.94
2.15
1.72
2.375
3.6
2.78
1.43
1.285
1.56
1.77
2.08
2.1
1.75
2.4
3.75
2.66
1.46
1.26
1.55
1.82
2.02
2.1
1.75
2.2
3.75
2.96
1.38
1.26
1.65
1.666
2.24
2.48
1.55
3.75
3.8
1.89
1.88
1.25
1.26
1.51
2.6
2.54
1.533
1.833
3.7
4.1
1.222
1.27
1.94
2.54
1.533
2
1.833
4.8
4.333
1.615
2.26
1.21
1.181
1.77
2.08
2.5
1.55
2.3
3.6
2.9
1.4
1.285
1.59
1.71
2.16
2.04
1.8
1.68
3.65
6.4
1.143
1.32
2.3
2.26
1.74
1.59
2.6
2.2
3.15
3.95
1.285
1.4
1.74
1.533
2.75
1.533
2.75
2.75
3.05
3
1.43
1.42
1.5
1.89
2.06
1.52
2.8
2.35
3.1
3.6
1.333
1.41
1.65
1.63
2.48
1.54
2.74
2.15
3.25
3.95
1.285
1.38
1.77
1.52
2.8
1.571
2.65
2.2
3.15
3.95
1.285
1.4
1.74
1.533
2.75
1.56
2.68
1.59
3.8
7.5
1.125
1.3
2.48
2.08
1.88
1.615
2.52
1.81
3.45
5.5
1.181
1.35
2.1
2.52
1.615
1.59
2.6
1.86
3.25
5.5
1.181
1.38
2.02
1.32
3.9
1.56
2.68
2.26
3.05
3.9
1.3
1.42
1.7
1.56
2.68
1.56
2.68
2.66
2.95
3.05
1.4
1.42
1.49
1.82
2.08
1.533
2.64
2.84
2.95
2.85
1.444
1.42
1.444
1.94
1.94
1.48
2.82
1.8
3.2
5.8
1.153
1.363
2.04
2.54
1.571
1.51
2.72
2.95
2.95
2.75
1.47
1.42
1.42
1.99
1.89
1.5
2.75
1.9
3.15
4
1.181
1.285
1.75
2.74
1.42
1.8
1.94
1.5
4
5.7
1.085
1.181
2.32
1.9
1.84
2.08
1.7
1.5
4.7
4.7
1.133
1.133
2.32
1.87
1.87
1.94
1.8
4.5
4.6
1.533
2.25
1.143
1.143
1.87
1.87
1.89
1.85
1.45
4.75
8
1.111
1.222
2.92
1.75
2.25
2.34
1.7
3.85
3.6
2.05
1.84
1.333
1.3
2.84
1.51
2.08
1.88
2
3.75
3.85
1.3
1.31
1.88
1.5
2.875
2
1.94
1.72
3.9
5.3
1.19
1.3
2.22
2.3
1.727
2.34
1.7
3.3
3.6
2.25
1.7
1.333
1.37
2.42
1.66
1.97
1.97
2.15
3.6
3.55
1.333
1.333
1.77
1.58
2.62
2.18
1.8
2.15
3.6
3.55
1.333
1.333
1.77
1.58
2.62
2.3
1.72
1.47
4.7
7.5
1.125
1.222
2.85
1.81
2.16
2.46
1.64
2.14
3.45
3.3
1.32
1.3
1.68
1.571
2.44
1.87
1.952
2.1
3.3
3.6
1.285
1.32
1.71
1.51
2.6
1.52
2.56
2.5
3.25
2.85
1.41
1.333
1.51
1.79
2.05
1.833
1.99
2.28
3.3
3.15
1.34
1.32
1.6
1.65
2.26
2.04
1.8
1.952
3.4
4.55
1.23
1.363
1.93
2.8
1.52
1.84
2.12
1.34
5.4
10.5
1.07
1.181
3.5
2.04
1.91
2.44
1.65
2.78
3.25
2.8
1.48
1.38
1.49
1.96
1.98
1.7
2.34
2.1
3.4
3.9
1.3
1.363
1.8
1.51
2.84
1.9
2.04
1.92
3.55
4.5
1.24
1.333
1.96
2.75
1.533
1.7
2.34
2.7
3.25
2.875
1.46
1.38
1.51
1.92
2.02
1.78
2.2
2.38
3.4
3.2
1.39
1.363
1.64
1.72
2.3
1.98
1.96
3.15
3.25
2.5
1.58
1.38
1.4
2.22
1.77
1.7
2.34
3.05
3.3
2.55
1.571
1.37
1.42
2.16
1.81
1.72
2.3
1.9
3.6
4.5
1.24
1.333
1.98
2.68
1.56
1.8
2.18
2.42
3.3
3.1
1.39
1.35
1.58
1.727
2.22
1.88
2
1.75
3.7
5
1.181
1.3
2.12
2.375
1.64
2
1.88
1.8
3.65
4.7
1.2
1.3
2.04
2.48
1.59
1.9
1.98
2.5
3.3
2.8
1.42
1.32
1.51
1.81
2.02
1.91
1.91
1.66
4
5.8
1.166
1.285
2.34
2.16
1.81
2.34
1.7
1.133
10.5
21
1.017
1.07
6.7
1.97
1.97
2.04
1.9
1.55
4.35
6.6
1.143
1.25
2.6
1.96
1.98
2.44
1.65
2.4
3.5
3.1
1.41
1.34
1.63
1.75
2.25
2.52
1.615
1.54
4.45
6.6
1.143
1.24
2.62
1.94
2
2.3
1.72
3.9
3.85
1.96
1.92
1.3
1.3
1.52
2.8
2.42
1.66
1.76
3.95
4.9
1.21
1.285
2.16
2.36
1.69
2.44
1.65
2.64
3.4
2.84
1.47
1.363
1.533
1.9
2.04
2.12
1.833
2.14
3.6
3.55
1.333
1.333
1.77
1.58
2.62
2.26
1.74
1.38
4.9
10.5
1.07
1.21
3.25
2.12
1.84
2.56
1.6
7
4.2
1.55
2.6
1.26
1.125
1.98
1.96
2.44
1.65
2.45
3.5
3
1.43
1.34
1.61
1.79
2.2
2.42
1.66
2.7
3.5
2.7
1.51
1.34
1.51
1.97
1.97
2.3
1.72
2.4
3.5
3.1
1.41
1.34
1.63
1.75
2.25
2.2
1.78
13
5.3
1.32
3.65
1.19
1.05
2.02
1.93
1.97
1.97
2.3
3.6
3.2
1.39
1.333
1.68
1.69
2.36
2.24
1.76
2.1
3.6
3.7
1.32
1.333
1.8
1.54
2.74
2.1
1.85
2.1
3.65
3.65
1.32
1.32
1.8
3.1
1.45
2.44
1.65
1.55
4.45
6.4
1.143
1.24
2.6
1.96
1.98
2.34
1.7
1.133
10
23
1.013
1.075
6.7
2.08
1.87
1.97
1.97
1.55
4.35
6.6
1.143
1.25
2.6
1.96
1.98
2.52
1.615
4.95
3.95
1.75
2.18
1.285
1.21
1.7
2.34
2.34
1.7
2.5
3.5
2.94
1.45
1.34
1.58
1.82
2.15
2.56
1.6
1.7
4
5.3
1.19
1.285
2.26
2.25
1.75
2.38
1.68
1.6
4.2
6.2
1.153
1.26
2.46
2.06
1.89
2.25
1.75
2.5
3.45
2.98
1.444
1.35
1.58
1.81
2.16
2.1
1.85
2.7
3.4
2.76
1.5
1.363
1.51
1.952
1.99
2.1
1.85
1.63
3.9
6.4
1.143
1.3
2.4
2.12
1.84
1.97
1.97
4.333
3.65
1.92
1.96
1.32
1.25
1.55
2.7
1.98
1.96
1.65
4.1
5.7
1.166
1.27
2.35
2.16
1.81
2.05
1.9
1.8
3.7
5
1.21
1.32
2.1
2.46
1.64
2.1
1.85
1.952
3.6
4.25
1.26
1.333
1.93
2.8
1.52
1.99
1.952
1.6
4.2
6.2
1.153
1.26
2.46
2.06
1.89
2.05
1.9
2.65
3.55
2.72
1.51
1.333
1.533
1.94
2
1.99
1.952
2.68
3.6
2.68
1.52
1.333
1.52
1.97
1.97
1.97
1.97
1.6
4.3
5.9
1.166
1.25
2.46
2.08
1.88
2.18
1.8
3.3
3.6
2.25
1.7
1.333
1.37
2.42
1.66
2.08
1.87
8.5
4.85
1.3
3.05
1.125
1.022
0
0
1.7
2.08
2.25
3.45
3.45
1.35
1.35
1.7
1.63
2.48
2.04
1.9
2.72
3.45
2.72
1.51
1.35
1.51
1.97
1.97
2.04
1.9
1.9
3.6
4.5
1.24
1.333
1.98
1.4
3.35
2.25
1.75
3.7
3.45
2.15
1.77
1.35
1.32
2.68
1.56
2.04
1.9
2.55
3.45
2.9
1.46
1.35
1.571
1.85
2.1
2.08
1.88
2.15
3.55
3.6
1.333
1.333
1.77
1.571
2.64
2.18
1.8
4.333
3.7
1.85
1.98
1.3
1.23
3.25
1.38
2.75
1.5
2.84
3.55
2.45
1.571
1.31
1.444
2.1
1.81
2.46
1.6
4.9
3.75
1.75
2.12
1.285
1.19
3.65
1.32
2.52
1.58
2.45
3.55
2.84
1.444
1.31
1.571
1.81
2.1
2.35
1.65
3.5
3.55
2.1
1.76
1.31
1.32
2.6
1.55
2.52
1.58
1.65
3.8
5.8
1.153
1.285
2.28
2.16
1.76
2.42
1.615
3.1
3.15
2.48
1.56
1.38
1.39
2.18
1.75
1.75
2.18
2.1
3.5
3.8
1.3
1.34
1.8
1.533
2.75
1.8
2.18
2.45
3.4
3.1
1.41
1.363
1.61
1.76
2.24
2.15
1.82
2.18
3.45
3.6
1.333
1.35
1.75
1.58
2.62
1.94
2
1.65
3.85
6.3
1.153
1.3
2.35
2.18
1.8
1.9
2.04
1.86
4
4.2
1.26
1.285
2.02
2.56
1.6
1.68
2.38
1.98
3.55
4.2
1.26
1.333
1.9
1.45
3.1
1.8
2.18
2.35
3.35
3.3
1.37
1.363
1.65
1.69
2.36
1.81
2.16
1.46
4.75
7.7
1.111
1.222
2.88
1.78
2.2
2.18
1.8
2.12
3.5
3.75
1.31
1.34
1.79
1.54
2.74
2.1
1.85
1.61
4.1
6.2
1.153
1.27
2.44
2.08
1.87
2.25
1.75
1.32
5.6
11
1.065
1.181
3.65
1.98
1.96
2.44
1.65
2.78
3.35
2.72
1.51
1.363
1.49
1.99
1.952
1.9
2.04
2.55
3.4
2.95
1.444
1.363
1.571
1.85
2.1
1.92
2.02
14
6.5
1.25
4.333
1.143
1.04
2.25
1.75
3.25
1.41
1.363
5.3
9.7
1.08
1.19
3.35
2.12
1.84
2.62
1.58
2.8
3.35
2.7
1.51
1.363
1.48
2
1.94
1.9
2.04
2.05
3.3
4.25
1.26
1.37
1.84
1.46
3.05
1.8
2.18
1.25
6.5
14
1.04
1.143
4.333
2.12
1.833
2.22
1.77
1.58
4
7
1.125
1.285
2.52
2.02
1.92
2.1
1.85
6
3.75
1.69
2.28
1.31
1.166
1.76
2.24
1.88
2.08
1.615
3.95
6.5
1.143
1.285
2.42
2.1
1.85
2.25
1.75
1.8
3.7
5
1.21
1.32
2.1
2.48
1.63
1.92
2.02
1.125
10
26
1.008
1.075
7
1.99
1.952
2.3
1.72
1.65
3.8
6.4
1.143
1.3
2.35
2.18
1.8
2.02
1.92
2.25
3.4
3.5
1.34
1.363
1.7
1.615
2.52
1.833
2.12
11
6.4
1.285
3.95
1.143
1.065
2.1
1.85
2.95
1.48
1.46
4.6
8.1
1.1
1.23
2.88
1.78
2.2
2.2
1.78
3
3.4
2.5
1.58
1.363
1.43
2.16
1.81
1.87
2.08
1.363
5.2
9.9
1.075
1.19
3.35
2.1
1.85
2.3
1.72
1.952
3.5
4.4
1.25
1.34
1.93
2.8
1.52
1.7
2.34
1.9
3.6
4.5
1.24
1.333
1.98
2.68
1.56
1.9
2.04
3.9
3.4
2.1
1.8
1.363
1.3
2.84
1.51
1.8
2.18
2.42
3.2
3.35
1.363
1.39
1.615
1.7
2.34
1.72
2.3
1.42
4.6
9.6
1.08
1.23
3.05
2.3
1.727
2.18
1.8
1.32
5.6
11
1.065
1.181
3.65
2.04
1.9
2.25
1.75
2.14
3.3
3.95
1.285
1.37
1.77
1.52
2.8
1.8
2.18
1.85
3.65
4.75
1.222
1.32
2.04
2.58
1.59
1.96
1.98
3.95
3.55
2.04
1.85
1.333
1.285
2.9
1.49
1.85
2.1
3.3
3.3
2.38
1.64
1.37
1.37
2.36
1.69
1.952
1.99
4.05
3.4
2.06
1.833
1.363
1.285
2.9
1.49
2.12
1.833
1.21
7
18
1.025
1.125
4.9
2.15
1.82
2.38
1.68
1.78
3.75
5.1
1.2
1.31
2.14
2.44
1.65
1.89
2.06
3.9
3.3
2.15
1.77
1.37
1.3
2.75
1.533
1.85
2.1
2.06
3.3
4.2
1.26
1.37
1.833
3.05
1.46
1.89
2.06
2.34
3.4
3.3
1.37
1.363
1.66
1.68
2.38
1.81
2.16
2.08
3.45
3.95
1.285
1.35
1.82
1.5
2.875
1.9
2.04
2.56
3.2
3.1
1.41
1.39
1.56
1.8
2.18
1.833
2.12
1.92
3.7
4.25
1.26
1.32
1.96
2.7
1.55
2.02
1.92
2.92
3.35
2.6
1.55
1.363
1.45
2.1
1.86
1.92
2.02
2.7
3.4
2.76
1.5
1.363
1.51
1.952
1.99
2.05
1.9
1.26
6.6
13
1.05
1.143
4.2
1.79
2.2
2.3
1.72
1.3
6
11
1.065
1.166
3.8
1.92
2.02
2.3
1.72
5
3.7
1.8
2.1
1.32
1.21
1.63
2.48
1.97
1.97
2.06
3.5
3.95
1.285
1.34
1.833
1.5
2.875
2.04
1.9
1.27
6.1
14
1.04
1.153
4.1
1.82
2.15
2.34
1.7
2.56
3.2
3.1
1.41
1.39
1.56
1.8
2.18
1.85
2.1
2.1
3.5
3.8
1.3
1.34
1.8
1.533
2.75
2
1.94
1.7
3.9
5.5
1.181
1.3
2.26
2.25
1.75
2.1
1.85
1.98
3.55
4.2
1.26
1.333
1.9
1.45
3.1
1.85
2.1
2.76
3.3
2.76
1.5
1.37
1.5
1.97
1.97
2.04
1.9
4.5
3.6
1.9
1.98
1.333
1.24
3.35
1.4
2.1
1.85
2.06
3.5
3.95
1.285
1.34
1.833
1.5
2.875
1.85
2.1
2.56
3.1
3.15
1.39
1.4
1.55
1.78
2.18
1.82
2.12
2.3
3.2
3.55
1.333
1.38
1.66
1.615
2.5
1.8
2.15
3.95
3.3
2.1
1.78
1.363
1.285
2.82
1.5
1.94
1.98
1.64
4.1
5.8
1.166
1.27
2.375
1.27
4.4
1.78
2.2
4
3.7
1.98
1.9
1.32
1.285
2.98
1.47
2.1
1.85
5.4
3.7
1.75
2.18
1.32
1.181
1.68
2.38
1.9
2.04
1.55
4.2
7
1.125
1.26
2.6
1.97
1.97
2.12
1.84
1.727
3.9
5.2
1.19
1.3
2.22
2.32
1.71
2.1
1.85
1.41
4.9
8.9
1.09
1.21
3.1
1.68
2.375
2.44
1.65
1.48
4.75
7.2
1.125
1.222
2.82
1.82
2.14
2.1
1.85
1.88
3.6
4.65
1.23
1.333
2
1.38
3.45
1.9
2.04
3.9
3.55
2.05
1.84
1.333
1.3
2.875
1.5
2.02
1.92
1.78
3.75
5.1
1.2
1.31
2.14
2.44
1.65
1.85
2.1
1.78
3.7
5.2
1.19
1.32
2.14
1.32
3.9
2.18
1.8
9.8
5.5
1.35
3.45
1.181
1.075
1.88
2.08
2.1
1.85
1.55
4.2
7
1.125
1.26
2.6
1.97
1.97
2.18
1.8
2.15
3.4
3.75
1.31
1.363
1.77
1.55
2.7
1.85
2.1
1.38
5.1
9.5
1.08
1.2
3.25
2.15
1.82
2.26
1.75
3.95
3.6
2.02
1.87
1.333
1.285
2.9
1.49
1.85
2.1
1.75
3.75
5.3
1.19
1.31
2.18
2.36
1.69
2.18
1.8
4.8
3.55
1.87
2.02
1.333
1.222
1.58
2.62
1.97
1.97
1.5
4.7
6.8
1.133
1.222
2.75
1.8
2.18
2.54
1.61
1.54
4.4
6.7
1.133
1.25
2.62
1.94
2
2
1.94
3.45
3.45
2.24
1.71
1.35
1.35
2.48
1.63
1.9
2.04
1.333
5.6
10.5
1.07
1.181
3.55
2.04
1.9
2.25
1.75
2.24
3.5
3.4
1.363
1.34
1.71
1.63
2.48
1.85
2.1
2.2
3.5
3.5
1.34
1.34
1.74
1.6
2.56
2.18
1.8
3.85
3.6
2.05
1.84
1.333
1.3
2.84
1.51
2.08
1.88
1.3
5.4
12
1.04
1.166
3.65
1.93
1.952
2.18
1.75
3.3
3.4
2.25
1.666
1.333
1.35
2.4
1.63
2.1
1.8
1.55
3.9
7.1
1.111
1.27
2.5
1.99
1.89
1.8
2.1
1.5
4.2
7.3
1.1
1.24
2.64
1.88
2
1.94
1.94
2.72
3.3
2.72
1.48
1.35
1.48
1.94
1.94
1.8
2.1
1.4
4.6
9.1
1.07
1.21
3.05
1.69
2.28
1.9
1.98
2.75
3.3
2.66
1.49
1.35
1.47
1.97
1.909
1.75
2.18
7.3
4.2
1.5
2.64
1.24
1.1
2.02
1.87
2.26
1.7
2.32
3.6
3.15
1.4
1.333
1.666
1.71
2.32
2.46
1.64
11
5.2
1.35
3.45
1.19
1.065
1.952
1.99
2.3
1.72
3.3
3.3
2.38
1.64
1.37
1.37
2.36
1.69
1.89
2.06
6.7
4.45
1.533
2.64
1.24
1.133
1.97
1.97
2.2
1.78
1.615
4.25
5.8
1.166
1.26
2.42
2.12
1.833
1.92
2.02
2.48
3.45
3
1.43
1.35
1.59
1.8
2.18
1.99
1.952
2.95
3.45
2.52
1.58
1.35
1.444
2.15
1.82
2
1.94
3.55
3.55
2.16
1.76
1.333
1.333
2.62
1.58
2.1
1.85
5.4
4.15
1.666
2.32
1.27
1.181
1.8
2.18
2.2
1.78
8.1
4.6
1.46
2.88
1.23
1.1
2.2
1.78
2.44
1.65
1.06
18
36
0
1.025
14
2.64
1.571
2.32
1.71
1.86
3.9
4.333
1.25
1.3
2.02
1.41
3.25
2.3
1.727
1.75
3.8
5.2
1.19
1.3
2.18
2.36
1.69
2.16
1.81
1.4
4.95
9.1
1.085
1.21
3.15
2.2
1.78
2.44
1.65
1.5
4.5
7.3
1.125
1.24
2.75
1.87
2.08
2.18
1.8
1.54
4.5
6.5
1.143
1.24
2.62
1.92
2.02
2.7
1.55
4.5
3.7
1.77
2.02
1.27
1.19
3.35
1.333
2.45
1.56
4.25
2.82
2.14
1.68
1.41
1.21
2.875
1.43
1.45
2.8
3.3
2.8
2.52
1.5
1.42
1.32
2.22
1.68
1.43
2.875
2.35
3.3
3.3
1.363
1.363
1.64
1.68
2.35
1.97
1.952
2.95
3.25
2.6
1.533
1.37
1.43
2.1
1.84
1.94
1.98
1.75
3.6
5.5
1.181
1.32
2.15
2.38
1.666
1.98
1.94
2.4
3.3
3.2
1.38
1.363
1.615
1.71
2.3
1.87
2.06
1.46
4.4
8.4
1.09
1.24
2.85
1.79
2.16
2.15
1.8
3.2
3.3
2.4
1.615
1.363
1.38
2.3
1.71
2.02
1.9
2.26
3.4
3.4
1.35
1.35
1.68
1.63
2.46
1.952
1.97
2.78
3.3
2.72
1.5
1.363
1.48
1.98
1.94
1.92
2
1.97
3.5
4.2
1.25
1.333
1.89
1.444
3.05
1.9
2.02
2.65
3.2
2.94
1.444
1.38
1.52
1.86
2.08
1.9
2.02
2.45
3.3
3.125
1.4
1.363
1.59
1.75
2.22
1.85
2.08
3.75
3.7
2.05
1.84
1.32
1.31
1.49
2.9
1.75
2.25
7.1
4.6
1.5
2.75
1.23
1.125
2.12
1.84
2.7
1.55
2.55
3.6
2.82
1.48
1.333
1.571
1.88
2.08
2.56
1.6
2
3.8
3.8
1.3
1.3
1.88
1.5
2.875
2.7
1.55
1.2
7.5
17
1.03
1.125
5.1
2
1.94
2.08
1.87
4.85
4.333
1.7
2.26
1.25
1.21
1.76
2.24
2.7
1.55
2.45
3.6
2.94
1.45
1.333
1.61
1.81
2.16
2.75
1.533
1.35
5.7
9.1
1.085
1.166
3.45
2.02
1.92
3.1
1.45
1.75
4
4.9
1.21
1.285
2.18
2.32
1.71
2.875
1.5
1.49
4.85
6.1
1.133
1.19
2.68
1.77
2.15
1.8
2.1
1.88
3.85
4.25
1.26
1.3
2
1.42
3.2
2.12
1.833
2.7
3.4
2.76
1.5
1.363
1.51
1.952
1.99
2.3
1.72
2.88
3.4
2.6
1.55
1.363
1.46
2.08
1.87
2
1.94
2.04
3.65
3.8
1.3
1.32
1.85
1.51
2.84
2.16
1.81
1.96
3.75
4
1.285
1.31
1.92
1.47
2.98
2.12
1.833
2.24
3.5
3.4
1.363
1.34
1.71
1.63
2.48
2.3
1.72
1.78
4
4.7
1.222
1.285
2.14
2.4
1.666
2.4
1.666
1.38
5.4
8.6
1.095
1.181
3.25
2.12
1.833
2.4
1.666
2.2
3.4
3.25
1.333
1.3
1.65
1.6
2.375
1.85
1.97
2.56
3.25
2.78
1.43
1.333
1.49
1.833
1.99
1.92
1.9
1.8
3.6
4.45
1.2
1.285
1.98
2.46
1.56
2.04
1.8
1.7
3.65
5.1
1.153
1.27
2.12
2.28
1.64
1.85
1.97
1.4
4.45
8.4
1.06
1.2
2.88
1.68
2.22
2.15
1.72
2.1
3.2
3.7
1.27
1.333
1.71
1.5
2.625
1.61
2.35
1.8
3.6
4.45
1.2
1.285
1.98
2.46
1.56
2.06
1.78
1.96
3.4
3.95
1.24
1.3
1.81
1.43
2.875
1.75
2.1
4.15
3.45
1.9
1.87
1.3
1.222
3.05
1.39
1.8
2.04
2.55
3.1
3.05
1.4
1.39
1.533
1.78
2.14
1.55
2.6
2.78
3.1
2.78
1.46
1.39
1.46
1.94
1.94
1.666
2.32
2.3
3.2
3.4
1.333
1.363
1.64
1.63
2.4
1.666
2.32
2.9
3.2
2.6
1.51
1.363
1.43
2.05
1.84
1.7
2.26
2.3
3.2
3.4
1.333
1.363
1.64
1.63
2.4
1.571
2.54
1.8
3.5
5
1.181
1.32
2.04
2.52
1.58
1.85
2.04
3.05
3.2
2.5
1.55
1.363
1.4
2.16
1.76
1.75
2.18
2
3.4
4.05
1.25
1.333
1.833
2.92
1.45
1.65
2.35
2
3.4
4.05
1.25
1.333
1.833
2.92
1.45
1.63
2.4
1.45
4.45
9
1.085
1.24
2.92
1.77
2.22
2.02
1.92
2.34
3.15
3.55
1.333
1.4
1.66
1.63
2.48
1.65
2.44
1.93
3.45
4.6
1.23
1.35
1.952
2.75
1.533
1.85
2.1
2.42
3.15
3.4
1.363
1.4
1.615
1.69
2.36
1.85
2.1
1.3
6.2
10.5
1.07
1.153
3.8
1.9
2.04
2.56
1.6
1.71
3.95
5.3
1.19
1.285
2.24
2.26
1.74
2.18
1.8
2.78
3.3
2.76
1.5
1.37
1.49
1.98
1.96
1.89
2.06
2.25
3.25
3.65
1.32
1.38
1.7
1.59
2.58
1.85
2.1
2.3
3.4
3.2
1.363
1.333
1.64
1.666
2.32
1.78
2.14
2.35
3.35
3.15
1.38
1.34
1.615
1.69
2.28
1.72
2.22
2.78
3.45
2.55
1.533
1.333
1.46
2.02
1.86
1.98
1.9
2.55
3.4
2.82
1.45
1.333
1.533
1.85
2.04
1.75
2.18
2.45
3.25
3.05
1.4
1.363
1.571
1.75
2.18
1.72
2.22
3.75
3.35
2.2
1.7
1.35
1.3
2.62
1.58
1.87
2.08
2.1
3.35
4.05
1.26
1.35
1.77
1.5
2.875
1.77
2.22
1.55
4
8
1.09
1.26
2.52
1.96
1.98
1.9
2.04
2.5
3.3
3.15
1.38
1.35
1.56
1.77
2.22
1.75
2.25
1.55
4
8
1.09
1.26
2.52
1.96
1.98
2
1.94
2.88
3.3
2.7
1.49
1.35
1.444
2.04
1.9
1.77
2.22
10.5
4.8
1.4
3.05
1.2
1.055
2.4
1.666
2.18
1.8
1.9
3.55
4.7
1.21
1.32
1.94
2.68
1.56
1.85
2.1
2.14
3.4
3.85
1.285
1.34
1.74
1.533
2.75
1.87
2.08
4.15
3.9
1.909
1.93
1.27
1.25
3.1
1.45
1.8
2.18
1.32
5.4
13
1.036
1.166
3.5
1.99
1.952
2.25
1.75
1.25
6.5
15
1.025
1.125
4.15
1.75
2.25
2.34
1.7
2.6
3.35
2.96
1.42
1.35
1.52
1.85
2.1
1.99
1.952
4.55
3.4
1.97
1.87
1.34
1.222
3.15
1.43
1.952
1.99
2.42
3.4
3.2
1.37
1.34
1.59
1.72
2.3
2.16
1.81
1.77
3.5
6
1.143
1.32
2.1
2.42
1.66
1.833
2.12
9.9
5
1.35
3.3
1.181
1.06
2.4
1.63
1.9
1.98
2.2
3.2
3.65
1.3
1.363
1.69
1.55
2.58
1.55
2.58
7.9
4.45
1.45
2.82
1.222
1.09
2.15
1.77
1.9
1.98
2.35
3.2
3.3
1.35
1.363
1.615
1.68
2.3
1.55
2.58
2.4
3.2
3.2
1.363
1.363
1.59
1.7
2.25
1.55
2.58
2.9
3.35
2.5
1.55
1.34
1.43
2.1
1.8
1.8
2.1
2
3.2
4.35
1.23
1.363
1.833
1.43
3
1.55
2.58
2.35
3.2
3.3
1.35
1.363
1.615
1.68
2.3
1.55
2.58
1.75
3.5
5.4
1.166
1.32
2.12
2.4
1.63
1.55
2.58
1.3
5.7
10.5
1.055
1.153
3.65
1.952
1.93
1.9
1.98
2.1
3.4
3.7
1.3
1.333
1.76
1.52
2.68
1.6
2.46
2.45
3.4
2.95
1.42
1.333
1.571
1.78
2.14
1.6
2.46
2.1
3.4
3.7
1.3
1.333
1.76
1.52
2.68
1.55
2.6
1.5
4.333
6.9
1.111
1.23
2.64
1.89
1.99
1.85
2.04
2.4
3.4
3.05
1.4
1.333
1.59
1.727
2.22
1.6
2.46
2.6
3.4
2.75
1.47
1.333
1.51
1.89
1.99
1.6
2.46
1.85
3.4
4.85
1.19
1.333
1.98
2.6
1.55
1.6
2.46
2.3
3.4
3.2
1.363
1.333
1.64
1.666
2.32
1.65
2.35
1.65
3.6
4.8
1.125
1.222
2.04
2.16
1.65
1.75
2
2.15
3.1
3.3
1.26
1.3
1.58
1.54
2.38
1.7
2.08
2.32
3
3.05
1.3
1.31
1.5
1.65
2.16
1.75
2
5.9
3.9
1.5
2.32
1.19
1.08
1.84
1.9
2
1.75
3.25
3.5
2
1.68
1.23
1.27
2.48
1.5
2
1.75
1.35
4.4
7.9
1.03
1.153
2.82
1.6
2.25
2
1.75
2.45
3.4
2.55
1.42
1.25
1.45
1.84
1.9
1.85
1.89
2.2
3.2
3.05
1.3
1.285
1.56
1.63
2.2
1.75
2
3.75
3.5
1.85
1.8
1.23
1.21
2.8
1.4
1.85
1.89
2.6
3.15
2.55
1.42
1.3
1.41
1.89
1.85
1.65
2.15
2.1
3.5
3
1.31
1.23
1.61
1.6
2.25
2
1.75
2.94
3
2.6
1.48
1.37
1.39
2.04
1.8
1.75
2.1
1.98
3.5
4.25
1.26
1.34
1.9
1.444
3.1
1.65
2.44
3.75
3.4
2.15
1.77
1.363
1.31
2.7
1.55
1.78
2.2
1.76
3.9
4.95
1.21
1.3
2.16
2.4
1.666
2
1.94
3.3
3.35
2.35
1.65
1.363
1.37
2.36
1.69
1.77
2.22
9
5
1.37
3.2
1.181
1.07
1.77
2.15
2.1
1.8
1.2
7.3
14
1.027
1.1
4.75
2.16
1.76
2.48
1.59
5.7
3.9
1.6
2.3
1.24
1.133
1.77
2.08
2.04
1.8
1.5
4.2
6.5
1.1
1.222
2.54
1.833
1.99
3
1.4
3.05
3.3
2.35
1.571
1.32
1.363
2.2
1.69
2.26
1.65
3.125
3.2
2.35
1.571
1.333
1.35
2.24
1.666
1.9
1.92
1.01
20
56
0
0
14
1.6
2.375
5
1.181
3.4
3.3
2.25
1.666
1.35
1.333
2.44
1.61
2.1
1.8
1.8
3.6
4.8
1.2
1.3
2.04
2.44
1.61
2.26
1.7
1.85
3.75
4.25
1.24
1.285
1.98
2.54
1.571
2.46
1.6
3.8
3.3
2.1
1.76
1.35
1.285
2.72
1.51
2.46
1.6
1.143
8.5
15
1.005
1.06
5.4
1.6
2.375
2.1
1.75
2.3
3.45
3
1.37
1.3
1.59
1.69
2.2
2.06
1.78
2
3.6
3.8
1.285
1.3
1.833
1.48
2.82
2.35
1.65
2.45
3.55
2.84
1.444
1.31
1.571
1.81
2.1
2.46
1.6
1.5
4.5
6.5
1.125
1.222
2.64
1.87
2.02
2.35
1.65
2.25
3.55
3.15
1.38
1.31
1.666
1.66
2.34
2.26
1.7
2.24
3.05
3.75
1.285
1.4
1.666
1.55
2.6
1.88
2
2.75
3.3
2.66
1.49
1.35
1.47
1.97
1.909
1.92
1.96
2.75
3.3
2.66
1.49
1.35
1.47
1.97
1.909
1.92
1.96
1.61
3.95
6
1.143
1.26
2.36
2.1
1.8
1.78
2.14
1.91
3.75
3.75
1.26
1.26
1.86
2.7
1.48
2.12
1.74
1.74
3.45
5.2
1.153
1.3
2.05
2.35
1.61
1.952
1.87
1.34
5.2
12
1.055
1.19
3.5
1.8
2.18
2.56
1.6
2.6
3.2
3.05
1.42
1.39
1.55
1.82
2.15
1.9
2.04
3.3
3.25
2.4
1.63
1.38
1.37
2.34
1.7
1.97
1.97
1.78
3.75
5.1
1.2
1.31
2.14
2.44
1.65
1.89
2.06
5.9
3.75
1.7
2.26
1.31
1.166
1.74
2.26
1.9
2.04
3.55
3.45
2.2
1.74
1.35
1.333
2.58
1.59
1.85
2.1
2.52
3.25
3.125
1.41
1.38
1.58
1.78
2.2
1.952
1.99
1.86
3.5
4.95
1.21
1.34
2.02
1.35
3.65
1.99
1.952
2.36
3.3
3.35
1.363
1.37
1.65
1.68
2.38
1.99
1.952
2.3
3.35
3.4
1.363
1.363
1.68
1.65
2.44
1.952
1.99
3
3.4
2.48
1.58
1.35
1.42
2.16
1.79
1.65
2.42
3.4
3.3
2.3
1.66
1.363
1.35
2.44
1.64
1.833
2.1
1.153
8.5
21
1.011
1.09
5.9
1.79
2.16
2.82
1.5
1.26
5.9
15
1.03
1.153
4.1
1.81
2.14
2.15
1.8
2.05
3.4
4
1.27
1.35
1.82
1.48
2.9
1.7
2.32
1.35
4.9
12
1.05
1.2
3.4
2.12
1.82
1.94
1.98
1.6
3.8
7
1.125
1.3
2.44
2.08
1.85
1.72
2.28
1.5
4.2
7.9
1.1
1.25
2.7
1.87
2.06
2.06
1.87
6
3.7
1.68
2.26
1.31
1.153
1.74
2.24
1.96
1.96
5.5
4.333
1.55
2.4
1.21
1.143
1.87
1.952
2.625
1.5
4.55
4
1.7
2.12
1.23
1.19
1.666
2.24
3.6
1.3
2.1
3.6
3.3
1.32
1.285
1.71
1.56
2.46
2.14
1.727
2.8
3.5
2.4
1.55
1.285
1.42
2.08
1.77
2.34
1.615
2.75
3.35
2.75
1.5
1.363
1.5
1.97
1.97
1.7
2.34
1.68
3.6
6.6
1.143
1.333
2.3
2.24
1.76
1.78
2.2
2.35
3.25
3.4
1.363
1.38
1.65
1.666
2.4
1.63
2.48
1.85
3.45
5.1
1.2
1.35
2.04
1.34
3.7
1.65
2.44
1.85
3.6
4.8
1.222
1.333
2.04
1.363
3.55
1.65
2.44
2.5
3.25
3.15
1.4
1.38
1.58
1.77
2.22
1.7
2.34
2.15
3.3
3.9
1.3
1.37
1.77
1.533
2.75
1.68
2.38
2
3.35
4.4
1.25
1.363
1.88
1.43
3.15
1.65
2.44
1.52
4.45
7
1.125
1.24
2.68
1.92
2.02
1.85
2.1
5.1
3.45
1.85
2.04
1.35
1.2
3.7
1.34
1.92
2.02
1.25
6.5
14
1.04
1.143
4.333
1.78
2.2
2.1
1.85
3.55
3.35
2.25
1.7
1.363
1.333
2.54
1.61
1.85
2.1
2.35
3.25
3.4
1.363
1.38
1.65
1.666
2.4
1.65
2.44
1.9
3.45
4.75
1.222
1.35
1.98
1.38
3.45
1.7
2.34
2.15
3.35
3.8
1.3
1.363
1.77
1.54
2.74
1.68
2.38
3.15
3.25
2.5
1.58
1.38
1.4
2.22
1.77
1.75
2.25
2.2
3.25
3.8
1.3
1.38
1.74
1.55
2.7
1.68
2.38
2.25
3.25
3.65
1.32
1.38
1.7
1.59
2.58
1.7
2.34
2.2
3.25
3.8
1.3
1.38
1.74
1.55
2.7
1.75
2.25
3.85
3.45
2.1
1.8
1.35
1.3
2.8
1.52
1.8
2.18
1.25
6.3
15
1.036
1.153
4.333
1.85
2.1
2.25
1.75
1.35
5.6
9.4
1.08
1.181
3.45
2.08
1.87
2.1
1.85
3.2
3.2
2.5
1.58
1.39
1.39
2.25
1.75
1.7
2.34
3.35
3.2
2.4
1.63
1.39
1.363
2.36
1.69
1.7
2.34
1.9
3.3
5.1
1.2
1.37
1.98
2.74
1.54
1.7
2.34
2.3
3.2
3.6
1.333
1.39
1.68
1.615
2.52
1.75
2.25
1.8
3.6
5.2
1.19
1.333
2.1
2.48
1.63
1.8
2.18
2.2
3.2
3.85
1.3
1.39
1.74
1.55
2.7
1.65
2.44
1.45
4.45
9
1.085
1.24
2.92
1.78
2.2
1.85
2.1
2.5
3.15
3.25
1.38
1.4
1.58
1.74
2.26
1.8
2.18
2.45
3.2
3.25
1.37
1.38
1.59
1.72
2.28
1.72
2.28
2.6
3.25
2.95
1.43
1.37
1.533
1.84
2.1
1.65
2.42
1.952
3.3
4.65
1.222
1.363
1.909
1.39
3.3
1.7
2.32
1.7
3.6
6.1
1.153
1.32
2.24
2.26
1.727
1.8
2.15
2.35
3.2
3.4
1.35
1.38
1.64
1.66
2.4
1.65
2.42
2.05
3.2
4.333
1.24
1.38
1.82
1.444
3.05
1.63
2.46
2.05
3.2
4.333
1.24
1.38
1.82
1.444
3.05
1.65
2.42
2
3.25
4.5
1.23
1.37
1.86
1.42
3.15
1.75
2.22
1.7
3.55
6.2
1.143
1.333
2.24
2.3
1.71
1.75
2.22
1.9
3.25
5.1
1.19
1.37
1.96
1.34
3.65
1.72
2.28
2.55
3.15
3.1
1.4
1.39
1.55
1.79
2.16
1.7
2.32
2.54
3.3
2.9
1.43
1.35
1.533
1.82
2.08
2.62
1.54
1.9
3.6
4.5
1.24
1.333
1.98
2.68
1.56
2.08
1.88
4.65
3.7
1.85
2.04
1.32
1.23
1.61
2.54
2.1
1.85
4.85
3.8
1.8
2.1
1.3
1.21
1.68
2.4
2.34
1.7
1.8
3.8
4.85
1.21
1.3
2.1
2.45
1.65
2.08
1.88
4.1
3.7
1.952
1.93
1.32
1.27
1.52
2.8
2.1
1.85
1.8
3.9
4.7
1.222
1.3
2.1
2.45
1.65
2.18
1.8
2
3.6
4.05
1.285
1.333
1.88
2.84
1.51
2.34
1.7
3.15
3.55
2.35
1.65
1.333
1.4
2.3
1.72
2.3
1.72
5.9
3.95
1.615
2.35
1.26
1.143
1.81
2.1
2.35
1.65
3.55
3.5
2.18
1.75
1.34
1.333
2.58
1.59
1.952
1.99
1.71
3.8
5.6
1.181
1.3
2.24
2.3
1.727
1.89
2.06
2.32
3.45
3.3
1.37
1.35
1.666
1.68
2.38
1.75
2.25
2.92
3.5
2.52
1.58
1.34
1.45
2.12
1.833
1.833
2.12
8.5
5.5
1.38
3.25
1.181
1.095
1.82
2.15
2.26
1.74
2.65
3.4
2.82
1.48
1.363
1.533
1.91
2.04
2.02
1.92
2.66
3.5
2.625
1.51
1.32
1.49
1.952
1.93
2
1.88
2
3.5
3.9
1.27
1.32
1.833
2.85
1.47
2.06
1.833
2.25
3.5
3.2
1.363
1.32
1.666
1.65
2.35
2.6
1.55
3.55
3.5
2.1
1.76
1.32
1.31
2.62
1.54
2.32
1.666
1.75
3.8
4.85
1.19
1.285
2.12
2.35
1.65
2.04
1.85
1.615
4
5.3
1.143
1.23
2.26
2.1
1.75
2.34
1.615
1.952
3.6
3.75
1.26
1.285
1.82
2.72
1.47
2.8
1.45
1.363
5
8
1.07
1.166
3.05
2.14
1.727
2.44
1.571
2.05
3.6
3.4
1.3
1.285
1.74
1.533
2.54
3
1.4
2.4
3.6
2.75
1.43
1.285
1.55
1.79
2.05
2.8
1.45
2.4
3.6
2.75
1.43
1.285
1.55
1.79
2.05
2.44
1.571
3.05
3.6
2.2
1.65
1.285
1.363
2.28
1.64
2.34
1.615
2.3
3.45
3
1.37
1.3
1.59
1.69
2.2
1.85
1.97
2.9
3.6
2.3
1.59
1.285
1.4
2.16
1.71
2.375
1.6
13
5.5
1.25
3.8
1.143
1.016
2.1
1.75
2.48
1.55
2.78
2.95
2.78
1.43
1.38
1.43
1.91
1.91
1.65
2.26
1.9
3.05
4.9
1.166
1.363
1.87
2.72
1.47
1.6
2.375
2.7
2.9
2.9
1.4
1.4
1.444
1.84
1.99
1.6
2.375
2.4
3
3.25
1.333
1.37
1.55
1.66
2.25
1.66
2.25
1.9
3.15
4.65
1.181
1.34
1.87
2.72
1.47
1.59
2.4
1.66
3.4
6.2
1.111
1.3
2.18
2.22
1.68
1.63
2.3
3.15
3
2.45
1.533
1.37
1.34
2.18
1.7
1.8
2.04
2.8
2.95
2.75
1.43
1.38
1.42
1.93
1.89
1.55
2.5
1.75
3.45
5.1
1.153
1.3
2.04
2.4
1.59
1.75
2.1
1.6
3.8
5.9
1.125
1.25
2.3
2.1
1.75
1.75
2.1
1.61
3.8
6.4
1.125
1.285
2.36
2.12
1.79
1.68
2.3
2.25
3.2
3.5
1.32
1.363
1.666
1.59
2.48
1.75
2.18
2
3.4
4.05
1.25
1.333
1.833
1.45
2.92
1.78
2.14
2.35
3.2
3.3
1.35
1.363
1.615
1.66
2.34
1.6
2.46
1.75
3.8
4.85
1.19
1.285
2.12
2.4
1.63
1.7
2.26
1.86
3.85
4.4
1.25
1.3
2.02
2.58
1.59
2.2
1.78
1.82
3.9
4.55
1.23
1.3
2.08
2.48
1.63
2.18
1.8
3.6
3.6
2.12
1.79
1.333
1.333
2.68
1.56
2.2
1.78
2.3
3.4
3.35
1.363
1.363
1.68
1.66
2.42
2.3
1.72
2.02
3.75
3.8
1.3
1.31
1.87
1.51
2.84
2.6
1.59
2.1
3.6
3.7
1.32
1.333
1.8
1.54
2.74
2.12
1.833
7.4
4.45
1.5
2.75
1.24
1.125
2.1
1.85
2.3
1.72
1.78
3.9
4.8
1.222
1.3
2.14
2.44
1.65
2.2
1.78
2.9
3.4
2.58
1.55
1.363
1.46
2.1
1.85
2.12
1.833
1.63
3.95
5.7
1.153
1.26
2.32
2.15
1.77
1.88
2
1.25
6.4
9.8
1.04
1.111
3.8
1.98
1.85
3.6
1.3
1.09
10.5
23
0
1.035
6.9
1.98
1.85
4.35
1.222
1.25
6.4
9.8
1.04
1.111
3.8
2.08
1.77
3
1.4
3.55
3.6
2
1.78
1.285
1.285
2.66
1.49
2.26
1.65
1.06
13
26
0
1.016
8.5
1.72
2.15
2.48
1.55
