1.64
4.25
5.1
1.181
1.24
2.3
1.285
3.95
2.24
1.71
2.6
3.3
2.82
1.45
1.35
1.51
1.86
2.02
1.8
2.1
2.35
3.55
2.98
1.41
1.31
1.615
1.74
2.2
1.61
2.44
2.44
3.55
2.86
1.444
1.31
1.571
1.8
2.1
1.56
2.56
2.5
3.5
2.8
1.45
1.32
1.55
1.833
2.06
2.1
1.8
2.22
3.65
3.15
1.38
1.3
1.68
1.65
2.35
2.4
1.63
2.5
3.6
2.75
1.47
1.3
1.55
1.85
2.04
2.26
1.7
2.45
3.55
2.84
1.444
1.31
1.571
1.81
2.1
1.58
2.52
2.46
3.5
2.86
1.444
1.32
1.571
1.8
2.1
2.22
1.727
2.65
3.5
2.65
1.5
1.32
1.5
1.94
1.94
2.26
1.7
2.3
3.65
3
1.41
1.3
1.64
1.71
2.24
1.55
2.6
2.3
3.5
3.125
1.38
1.32
1.64
1.68
2.3
2.1
1.8
2.4
3.3
2.95
1.38
1.32
1.55
1.727
2.14
1.75
2.1
1.952
3.4
3.95
1.24
1.3
1.82
1.43
2.875
2.02
1.82
3.2
3.45
2.2
1.65
1.3
1.333
2.35
1.61
1.91
1.91
2.35
3.35
3
1.37
1.31
1.571
1.7
2.18
1.82
2.02
1.166
9.5
16
1.035
1.08
5.8
2.02
1.92
2.12
1.84
2.98
3.35
2.55
1.571
1.363
1.444
2.12
1.833
2.36
1.69
1.79
3.8
4.9
1.21
1.3
2.12
2.44
1.65
2.48
1.63
2.9
3.35
2.62
1.54
1.363
1.46
2.08
1.87
2.32
1.71
1.71
4
5.2
1.19
1.285
2.24
2.26
1.74
2.18
1.8
1.88
3.55
4.4
1.222
1.31
1.952
2.6
1.55
2.46
1.6
1.66
4.2
4.95
1.19
1.24
2.26
2.18
1.75
2.22
1.72
3.15
3.35
2.34
1.615
1.34
1.38
2.28
1.69
2.14
1.78
3.1
3.45
2.32
1.63
1.333
1.39
2.26
1.7
2.15
1.77
1.81
3.55
4.8
1.2
1.31
2.04
2.46
1.6
2.35
1.65
4.65
3.6
1.91
1.97
1.333
1.23
3.4
1.4
2.22
1.79
1.31
5.9
12
1.055
1.166
3.75
1.93
2.04
2.45
1.66
1.56
4.333
7
1.125
1.25
2.56
2.05
1.91
2.25
1.77
2.32
3.3
3.55
1.333
1.37
1.666
1.65
2.48
1.71
2.35
1.6
4.25
6.5
1.143
1.26
2.46
2.05
1.91
2.1
1.87
1.27
6.2
15
1.036
1.153
4.1
1.81
2.18
2.4
1.68
1.48
4.5
8.5
1.095
1.24
2.82
1.81
2.18
2.08
1.89
5.8
3.9
1.71
2.24
1.3
1.166
1.76
2.26
2.15
1.833
4.35
3.6
1.97
1.91
1.333
1.25
1.52
2.84
1.94
2.02
2.78
3.3
2.84
1.47
1.37
1.49
1.96
2
1.8
2.2
7.5
4.35
1.533
2.64
1.25
1.125
2.08
1.89
2.26
1.76
3.4
3.45
2.32
1.666
1.35
1.363
2.44
1.666
1.86
2.12
1.4
5.1
9.7
1.08
1.2
3.15
2.18
1.81
2.375
1.7
1.31
5.9
12
1.055
1.166
3.75
1.93
2.04
2.375
1.7
2.12
3.35
4.1
1.27
1.363
1.79
1.5
2.92
1.86
2.12
1.82
3.7
5.1
1.2
1.32
2.08
1.34
3.8
1.91
2.05
2.4
3.3
3.4
1.363
1.37
1.63
1.69
2.38
1.94
2.02
1.94
3.55
4.55
1.23
1.333
1.94
1.41
3.35
1.81
2.18
1.363
5.5
10
1.075
1.181
3.35
2.12
1.86
1.98
1.98
2.32
3.35
3.5
1.34
1.363
1.666
1.65
2.48
2.14
1.85
6
3.6
1.75
2.18
1.333
1.166
1.71
2.35
2.04
1.92
1.72
3.7
6.1
1.153
1.32
2.22
2.3
1.74
1.94
2.02
2.15
3.45
3.85
1.3
1.35
1.77
1.54
2.78
1.92
2.04
1.24
6.8
16
1.035
1.133
4.45
1.7
2.375
2.44
1.666
2.68
3.25
3
1.43
1.38
1.52
1.87
2.1
1.72
2.34
6.2
3.85
1.68
2.3
1.3
1.153
1.79
2.22
2.14
1.84
2.12
3.35
4.1
1.27
1.363
1.79
1.5
2.92
1.79
2.22
2.2
3.4
3.75
1.31
1.363
1.74
1.571
2.68
2.26
1.76
2.3
3.35
3.55
1.333
1.363
1.68
1.63
2.52
2.2
1.8
2.72
3.3
2.9
1.46
1.37
1.51
1.92
2.04
1.88
2.1
2.6
3.5
2.82
1.48
1.34
1.55
1.89
2.06
1.85
2.1
3
3.4
2.5
1.58
1.363
1.43
2.16
1.81
2.22
1.77
1.952
3.6
4.25
1.26
1.333
1.93
2.8
1.52
1.94
2
1.952
3.5
4.4
1.25
1.34
1.93
2.8
1.52
1.96
1.98
2.5
3.4
3
1.43
1.363
1.58
1.81
2.16
1.98
1.96
4
3.4
2.08
1.82
1.363
1.285
2.875
1.5
1.78
2.2
1.7
3.75
5.9
1.166
1.31
2.26
2.25
1.75
2.1
1.85
4.1
3.5
2.02
1.87
1.34
1.27
1.48
2.95
1.78
2.2
1.69
3.8
5.9
1.166
1.3
2.28
2.24
1.76
2.25
1.75
1.63
3.8
6.7
1.133
1.3
2.4
2.12
1.833
2.02
1.92
1.91
3.5
4.6
1.23
1.34
1.97
2.68
1.56
2.16
1.81
2.1
3.5
3.8
1.3
1.34
1.8
1.533
2.75
1.85
2.1
3.1
3.5
2.4
1.6
1.32
1.39
2.24
1.74
1.96
1.96
2.45
3.5
3
1.41
1.32
1.58
1.78
2.18
1.909
2.02
3.8
3.8
2
1.85
1.285
1.285
2.82
1.5
2.3
1.71
1.6
4.333
5.9
1.153
1.23
2.4
1.98
1.94
2.06
1.87
2.5
3.45
2.98
1.42
1.333
1.56
1.8
2.15
1.96
1.96
4.05
3.6
2
1.85
1.31
1.26
1.49
2.86
1.96
1.96
2.2
3.5
3.5
1.32
1.32
1.7
1.6
2.52
1.96
1.96
1.61
4.1
6.2
1.133
1.26
2.38
2.08
1.85
1.98
1.94
1.952
3.65
4.2
1.25
1.3
1.89
2.8
1.51
2.02
1.9
2.65
3.5
2.76
1.47
1.32
1.51
1.92
2
1.85
2.08
1.74
4
5
1.19
1.26
2.14
2.34
1.69
2
1.92
2.38
3.5
3.125
1.39
1.32
1.61
1.727
2.26
1.93
1.99
2.4
3.5
3.1
1.39
1.32
1.6
1.74
2.24
1.99
1.93
2.66
3.5
2.75
1.48
1.32
1.5
1.93
1.99
1.99
1.93
1.96
3.8
3.95
1.27
1.285
1.88
2.8
1.51
2.06
1.87
2.1
3.6
3.7
1.3
1.31
1.77
1.533
2.72
1.88
2.05
2.25
3.55
3.35
1.35
1.32
1.68
1.64
2.44
1.97
1.952
2.3
3.6
3.2
1.37
1.31
1.65
1.68
2.35
1.952
1.97
2.15
3.5
3.65
1.3
1.32
1.74
1.56
2.64
2
1.92
2.25
3.5
3.4
1.34
1.32
1.68
1.63
2.46
1.9
2.02
1.7
4.2
4.3
1.21
1.222
2.12
2.26
1.65
2.24
1.666
1.87
3.85
3.8
1.25
1.25
1.9
2.56
1.52
2.2
1.69
2.42
3.55
2.75
1.43
1.285
1.54
1.79
2.05
2.14
1.727
3.1
3.6
2.18
1.66
1.285
1.35
2.3
1.63
3.1
1.38
1.49
4.5
6
1.125
1.19
2.56
1.833
1.99
2.48
1.55
7
5.6
1.363
3.05
1.133
1.09
1.75
2.1
2.82
1.444
2.15
3.6
3.15
1.34
1.285
1.68
1.61
2.35
2.04
1.8
4
3.75
1.85
1.92
1.26
1.23
1.51
2.6
1.97
1.85
1.444
5
6
1.125
1.166
2.7
1.75
2.1
3.2
1.363
1.25
6
11
1.03
1.125
3.8
1.76
2.08
3.6
1.3
2.15
3.5
3.25
1.333
1.285
1.68
1.59
2.4
1.97
1.85
1.84
3.7
4.1
1.222
1.27
1.93
2.54
1.533
2.1
1.75
3.9
3.7
1.88
1.89
1.27
1.24
1.51
2.6
2.42
1.58
2.625
3.6
2.5
1.51
1.285
1.47
1.96
1.86
2.54
1.533
1.5
4.333
6.2
1.111
1.21
2.54
1.86
1.96
2.24
1.666
1.533
4.1
6.2
1.111
1.222
2.44
1.93
1.89
1.99
1.833
3.9
4
1.81
1.96
1.23
1.24
1.56
2.46
2.44
1.571
4
3.75
1.85
1.92
1.26
1.23
1.533
2.54
2.24
1.666
1.533
4.4
5.6
1.133
1.2
2.44
1.92
1.9
2.8
1.45
2.4
3.6
2.75
1.43
1.285
1.55
1.79
2.05
1.91
1.91
2.05
3.6
3.4
1.3
1.285
1.74
1.533
2.54
2.44
1.571
1.666
3.95
4.85
1.166
1.24
2.16
2.2
1.69
1.91
1.91
3.55
3.6
2
1.78
1.285
1.285
2.66
1.49
2.05
1.79
2.48
3.75
2.58
1.48
1.26
1.52
1.87
1.952
2.54
1.533
2.06
3.6
3.4
1.3
1.285
1.74
1.533
2.54
2.42
1.58
2.42
3.45
2.82
1.41
1.3
1.54
1.77
2.08
2.42
1.58
1.35
5
8.5
1.06
1.166
3.125
2.05
1.79
3
1.4
2.35
3.55
2.85
1.41
1.285
1.571
1.74
2.12
2.3
1.63
2.9
3.6
2.3
1.59
1.285
1.4
2.16
1.71
2.04
1.8
2.55
3.6
2.58
1.48
1.285
1.49
1.9
1.92
2.14
1.727
1.63
4
5.2
1.153
1.23
2.24
2.12
1.74
2.56
1.52
1.4
4.4
8.6
1.06
1.2
2.88
1.666
2.24
3.5
1.31
1.92
3.6
3.85
1.25
1.285
1.85
2.7
1.48
2.44
1.571
2.95
3.6
2.26
1.615
1.285
1.38
2.2
1.69
2.875
1.43
1.31
5.5
9
1.05
1.143
3.35
1.952
1.87
2.875
1.43
2.625
3.5
2.55
1.49
1.285
1.47
1.94
1.88
2.625
1.5
1.5
4.5
5.9
1.125
1.19
2.54
1.833
1.99
3.25
1.35
2.16
3.6
3.15
1.34
1.285
1.666
1.61
2.35
2.875
1.43
2.28
3.65
2.9
1.4
1.27
1.6
1.71
2.16
2.82
1.444
2.16
3.6
3.15
1.34
1.285
1.666
1.61
2.35
2.42
1.58
2.55
3.6
2.58
1.48
1.285
1.49
1.9
1.92
1.97
1.85
6
5
1.444
2.7
1.166
1.125
2.1
1.75
2.82
1.444
1.952
3.6
3.75
1.26
1.285
1.82
1.45
2.8
2.14
1.727
2.15
3.5
3.25
1.333
1.285
1.68
1.59
2.4
2.82
1.444
2.1
3.5
3.4
1.3
1.285
1.71
1.54
2.52
2.12
1.74
2.2
3.4
3.25
1.333
1.3
1.65
1.6
2.375
1.87
1.952
1.285
5.7
9.5
1.045
1.133
3.5
1.9
1.92
2.18
1.7
2.55
3.2
2.82
1.41
1.333
1.49
1.82
2.02
1.97
1.85
4.15
3.6
1.85
1.92
1.285
1.222
1.52
2.56
2.06
1.78
2.4
3.4
2.88
1.4
1.3
1.55
1.75
2.1
1.81
2.02
2.3
3.6
2.9
1.4
1.285
1.59
1.71
2.16
2.14
1.727
2.18
3.5
3.2
1.333
1.285
1.66
1.61
2.35
2.1
1.75
1.8
3.6
4.45
1.2
1.285
1.98
2.46
1.56
2.1
1.75
1.8
3.6
4.45
1.2
1.285
1.98
2.48
1.55
1.9
1.92
3.35
3.4
2.15
1.68
1.3
1.31
2.44
1.571
1.833
2
1.91
3.6
3.9
1.24
1.285
1.86
1.42
2.92
1.99
1.833
2.15
3.6
3.15
1.34
1.285
1.68
1.61
2.35
2.24
1.666
3.8
3.7
1.909
1.86
1.27
1.25
1.49
2.66
2.24
1.666
1.77
3.85
4.3
1.21
1.25
2.02
2.375
1.6
2.6
1.51
2.62
3.75
2.44
1.533
1.26
1.47
1.99
1.84
2.625
1.5
1.63
4.3
4.7
1.181
1.21
2.24
2.12
1.74
2.875
1.43
2.2
3.75
2.96
1.38
1.26
1.65
1.666
2.24
2.16
1.71
3.5
3.8
1.96
1.81
1.25
1.285
2.66
1.49
2.92
1.42
2.16
3.6
3.15
1.34
1.285
1.666
1.61
2.35
2.6
1.51
2.38
3.65
2.75
1.43
1.27
1.56
1.78
2.06
2.26
1.65
2.14
3.6
3.2
1.333
1.285
1.68
1.59
2.4
2.34
1.615
1.533
4.6
5.3
1.143
1.181
2.44
1.92
1.9
2.625
1.5
3.1
3.65
2.16
1.666
1.27
1.35
2.34
1.615
2.6
1.51
2.1
3.65
3.25
1.333
1.27
1.71
1.571
2.44
2.44
1.571
3.1
3.6
2.18
1.66
1.285
1.35
2.3
1.63
2.96
1.41
2.15
3
4.4
1.25
1.43
1.77
1.47
2.98
1.51
2.82
2.06
3.125
4.5
1.24
1.41
1.833
1.43
3.15
1.571
2.65
1.77
3.45
5.8
1.166
1.35
2.15
2.44
1.65
1.74
2.28
2.74
3.1
2.96
1.444
1.41
1.5
1.9
2.04
1.56
2.66
1.59
3.9
7.1
1.125
1.3
2.48
2.08
1.87
1.71
2.32
1.85
3.35
5.4
1.181
1.363
2.04
1.32
3.9
1.52
2.8
1.92
3.4
4.75
1.222
1.363
1.96
1.38
3.45
1.75
2.25
2.2
3.15
3.95
1.285
1.4
1.74
1.533
2.75
1.571
2.65
2.52
3
3.4
1.363
1.43
1.58
1.71
2.32
1.55
2.7
1.96
3.25
4.8
1.222
1.38
1.92
1.39
3.4
1.571
2.65
2.75
3.1
2.95
1.444
1.41
1.5
1.9
2.04
1.55
2.7
1.96
3.1
4.8
1.2
1.39
1.87
1.363
3.35
1.55
2.6
4.95
3.35
1.85
1.98
1.34
1.19
1.54
2.62
1.533
2.65
2.25
3.05
3.7
1.3
1.4
1.666
1.56
2.56
1.533
2.64
1.615
3.65
6.7
1.125
1.3
2.35
2.12
1.79
1.68
2.3
2.54
2.95
3.25
1.363
1.42
1.533
1.727
2.22
1.5
2.75
1.91
3.15
4.95
1.19
1.38
1.92
1.34
3.5
1.5
2.74
1.82
3.25
5.4
1.166
1.363
2.02
1.3
3.8
1.5
2.75
2.5
2.875
3.4
1.333
1.444
1.55
1.68
2.3
1.46
2.9
2.45
3.05
3.25
1.363
1.4
1.571
1.7
2.26
1.51
2.72
2.3
3
3.65
1.3
1.41
1.64
1.58
2.52
1.55
2.6
2.52
2.85
3.4
1.333
1.444
1.54
1.69
2.28
1.5
2.75
6.9
4.25
1.51
2.62
1.24
1.111
1.99
1.89
2
1.88
1.9
3.6
4.2
1.24
1.3
1.93
1.41
3.1
1.8
2.1
2.2
3.6
3.25
1.363
1.3
1.69
1.63
2.4
1.952
1.93
1.45
4.5
7.7
1.095
1.222
2.82
1.77
2.15
2.3
1.68
2.75
3.4
2.6
1.51
1.333
1.47
1.99
1.89
1.8
2.1
2.5
3.5
2.8
1.45
1.32
1.55
1.833
2.06
2.22
1.72
1.35
5
9.9
1.06
1.181
3.3
2.05
1.84
2.52
1.58
2.34
3.5
3.05
1.4
1.32
1.615
1.71
2.24
2.05
1.84
4.25
3.6
1.89
1.94
1.3
1.24
3.15
1.4
1.85
2.04
6.2
4.3
1.58
2.52
1.25
1.153
1.93
2.02
2.54
1.61
2
3.5
4.15
1.27
1.34
1.88
1.46
3.05
1.97
1.97
1.32
5.4
12
1.055
1.181
3.65
1.92
2.02
2.54
1.61
2.25
3.4
3.5
1.34
1.363
1.7
1.615
2.52
2.4
1.666
2.52
3.6
2.85
1.47
1.333
1.58
1.86
2.1
2.02
1.92
4
3.75
1.96
1.92
1.31
1.285
2.98
1.47
2.2
1.78
1.23
6.9
15
1.036
1.133
4.6
2.2
1.78
2.7
1.55
3.4
3.6
2.2
1.74
1.333
1.363
2.52
1.615
2.1
1.85
2.02
3.5
3.6
1.285
1.285
1.76
1.49
2.66
2.04
1.8
2.12
3.4
3.4
1.3
1.3
1.69
1.55
2.48
1.97
1.85
2.05
3.35
4.2
1.26
1.363
1.84
2.98
1.47
1.92
2.02
2.3
3.3
3.45
1.35
1.37
1.68
1.64
2.46
1.59
2.6
2
3.45
4.25
1.26
1.35
1.88
1.45
3.1
1.86
2.1
3.05
3.35
2.5
1.58
1.363
1.42
2.2
1.79
1.952
1.99
1.32
5.7
11
1.065
1.166
3.65
1.97
1.97
2.3
1.72
2.42
3.35
3.2
1.39
1.363
1.615
1.727
2.3
2.06
1.89
2.25
3.35
3.55
1.333
1.363
1.7
1.61
2.54
1.59
2.58
1.76
3.7
5.3
1.19
1.32
2.16
2.38
1.68
2.1
1.85
2.625
3.25
2.96
1.444
1.38
1.54
1.86
2.1
1.85
2.1
1.97
3.45
4.4
1.25
1.35
1.91
2.875
1.5
1.74
2.28
2.1
3.35
3.75
1.285
1.34
1.76
1.51
2.72
1.9
1.98
2.4
3.35
3.05
1.4
1.34
1.59
1.727
2.22
1.86
2.02
1.84
3.6
4.55
1.21
1.3
1.99
2.56
1.56
1.96
1.92
3
3.35
2.44
1.571
1.34
1.41
2.16
1.76
2.04
1.85
1.76
3.65
5
1.181
1.3
2.1
2.4
1.63
1.99
1.89
2.28
3.35
3.3
1.35
1.34
1.65
1.64
2.375
2
1.88
1.4
4.5
8.2
1.065
1.19
2.88
1.7
2.18
1.833
2
1.59
3.8
6
1.125
1.25
2.32
2.08
1.77
1.833
1.99
1.49
4.4
6.3
1.111
1.2
2.56
1.86
1.96
1.87
1.952
1.64
3.65
5.7
1.133
1.27
2.22
2.18
1.7
1.63
2.3
3.6
3.55
2.15
1.77
1.333
1.333
2.64
1.571
2.74
1.54
5.1
3.95
1.74
2.2
1.285
1.2
1.7
2.34
2.12
1.833
1.571
4.25
6.5
1.143
1.26
2.54
1.99
1.952
2.38
1.68
1.125
10.5
23
1.013
1.07
7
1.97
1.97
2.08
1.88
1.23
7.5
13
1.05
1.125
4.6
2.08
1.87
1.94
2
2.02
3.6
3.95
1.285
1.333
1.87
1.49
2.9
2.24
1.76
2.48
3.45
3
1.43
1.35
1.59
1.82
2.15
2.1
1.85
2.48
3.6
2.9
1.46
1.333
1.59
1.833
2.12
2.52
1.615
2.45
3.4
3.1
1.41
1.363
1.61
1.76
2.24
2.1
1.85
1.8
3.85
4.75
1.222
1.3
2.1
2.46
1.64
2.08
1.87
1.133
10.5
21
1.017
1.07
6.7
2
1.94
1.94
2
1.58
4.2
6.5
1.143
1.26
2.52
1.97
1.97
2.48
1.63
2.32
3.5
3.25
1.38
1.34
1.666
1.69
2.36
2.4
1.666
1.47
4.5
8.1
1.1
1.24
2.85
2.4
1.666
2.3
1.72
3.8
3.65
2.04
1.85
1.32
1.3
1.49
2.9
2.52
1.615
1.92
3.9
4.05
1.285
1.3
1.96
2.68
1.56
2.34
1.7
2.42
3.45
3.1
1.41
1.35
1.615
1.75
2.25
2.24
1.76
1.98
3.75
3.95
1.285
1.31
1.9
1.48
2.95
2.38
1.68
1.4
4.7
10
1.075
1.222
3.15
2.2
1.79
2.56
1.6
7
4.2
1.55
2.6
1.26
1.125
1.98
1.96
2.44
1.65
2.6
3.5
2.82
1.48
1.34
1.55
1.89
2.06
2.34
1.7
2.82
3.5
2.6
1.55
1.34
1.48
2.06
1.89
2.3
1.72
2.4
3.5
3.1
1.41
1.34
1.63
1.75
2.25
2.2
1.78
12
5
1.35
3.45
1.21
1.055
1.92
2.02
1.97
1.97
2.3
3.6
3.2
1.39
1.333
1.68
1.69
2.36
2.24
1.76
2.1
3.6
3.7
1.32
1.333
1.8
1.54
2.74
2.1
1.85
2
3.7
3.9
1.3
1.32
1.88
2.875
1.5
2.44
1.65
2.05
3.5
3.95
1.285
1.34
1.84
2.98
1.47
1.94
2
2.65
3.5
2.76
1.5
1.34
1.533
1.93
2.02
2.04
1.9
2.32
3.55
3.2
1.39
1.333
1.666
1.7
2.34
2.15
1.82
2.35
3.5
3.2
1.39
1.34
1.65
1.71
2.32
1.92
2.02
2.75
3.5
2.65
1.533
1.34
1.5
2.02
1.93
2.02
1.92
1.8
3.8
4.85
1.21
1.3
2.1
2.48
1.63
2.04
1.9
2.82
3.5
2.6
1.55
1.34
1.48
2.06
1.89
1.92
2.02
1.5
4.6
7.1
1.125
1.23
2.75
1.85
2.1
2.05
1.9
2.2
3.5
2.84
1.34
1.23
1.56
1.66
2.14
2
1.75
5.9
4.3
1.45
2.46
1.166
1.08
1.952
1.79
1.56
2.34
3.8
3.55
1.82
1.833
1.23
1.2
2.9
1.38
2.25
1.6
4.1
3.6
1.75
1.909
1.222
1.181
1.54
2.38
2.25
1.6
2.68
3.5
2.3
1.51
1.23
1.38
2.02
1.74
1.63
2.2
1.55
4
5.1
1.111
1.181
2.22
1.98
1.77
2.64
1.45
2.45
3.5
2.5
1.444
1.23
1.45
1.85
1.89
2.16
1.65
2.45
3.5
2.5
1.444
1.23
1.45
1.85
1.89
2.25
1.6
1.75
3.5
4.25
1.166
1.23
1.909
2.38
1.54
2.35
1.55
3.1
3.4
2.1
1.61
1.25
1.3
2.3
1.571
2.05
1.72
3.85
3.6
1.8
1.85
1.222
1.2
1.54
2.38
2.5
1.49
2.38
3.3
2.7
1.38
1.26
1.48
1.727
2.04
2.15
1.65
3.75
3.6
1.82
1.833
1.222
1.21
1.49
2.5
2.2
1.63
2.24
3.4
2.85
1.34
1.25
1.54
1.64
2.18
1.94
1.8
1.85
3.4
3.85
1.2
1.25
1.8
2.5
1.49
2.3
1.571
2.82
3.3
2.3
1.51
1.26
1.35
2.05
1.72
2
1.75
1.75
3.5
4.25
1.166
1.23
1.909
2.28
1.58
2.05
1.72
1.7
3.7
4.25
1.166
1.21
1.97
2.28
1.58
2.2
1.63
3.5
3.5
1.92
1.74
1.23
1.23
1.42
2.74
1.98
1.77
2.2
3.6
2.78
1.363
1.222
1.56
1.68
2.1
1.94
1.8
2.3
3.3
3.125
1.35
1.32
1.59
1.66
2.25
2.04
1.8
2.56
3.2
2.82
1.41
1.333
1.49
1.82
2.02
1.8
2.04
2.5
3.25
2.85
1.41
1.333
1.51
1.79
2.05
1.75
2.1
2.55
3.55
2.84
1.47
1.333
1.571
1.87
2.08
2.1
1.85
1.75
3.8
5.2
1.19
1.3
2.18
1.32
3.9
2.04
1.9
3.25
3.55
2.3
1.68
1.333
1.38
2.38
1.68
2
1.94
1.65
4
5.9
1.166
1.285
2.35
2.16
1.81
2.25
1.75
1.75
3.75
5.3
1.19
1.31
2.18
2.34
1.7
2.34
1.7
2.72
3.45
2.72
1.51
1.35
1.51
1.97
1.97
2.1
1.85
2.92
3.55
2.4
1.59
1.31
1.42
2.15
1.77
2.1
1.8
2.98
3.55
2.35
1.615
1.31
1.41
2.2
1.74
2.35
1.65
4.333
3.7
1.85
1.98
1.3
1.23
3.25
1.38
2.35
1.65
2.3
3.4
3.2
1.363
1.333
1.64
1.666
2.32
2.26
1.7
3.5
3.45
2.15
1.727
1.333
1.32
2.54
1.571
1.88
2
1.8
3.6
4.8
1.2
1.3
2.04
2.44
1.61
2.26
1.7
3.6
3.6
2.05
1.79
1.3
1.3
2.68
1.52
1.85
2.04
3.05
3.4
2.4
1.59
1.333
1.4
2.22
1.727
2.06
1.833
2.1
3.45
3.65
1.3
1.333
1.76
1.533
2.64
1.84
2.05
3.35
3.3
2.2
1.65
1.32
1.31
2.42
1.58
2.02
1.82
8
5
1.363
3.05
1.166
1.07
2.35
1.61
2.24
1.666
3.55
3.6
2
1.78
1.285
1.285
1.43
2.875
2.04
1.8
4.333
3.7
1.79
1.99
1.27
1.21
3.25
1.35
2.1
1.75
1.181
8.2
17
1.03
1.1
5.4
1.92
2.02
2.18
1.8
1.75
3.8
5.2
1.19
1.3
2.18
2.36
1.69
2.25
1.75
16
7.7
1.2
5.1
1.111
1.035
1.85
2.1
1.88
2.08
5.9
3.85
1.68
2.3
1.3
1.166
1.76
2.24
1.9
2.04
2.15
3.4
3.75
1.31
1.363
1.77
1.55
2.7
1.75
2.25
1.9
3.6
4.5
1.24
1.333
1.98
2.68
1.56
2.08
1.87
1.71
3.85
5.5
1.181
1.3
2.24
2.3
1.727
1.92
2.02
3.25
3.45
2.35
1.65
1.35
1.38
2.34
1.7
1.97
1.97
2.1
3.35
4
1.285
1.363
1.8
1.5
2.875
1.81
2.16
2.4
3.45
3.125
1.41
1.35
1.63
1.74
2.26
2.06
1.89
2.18
3.45
3.6
1.333
1.35
1.75
1.58
2.62
1.94
2
1.75
3.7
5.4
1.181
1.32
2.18
2.38
1.68
1.9
2.04
1.84
3.9
4.45
1.24
1.3
2.05
2.52
1.615
1.68
2.38
2.12
3.4
3.85
1.3
1.363
1.79
1.533
2.75
1.85
2.1
2.35
3.35
3.3
1.37
1.363
1.65
1.69
2.36
1.85
2.1
1.45
4.95
7.5
1.125
1.21
2.92
1.77
2.22
2.18
1.8
2.35
3.35
3.3
1.37
1.363
1.65
1.69
2.36
2.1
1.85
1.77
3.8
5.1
1.2
1.3
2.15
2.42
1.66
2
1.94
1.37
5.3
9.5
1.08
1.19
3.3
2.1
1.85
2.44
1.65
2.55
3.35
2.98
1.444
1.363
1.571
1.833
2.12
1.97
1.97
2.55
3.4
2.95
1.444
1.363
1.571
1.85
2.1
1.92
2.02
14
6.5
1.25
4.333
1.143
1.04
2.25
1.75
3.25
1.41
1.363
5.3
9.7
1.08
1.19
3.35
2.08
1.87
2.62
1.58
2.8
3.35
2.7
1.51
1.363
1.48
2
1.94
1.9
2.04
2.05
3.3
4.25
1.26
1.37
1.84
1.46
3.05
1.8
2.18
1.27
6.2
13
1.05
1.153
4.1
2.3
1.72
2.3
1.72
1.58
4
7
1.125
1.285
2.52
2.02
1.92
2.1
1.85
6
3.75
1.69
2.28
1.31
1.166
1.76
2.24
2.1
1.85
1.615
3.95
6.5
1.143
1.285
2.42
2.1
1.85
2.25
1.75
1.8
3.7
5
1.21
1.32
2.1
2.48
1.63
1.92
2.02
2.26
3.3
3.5
1.333
1.363
1.68
1.615
2.5
1.68
2.35
2.26
3.3
3.5
1.333
1.363
1.68
1.61
2.5
1.68
2.35
2.25
3.4
3.4
1.35
1.35
1.69
1.63
2.45
1.88
2.04
2.46
3.35
3.05
1.41
1.363
1.59
1.77
2.2
2.04
1.88
2.88
3.2
2.68
1.51
1.38
1.45
2.04
1.88
1.78
2.18
3
3.5
2.42
1.6
1.333
1.42
2.2
1.77
2.04
1.88
1.56
4.2
6.5
1.133
1.25
2.52
1.99
1.93
2.04
1.88
2.6
3.3
2.9
1.444
1.363
1.533
1.85
2.08
1.78
2.18
2.1
3.4
3.85
1.285
1.35
1.78
1.51
2.8
1.74
2.24
1.86
3.5
4.8
1.21
1.333
2
1.363
3.5
1.78
2.18
1.89
3.5
4.6
1.222
1.333
1.97
1.38
3.4
1.78
2.18
2.18
2.96
3.8
1.25
1.38
1.66
1.5
2.625
1.66
2.25
2.28
3
3.5
1.285
1.37
1.6
1.58
2.42
1.727
2.14
2.45
3.05
3.1
1.35
1.363
1.533
1.71
2.16
1.92
1.9
2.8
3.05
2.68
1.45
1.363
1.42
1.952
1.87
1.86
1.96
2.35
3
3.35
1.31
1.37
1.571
1.63
2.3
1.85
1.97
2.1
3.05
3.95
1.24
1.363
1.71
1.46
2.76
1.96
1.86
2
3.05
4.333
1.21
1.363
1.78
2.875
1.43
1.85
1.97
2.6
2.98
2.96
1.38
1.38
1.48
1.79
2.05
1.89
1.93
1.8
3.4
4.8
1.181
1.3
1.98
2.48
1.55
1.94
1.88
1.89
3.25
4.5
1.19
1.333
1.88
2.66
1.49
1.74
2.12
2.2
3.05
3.65
1.27
1.363
1.65
1.533
2.54
1.65
2.26
1.68
3.55
5.5
1.143
1.285
2.14
2.24
1.666
2.1
1.75
2.56
3
2.98
1.38
1.37
1.49
1.77
2.08
1.69
2.2
2.95
2.95
2.625
1.47
1.38
1.38
2.04
1.8
1.69
2.2
2.2
3.125
3.5
1.285
1.35
1.65
1.55
2.48
1.91
1.91
1.84
3.25
4.8
1.181
1.333
1.93
2.56
1.52
1.69
2.2
1.63
3.45
6.5
1.1
1.3
2.24
2.16
1.71
1.69
2.2
2
3.2
4.05
1.23
1.333
1.78
2.92
1.42
1.69
2.2
1.9
3.25
4.45
1.2
1.333
1.87
2.7
1.48
1.75
2.1
1.833
3.3
4.8
1.181
1.32
1.94
2.56
1.52
1.8
2.04
1.91
3.25
4.4
1.2
1.333
1.86
2.72
1.47
1.79
2.05
2.16
3
3.8
1.25
1.37
1.666
1.5
2.625
1.7
2.18
1.666
3.55
5.6
1.133
1.285
2.16
2.2
1.69
1.96
1.86
1.77
3.35
5.1
1.153
1.31
2.02
2.44
1.571
1.81
2.02
2.62
2.98
2.94
1.39
1.38
1.47
1.81
2.02
1.71
2.16
2.52
3.125
2.94
1.39
1.35
1.5
1.77
2.08
1.9
1.92
2.375
3.1
3.2
1.333
1.35
1.56
1.666
2.24
1.91
1.91
2.84
3.2
2.54
1.5
1.333
1.41
2.02
1.81
1.96
1.86
1.75
3.45
5.1
1.153
1.3
2.04
2.4
1.59
1.75
2.1
1.65
3.7
5.5
1.143
1.27
2.2
2.16
1.71
2.02
1.81
2.26
3.1
3.4
1.3
1.35
1.615
1.59
2.4
1.88
1.94
1.91
3.3
4.3
1.21
1.32
1.86
2.72
1.47
1.68
2.22
1.727
3.55
5.1
1.153
1.285
2.08
2.3
1.63
2.08
1.77
4.3
3.25
1.93
1.84
1.333
1.21
1.47
2.72
1.833
1.99
1.833
3.3
4.75
1.181
1.32
1.94
2.56
1.52
1.7
2.18
1.55
3.75
6.8
1.095
1.26
2.4
1.99
1.833
1.81
2.02
2.44
3.125
3.05
1.363
1.35
1.533
1.72
2.15
1.727
2.14
2.34
3.15
3.2
1.333
1.34
1.58
1.65
2.26
1.91
1.91
2.12
3.2
3.65
1.27
1.333
1.69
1.51
2.6
1.74
2.12
2.28
3.45
3.35
1.363
1.35
1.69
1.65
2.44
2.3
1.72
2.05
3.4
4.1
1.27
1.363
1.84
1.48
2.95
1.8
2.18
1.68
4
5.5
1.181
1.285
2.3
2.24
1.76
2.18
1.8
2.94
3.2
2.68
1.52
1.39
1.45
2.08
1.88
1.8
2.18
2.35
3.3
3.35
1.363
1.37
1.65
1.68
2.38
1.94
2
2.08
3.4
4
1.285
1.363
1.82
1.5
2.875
1.82
2.15
2.35
3.3
3.35
1.363
1.37
1.65
1.68
2.38
1.75
2.25
2.6
3.25
3
1.43
1.38
1.55
1.84
2.12
1.9
2.04
3.7
3.45
2.15
1.77
1.35
1.32
2.68
1.56
1.97
1.97
3.95
3.5
2.06
1.833
1.34
1.285
2.875
1.5
1.97
1.97
2.36
3.2
3.45
1.35
1.39
1.65
1.66
2.42
1.72
2.3
1.34
5.3
11
1.065
1.19
3.5
2.08
1.88
2.04
1.9
1.32
5.6
11
1.065
1.181
3.65
1.99
1.952
2.25
1.75
2.14
3.3
3.95
1.285
1.37
1.77
1.52
2.8
1.8
2.18
1.72
3.9
5.3
1.19
1.3
2.22
2.32
1.71
2.02
1.92
3.95
3.55
2.04
1.85
1.333
1.285
2.9
1.49
1.89
2.06
3.75
3.3
2.2
1.74
1.37
1.31
2.68
1.56
1.92
2.02
3.85
3.3
2.16
1.76
1.37
1.3
2.74
1.54
2.08
1.87
1.25
6.6
14
1.04
1.143
4.333
1.76
2.24
2.3
1.72
1.727
3.9
5.2
1.19
1.3
2.22
2.34
1.7
1.97
1.97
3.9
3.3
2.15
1.77
1.37
1.3
2.75
1.533
1.85
2.1
2.06
3.3
4.2
1.26
1.37
1.833
3.05
1.46
1.89
2.06
2.34
3.4
3.3
1.37
1.363
1.66
1.68
2.38
1.81
2.16
2.08
3.45
3.95
1.285
1.35
1.82
1.5
2.875
1.9
2.04
2.56
3.2
3.1
1.41
1.39
1.56
1.8
2.18
1.833
2.12
1.92
3.7
4.25
1.26
1.32
1.96
2.7
1.55
2.02
1.92
2.92
3.35
2.6
1.55
1.363
1.45
2.1
1.86
1.92
2.02
2.7
3.4
2.76
1.5
1.363
1.51
1.952
1.99
2.05
1.9
1.26
6.6
13
1.05
1.143
4.2
1.79
2.2
2.3
1.72
1.3
6
11
1.065
1.166
3.8
1.92
2.02
2.3
1.72
2.2
3.2
3.8
1.3
1.38
1.72
1.55
2.66
1.7
2.32
3.15
3.1
2.56
1.55
1.4
1.39
2.18
1.78
1.78
2.18
2.86
2.96
2.92
1.444
1.43
1.46
1.94
1.98
1.8
2.15
2.1
3.1
4.3
1.25
1.4
1.78
1.46
2.98
1.72
2.28
1.94
3.45
4.45
1.23
1.34
1.92
1.41
3.2
1.9
2.02
2.25
3.15
3.7
1.31
1.39
1.69
1.58
2.58
1.7
2.32
2.65
2.94
3.2
1.38
1.444
1.52
1.79
2.16
1.75
2.22
1.8
3.6
5.1
1.19
1.32
2.08
2.5
1.615
1.8
2.15
2.4
3.1
3.45
1.34
1.4
1.615
1.66
2.4
1.85
2.08
1.8
3.6
5.1
1.19
1.32
2.08
2.52
1.6
1.98
1.94
3.05
3
2.7
1.5
1.42
1.41
2.08
1.85
1.7
2.32
2.64
3.1
2.55
1.42
1.3
1.39
1.9
1.84
1.7
2.08
2.82
3.1
2.4
1.47
1.3
1.35
2.04
1.727
1.65
2.16
2.82
3.1
2.4
1.47
1.3
1.35
2.04
1.727
1.65
2.16
2.1
3.1
3.4
1.25
1.3
1.61
1.51
2.46
1.65
2.16
2.6
3.1
2.6
1.41
1.3
1.41
1.87
1.87
1.65
2.16
3.05
3.1
2.25
1.533
1.3
1.3
2.2
1.63
1.65
2.16
2.2
3.1
3.15
1.285
1.3
1.56
1.59
2.26
1.65
2.16
1.85
3.2
4.15
1.166
1.285
1.8
2.64
1.45
1.65
2.16
1.3
5.5
9.3
1.05
1.143
3.4
1.91
1.91
3.15
1.37
1.35
5.4
7.5
1.075
1.143
3.125
2.05
1.79
3.45
1.32
2.4
3.4
2.875
1.4
1.3
1.55
1.75
2.1
3.4
1.333
2.7
3.3
2.7
1.48
1.35
1.48
1.94
1.94
1.81
2.1
2.4
3.5
2.8
1.42
1.285
1.55
1.77
2.08
2.15
1.72
1.5
3.8
7.8
1.07
1.25
2.54
1.86
1.96
2.18
1.7
3.9
3.4
1.97
1.8
1.3
1.24
1.45
2.8
2.18
1.7
2.65
3.3
2.65
1.46
1.32
1.46
1.91
1.91
2.375
1.6
2
3.5
3.65
1.27
1.285
1.78
1.48
2.7
2
1.833
1.35
4.7
9.6
1.045
1.181
3.125
1.59
2.4
2.375
1.6
1.87
3.45
4.3
1.21
1.3
1.9
2.6
1.51
1.9
1.92
2.52
2.98
3.05
1.363
1.38
1.5
1.74
2.12
1.66
2.25
1.97
3.2
4.2
1.222
1.333
1.8
2.875
1.43
1.63
2.3
3.5
3.15
2.2
1.65
1.34
1.285
2.48
1.55
1.8
2.04
2.8
3.2
2.58
1.48
1.333
1.42
1.99
1.833
1.72
2.15
1.63
4.1
5.9
1.166
1.27
2.4
1.26
4.5
1.78
2.2
3.65
3.4
2.18
1.75
1.363
1.32
2.64
1.571
2.04
1.9
5
3.7
1.8
2.1
1.32
1.21
3.7
1.34
1.9
2.04
1.5
4.5
7.3
1.125
1.24
2.75
1.87
2.08
2.15
1.82
1.85
3.7
4.65
1.23
1.32
2.04
2.58
1.59
1.99
1.952
1.42
4.9
8.5
1.095
1.21
3.05
1.71
2.32
2.44
1.65
1.48
4.75
7.2
1.125
1.222
2.82
1.82
2.14
2.04
1.9
1.75
3.8
5.2
1.19
1.3
2.18
2.38
1.68
1.9
2.04
4.05
3.6
2
1.88
1.333
1.285
2.98
1.47
1.97
1.97
1.68
4
5.5
1.181
1.285
2.3
2.25
1.75
1.85
2.1
1.7
3.8
5.7
1.166
1.3
2.26
1.285
4.2
2.18
1.8
9.8
5.5
1.35
3.45
1.181
1.075
1.88
2.08
2.08
1.87
1.55
4.2
7
1.125
1.26
2.6
1.97
1.97
2.18
1.8
2.15
3.3
3.9
1.3
1.37
1.77
3.2
1.42
1.85
2.1
1.38
5.1
9.5
1.08
1.2
3.25
2.15
1.82
2.34
1.7
3.7
3.6
2.1
1.8
1.333
1.32
2.74
1.54
1.85
2.1
1.7
3.8
5.7
1.166
1.3
2.26
2.25
1.75
2.25
1.75
4.9
3.55
1.85
2.04
1.333
1.21
1.59
2.58
1.97
1.97
1.52
4.7
6.5
1.143
1.222
2.68
1.89
2.06
2.44
1.65
1.63
4.1
5.9
1.166
1.27
2.4
2.12
1.833
2
1.94
3.25
3.45
2.34
1.66
1.35
1.38
2.36
1.69
1.9
2.04
1.35
5.5
9.7
1.08
1.181
3.45
2.08
1.87
2.25
1.75
2.4
3.5
3.1
1.41
1.34
1.63
1.75
2.25
1.85
2.1
2.1
3.6
3.7
1.32
1.333
1.8
1.54
2.74
2.1
1.85
3.25
3.4
2.35
1.65
1.363
1.38
2.34
1.7
2.02
1.92
2.45
3.55
2.98
1.444
1.333
1.61
1.79
2.2
2.52
1.615
9.7
4.8
1.4
3.15
1.222
1.08
1.9
2.04
2.12
1.833
3.2
3.3
2.44
1.61
1.37
1.39
2.26
1.74
1.85
2.1
5.8
4.15
1.63
2.4
1.27
1.166
1.84
2.12
2.3
1.72
1.68
4.1
5.4
1.181
1.27
2.3
2.24
1.76
1.87
2.08
2.5
3.45
2.98
1.444
1.35
1.58
1.81
2.16
1.99
1.952
2.88
3.4
2.6
1.55
1.363
1.46
2.08
1.87
2.12
1.833
2.98
3.4
2.52
1.58
1.363
1.444
2.15
1.82
2.12
1.833
5
4
1.74
2.2
1.285
1.21
1.7
2.34
2.2
1.78
7.6
4.5
1.49
2.78
1.24
1.111
2.12
1.84
2.44
1.65
1.06
18
36
0
1.025
12
2.625
1.58
2.36
1.69
1.93
3.65
4.3
1.25
1.32
1.952
1.43
3.15
2.2
1.79
1.75
3.8
5.2
1.19
1.3
2.18
2.36
1.69
2.1
1.85
1.38
5.1
9.5
1.08
1.2
3.25
2.2
1.79
2.44
1.65
1.45
4.75
8
1.111
1.222
2.92
1.77
2.22
2.12
1.84
1.54
4.35
6.8
1.133
1.25
2.62
1.92
2.02
2.7
1.55
1.93
3.3
4.2
1.222
1.32
1.84
2.8
1.45
1.68
2.22
5
3.45
1.76
2.02
1.3
1.166
1.571
2.44
1.65
2.26
2.1
3.3
3.6
1.285
1.32
1.71
1.51
2.6
1.65
2.26
2.4
3.2
3.05
1.363
1.333
1.55
1.71
2.16
1.7
2.18
3.4
3.3
2.3
1.66
1.363
1.35
2.44
1.64
1.9
2.02
1.952
3.45
4.35
1.24
1.34
1.909
2.8
1.51
1.9
2.02
5.3
4
1.7
2.26
1.285
1.19
1.75
2.25
2.75
1.533
2.25
3.6
3.3
1.37
1.333
1.7
1.66
2.42
2.54
1.61
1.85
3.8
4.5
1.24
1.3
2.04
1.39
3.4
2.3
1.72
2.32
3.65
3.125
1.41
1.32
1.666
1.72
2.3
2.38
1.68
2.42
3.6
2.98
1.444
1.333
1.615
1.78
2.2
3.15
1.43
1.8
4
4.55
1.23
1.285
2.1
1.37
3.5
2.8
1.52
5.5
4
1.68
2.3
1.285
1.181
1.78
2.2
2.7
1.55
1.7
4
5.3
1.19
1.285
2.26
2.25
1.75
2.44
1.65
1.55
4.3
6.8
1.133
1.25
2.6
1.94
2
2.42
1.66
1.85
3.8
4.2
1.24
1.285
1.98
2.54
1.571
2.35
1.65
1.9
3.8
3.95
1.26
1.285
1.93
2.64
1.533
2.46
1.6
4.95
4.2
1.66
2.26
1.24
1.19
1.75
2.18
2.64
1.533
1.63
4.2
5.3
1.166
1.24
2.32
2.1
1.8
2.85
1.47
1.4
5.5
6.9
1.111
1.166
3.05
2.18
1.75
3.15
1.4
2.45
3.6
2.82
1.45
1.3
1.571
1.81
2.1
2.64
1.533
2.05
3.7
3.55
1.31
1.3
1.79
1.533
2.64
2.3
1.68
3.05
3.7
2.25
1.666
1.3
1.4
2.28
1.69
2.46
1.6
2.9
3.6
2.38
1.6
1.3
1.43
2.15
1.77
2.64
1.533
3
3.7
2.28
1.65
1.3
1.41
2.24
1.71
2.75
1.5
2.12
3.5
3.5
1.32
1.32
1.74
1.56
2.56
2.3
1.68
1.84
3.9
4.15
1.25
1.27
1.99
2.54
1.571
2.22
1.72
1.78
3.9
4.45
1.222
1.27
2.08
2.4
1.63
2.4
1.63
2.68
3.4
2.68
1.49
1.333
1.49
1.94
1.94
2.4
1.63
1.533
4.8
5.5
1.166
1.2
2.55
1.91
1.97
2.64
1.533
2.75
3.4
2.6
1.51
1.333
1.47
1.99
1.89
2.4
1.63
2.3
3.4
3.2
1.363
1.333
1.64
1.666
2.32
2.3
1.68
2.38
3.55
3.1
1.41
1.333
1.64
1.74
2.26
2.42
1.66
2.38
3.45
3.15
1.4
1.35
1.64
1.727
2.3
2.18
1.8
3.85
3.75
2
1.88
1.31
1.3
1.51
2.84
2.56
1.6
3.9
3.6
2.04
1.85
1.333
1.3
1.48
2.95
2.12
1.833
2.38
3.45
3.15
1.4
1.35
1.64
1.727
2.3
2.1
1.85
2.36
3.4
3.25
1.38
1.363
1.65
1.7
2.34
1.96
1.98
1.88
3.65
4.55
1.23
1.32
2
2.64
1.571
2.02
1.92
2.96
3.65
2.42
1.615
1.32
1.444
2.2
1.79
2.74
1.54
2.2
3.3
3.35
1.31
1.32
1.65
1.58
2.42
1.75
2.1
3.6
3.25
2.12
1.69
1.333
1.285
2.56
1.52
1.7
2.18
2.6
3.2
2.76
1.43
1.333
1.48
1.85
1.97
1.65
2.26
1.7
3.6
5.2
1.153
1.285
2.12
2.28
1.64
1.75
2.1
1.8
3.6
4.45
1.2
1.285
1.98
2.48
1.55
1.75
2.1
2.9
3.2
2.5
1.51
1.333
1.4
2.06
1.78
1.65
2.26
2.4
3.3
2.95
1.38
1.32
1.55
1.727
2.14
1.91
1.91
2.5
3.1
2.98
1.38
1.35
1.51
1.76
2.08
1.65
2.26
2.8
2.94
3
1.42
1.444
1.47
1.89
2.04
1.87
2.06
2.28
3.15
3.65
1.31
1.39
1.68
1.59
2.55
1.9
2.02
3.3
3.2
2.42
1.6
1.38
1.363
2.32
1.7
1.75
2.22
2.1
3.3
3.95
1.285
1.363
1.78
1.5
2.82
1.7
2.32
3.25
3.1
2.5
1.571
1.4
1.37
2.24
1.74
1.7
2.32
2
3.4
4.2
1.25
1.35
1.86
1.444
3.05
1.8
2.15
1.42
4.7
8.8
1.085
1.222
3
1.72
2.28
2.08
1.85
2.72
2.94
3.1
1.4
1.444
1.5
1.84
2.1
1.85
2.08
1.7
3.65
5.1
1.153
1.27
2.12
2.28
1.64
1.91
1.91
3.05
3.2
2.4
1.55
1.333
1.363
2.16
1.71
1.7
2.18
2.64
3.2
2.72
1.444
1.333
1.47
1.88
1.94
1.7
2.18
3.8
3.25
2.05
1.74
1.333
1.25
2.72
1.47
1.64
2.28
2.55
3.1
3.05
1.4
1.39
1.533
1.78
2.14
1.5
2.75
2.25
3.2
3.5
1.32
1.363
1.666
1.59
2.48
1.6
2.46
2.1
3.2
3.95
1.26
1.363
1.76
1.49
2.78
1.571
2.54
1.86
3.35
4.85
1.19
1.34
1.97
2.64
1.533
1.6
2.46
2.1
3.2
3.95
1.26
1.363
1.76
1.49
2.78
1.571
2.54
3.4
3.2
2.3
1.64
1.363
1.333
2.4
1.63
1.65
2.35
2.2
3.2
3.65
1.3
1.363
1.69
1.55
2.6
1.65
2.35
1.32
6
10
1.075
1.166
3.65
1.952
1.99
2.56
1.6
2.35
3.2
3.5
1.34
1.39
1.65
1.65
2.44
1.85
2.1
2.78
3.3
2.76
1.5
1.37
1.49
1.98
1.96
1.85
2.1
2.3
3.15
3.65
1.32
1.4
1.68
1.61
2.54
1.65
2.44
2.44
3.25
3.25
1.38
1.38
1.61
1.727
2.3
1.85
2.1
1.71
3.95
5.3
1.19
1.285
2.24
2.26
1.74
2.18
1.8
1.98
3.4
4.4
1.25
1.363
1.9
2.875
1.5
1.85
2.1
1.45
4.45
9
1.085
1.24
2.92
1.77
2.22
2.02
1.92
2.45
3.45
2.78
1.43
1.3
1.533
1.8
2.04
2.04
1.8
1.72
3.9
5.5
1.166
1.27
2.18
3.1
1.45
1.99
1.952
1.71
3.8
5.8
1.153
1.285
2.18
3.1
1.444
1.952
1.99
1.51
4.25
8.1
1.09
1.24
2.64
2.62
1.58
1.92
2.02
1.96
3.35
4.7
1.21
1.35
1.88
2.84
1.51
1.9
2.04
1.51
4.333
7.8
1.095
1.23
2.64
2.56
1.6
1.98
1.96
1.61
3.95
6.8
1.125
1.27
2.38
2.84
1.51
2.02
1.92
5.5
3.4
1.833
2.02
1.34
1.166
1.6
2.56
1.75
2.25
7.4
4.5
1.51
2.64
1.222
1.111
1.6
2.56
1.94
2
3.75
3.35
2.2
1.7
1.35
1.3
2.62
1.58
1.87
2.08
2.1
3.35
4.05
1.26
1.35
1.77
1.5
2.875
1.77
2.22
1.55
4
8
1.09
1.26
2.52
1.96
1.98
1.9
2.04
2.4
3.3
3.35
1.35
1.35
1.6
1.69
2.36
1.75
2.25
1.55
4
8
1.09
1.26
2.52
1.96
1.98
2
1.94
2.5
3.3
3.15
1.38
1.35
1.56
1.77
2.22
1.77
2.22
10.5
4.8
1.4
3.05
1.2
1.055
2.4
1.666
2.18
1.8
1.9
3.55
4.7
1.21
1.32
1.94
2.68
1.56
1.85
2.1
2.14
3.4
3.85
1.285
1.34
1.74
1.533
2.75
1.87
2.08
4.15
3.9
1.909
1.93
1.27
1.25
3.1
1.45
1.8
2.18
1.32
5.4
13
1.036
1.166
3.5
1.99
1.952
2.25
1.75
1.25
6.5
15
1.025
1.125
4.15
1.75
2.25
2.34
1.7
2.65
3.35
2.9
1.444
1.35
1.51
1.87
2.08
1.99
1.952
4.55
3.4
1.97
1.87
1.34
1.222
3.15
1.43
1.952
1.99
2.42
3.4
3.2
1.37
1.34
1.59
1.72
2.3
2.16
1.81
1.77
3.5
6
1.143
1.32
2.1
2.42
1.66
1.833
2.12
2.15
3.3
3.65
1.3
1.35
1.727
1.54
2.62
1.7
2.26
2.2
3.4
3.4
1.333
1.333
1.69
1.6
2.46
1.7
2.26
2.3
3.3
3.3
1.35
1.35
1.64
1.65
2.35
1.65
2.35
1.2
7.3
14
1.027
1.1
4.75
1.65
2.35
1.9
1.98
3.5
3.3
2.2
1.69
1.35
1.32
2.52
1.58
1.7
2.26
1.6
3.7
6.8
1.111
1.3
2.38
2.16
1.76
1.65
2.35
2.65
3.3
2.76
1.47
1.35
1.5
1.9
1.98
1.65
2.35
3.4
3.4
2.2
1.69
1.333
1.333
2.46
1.6
1.75
2.18
1.5
4.333
6.9
1.111
1.23
2.64
1.89
1.99
1.85
2.04
1.4
4.7
8.7
1.075
1.2
3.05
2.28
1.69
1.75
2.18
2.8
3.35
2.6
1.51
1.34
1.45
2
1.88
1.65
2.35
2.55
3.5
2.75
1.47
1.32
1.533
1.85
2.04
1.85
2.04
2.35
3.2
3.3
1.35
1.363
1.615
1.65
2.35
1.55
2.58
2.35
3.2
3.3
1.35
1.363
1.615
1.65
2.35
1.55
2.58
3.4
3.4
2.2
1.69
1.333
1.333
2.46
1.6
1.75
2.18
2.35
3.2
3.3
1.35
1.363
1.615
1.65
2.35
1.55
2.58
2.1
3.3
3.8
1.285
1.35
1.76
1.51
2.7
1.65
2.35
1.65
3.8
5.8
1.153
1.285
2.28
2.2
1.74
1.65
2.35
10
5
1.37
3.25
1.2
1.07
1.84
2.1
2.6
1.571
2.4
3.2
3.2
1.363
1.363
1.59
1.7
2.26
1.47
2.85
1.43
4.35
8.9
1.07
1.23
2.9
1.78
2.14
1.85
2.04
4.2
3.4
1.96
1.87
1.333
1.24
3.05
1.42
1.7
2.26
2.35
3.25
3.25
1.363
1.363
1.615
1.666
2.32
1.65
2.35
2
3.35
4.1
1.25
1.34
1.833
1.444
2.95
1.58
2.52
1.04
17
46
0
1.014
12
1.94
1.94
1.94
1.94
11
5.5
1.3
3.65
1.166
1.05
1.94
1.94
1.94
1.94
10.5
5.5
1.34
3.5
1.181
1.07
1.82
2.15
1.92
2.02
2.22
3.55
3.4
1.363
1.333
1.72
1.63
2.48
1.87
2.08
1.02
31
76
0
1.001
20
2.04
1.9
2.7
1.55
1.045
20
51
0
1.019
14
1.952
1.99
3.35
1.4
1.41
4.5
9.1
1.07
1.222
2.98
2.3
1.68
1.89
1.99
1.35
5.6
9.5
1.08
1.181
3.45
2
1.94
2.12
1.833
3.1
3.3
2.4
1.59
1.35
1.39
2.22
1.72
1.8
2.1
3.05
3.4
2.38
1.6
1.333
1.4
2.22
1.727
1.7
2.25
1.027
20
56
0
1.005
14
1.82
2.08
2.68
1.52
1.181
8
18
1.025
1.111
5.4
1.48
2.95
2.38
1.68
1.45
4.333
9.5
1.08
1.25
2.92
1.78
2.2
1.72
2.3
2.46
3.8
2.8
1.48
1.3
1.6
1.85
2.1
2.18
1.8
1.363
4.8
10
1.06
1.2
3.2
2.16
1.76
1.94
1.94
2.15
3.6
3.35
1.34
1.3
1.727
1.59
2.48
1.72
2.22
3.25
3.3
2.4
1.63
1.37
1.38
2.32
1.71
1.8
2.18
1.38
5.5
8.4
1.095
1.181
3.25
1.64
2.46
2.04
1.9
13
7
1.24
4.45
1.125
1.05
2.3
1.727
2.7
1.55
4.25
3.7
1.92
1.96
1.32
1.26
3.15
1.43
2.2
1.78
1.21
6.9
14
1.027
1.111
4.6
1.68
2.3
2.16
1.76
1.25
6.5
14
1.04
1.143
4.333
2.34
1.7
2.26
1.74
1.055
17
51
1.001
1.03
12
1.8
2.18
2.1
1.85
76
34
1.001
21
0
0
1.98
1.9
2.375
1.64
1.2
7.5
17
1.03
1.125
5.1
2.18
1.8
2.44
1.65
3.4
3.5
2.25
1.7
1.34
1.363
2.46
1.64
1.68
2.38
1.85
3.5
4.3
1.21
1.285
1.92
1.363
3.2
1.97
1.85
1.85
3.5
4.3
1.21
1.285
1.92
1.363
3.2
1.97
1.85
1.35
5
8.5
1.06
1.166
3.125
2.08
1.77
2.8
1.45
3.65
3.5
2
1.78
1.285
1.27
2.7
1.48
1.91
1.91
1.153
8.5
14
1.01
1.06
5.1
1.76
2.08
3
1.4
23
11
1.08
7.4
1.03
0
2.02
1.82
1.8
2.04
3.6
3.4
2.05
1.74
1.3
1.285
2.625
1.5
2.04
1.8
51
21
1.009
14
0
0
2.04
1.8
2.15
1.72
2.2
3.3
3.35
1.31
1.32
1.65
1.58
2.42
1.952
1.87
1.6
4
5.5
1.143
1.23
2.3
2.08
1.77
2.04
1.8
1.55
4.2
5.7
1.133
1.222
2.4
1.96
1.86
2.18
1.7
1.55
4
6.1
1.125
1.23
2.4
1.97
1.85
2.1
1.75
2.96
3.6
2.26
1.615
1.285
1.38
2.22
1.68
2.08
1.77
1.85
3.6
4.15
1.222
1.285
1.92
2.56
1.52
2.15
1.72
1.08
11
23
0
1.03
7.4
2.15
1.72
1.85
1.97
1.25
6.5
9.6
1.045
1.1
3.8
1.74
2.12
2.48
1.55
2.6
3.3
2.7
1.444
1.32
1.48
1.87
1.952
1.91
1.91
3.15
3.55
2.26
1.66
1.31
1.38
2.32
1.666
2.28
1.69
4.8
3.6
1.8
2.04
1.3
1.2
1.61
2.44
2.4
1.63
1.38
4.65
9.8
1.06
1.21
3.125
2.04
1.85
2.64
1.533
1.38
4.65
9.8
1.06
1.21
3.125
2.16
1.76
2.28
1.69
4.5
3.65
1.833
2
1.3
1.222
1.58
2.52
2.44
1.61
1.84
3.6
4.55
1.21
1.3
1.99
2.54
1.571
2.56
1.56
2.04
3.65
3.8
1.3
1.32
1.85
1.51
2.84
2.04
1.9
3.2
3.55
2.32
1.666
1.333
1.39
2.34
1.7
1.89
2.06
2.12
3.6
3.6
1.333
1.333
1.79
1.56
2.68
2.2
1.78
2.24
3.4
3.5
1.34
1.363
1.71
1.615
2.52
1.93
2.02
9
6.2
1.32
3.6
1.143
1.08
1.93
1.99
2.08
1.85
1.6
3.7
5.1
1.111
1.21
2.12
2.1
1.69
1.87
1.87
2
3.2
3.55
1.23
1.285
1.68
1.46
2.6
1.65
2.16
1.6
3.7
5.1
1.111
1.21
2.12
2.1
1.69
1.8
1.94
2.1
3.2
3.3
1.26
1.285
1.61
1.533
2.4
1.65
2.16
2.15
3.2
3.15
1.285
1.285
1.58
1.571
2.3
1.65
2.16
2.1
3.2
3.3
1.26
1.285
1.61
1.533
2.4
1.65
2.16
4.1
3.7
1.9
1.93
1.3
1.25
1.54
2.62
2.92
1.45
2.45
3.5
2.875
1.444
1.32
1.571
1.8
2.1
2.75
1.5
7.9
4.5
1.444
2.84
1.222
1.09
2.18
1.75
2.92
1.45
2.4
3.5
2.95
1.42
1.32
1.59
1.76
2.16
2.46
1.6
2.2
3.6
3.25
1.363
1.3
1.69
1.63
2.4
2.04
1.85
1.444
4.8
7.1
1.111
1.2
2.84
1.74
2.2
3.55
1.333
1.49
4.45
6.9
1.111
1.222
2.68
1.85
2.04
2.08
1.82
2.16
3.5
3.4
1.333
1.32
1.72
1.59
2.48
1.72
2.22
2.5
3.3
2.95
1.42
1.35
1.55
1.79
2.12
1.72
2.22
2.24
3.85
2.98
1.41
1.285
1.666
1.7
2.26
2.16
1.76
2.36
3.8
2.82
1.45
1.285
1.61
1.78
2.14
2.2
1.74
4.85
4.75
1.6
2.38
1.2
1.19
1.98
1.9
2.28
1.69
2.82
3.1
2.875
1.46
1.41
1.48
1.952
1.99
1.7
2.34
2.75
3.2
2.86
1.47
1.39
1.5
1.93
2.02
1.65
2.44
1.181
7.7
20
1.019
1.111
5.4
2.04
1.9
2.56
1.6
3.1
3.15
2.6
1.55
1.4
1.41
2.16
1.81
1.7
2.34
3.05
3.2
2.6
1.55
1.39
1.42
2.15
1.82
1.8
2.18
1.78
3.6
5.4
1.181
1.333
2.14
2.44
1.65
1.86
2.1
2.5
3.2
3.2
1.39
1.39
1.58
1.75
2.25
1.8
2.18
8.3
4.2
1.5
2.75
1.26
1.1
2.08
1.87
1.9
2.04
1.65
3.8
6.4
1.143
1.3
2.35
2.2
1.79
1.85
2.1
2.1
3.3
4.05
1.285
1.37
1.8
1.5
2.875
1.75
2.25
2.75
3.35
2.75
1.5
1.363
1.5
1.97
1.97
1.7
2.34
1.75
3.55
5.8
1.166
1.333
2.18
2.26
1.74
1.78
2.2
2.35
3.25
3.4
1.363
1.38
1.65
1.666
2.4
1.63
2.48
2.08
3.4
4
1.285
1.363
1.82
1.48
2.95
1.65
2.44
2.05
3.35
4.2
1.26
1.363
1.84
1.47
2.98
1.65
2.44
2.5
3.25
3.15
1.4
1.38
1.58
1.77
2.22
1.7
2.34
2.3
3.25
3.55
1.333
1.38
1.68
1.63
2.48
1.68
2.38
2
3.35
4.4
1.25
1.363
1.88
1.43
3.15
1.65
2.44
1.7
3.7
6
1.166
1.32
2.26
2.26
1.74
1.8
2.18
5.1
3.45
1.85
2.04
1.35
1.2
3.7
1.34
1.92
2.02
1.25
6.5
14
1.04
1.143
4.333
1.78
2.2
2.1
1.85
3.8
3.35
2.15
1.77
1.363
1.3
2.74
1.54
1.85
2.1
2.3
3.25
3.55
1.333
1.38
1.68
1.63
2.48
1.65
2.44
1.9
3.45
4.75
1.222
1.35
1.98
1.38
3.45
1.7
2.34
2.15
3.35
3.8
1.3
1.363
1.77
1.54
2.74
1.68
2.38
3.15
3.25
2.5
1.58
1.38
1.4
2.22
1.77
1.75
2.25
2.2
3.25
3.8
1.3
1.38
1.74
1.55
2.7
1.68
2.38
2.25
3.25
3.65
1.32
1.38
1.7
1.59
2.58
1.7
2.34
2.2
3.25
3.8
1.3
1.38
1.74
1.55
2.7
1.75
2.25
3.85
3.45
2.1
1.8
1.35
1.3
2.8
1.52
1.8
2.18
2.65
3.3
2.65
1.46
1.32
1.46
1.91
1.91
1.91
1.91
3.2
3.3
2.26
1.615
1.32
1.333
2.3
1.63
1.91
1.91
2.72
3.2
2.65
1.46
1.333
1.444
1.94
1.88
1.87
1.952
4.9
3.55
1.75
2.04
1.285
1.166
1.6
2.375
2
1.833
2.28
3.2
3.25
1.333
1.333
1.6
1.63
2.3
1.85
1.97
2.34
3.3
3.05
1.363
1.32
1.58
1.69
2.2
1.77
2.08
1.571
4.1
5.6
1.133
1.222
2.35
2.04
1.8
1.952
1.87
2.15
3.3
3.45
1.3
1.32
1.68
1.55
2.48
1.8
2.04
34
15
1.06
9.8
1.022
0
2.6
1.55
4.45
1.24
2.15
3.4
3.7
1.31
1.35
1.75
1.55
2.66
2.1
1.833
1.9
3.55
4.5
1.23
1.333
1.96
2.66
1.55
1.96
1.96
2.8
3.3
2.7
1.5
1.363
1.47
2
1.92
1.9
2.02
3.3
3.4
2.3
1.66
1.35
1.363
2.4
1.66
1.9
2.02
1.363
4.9
10.5
1.065
1.2
3.3
2.12
1.82
2.2
1.77
2.1
3.4
3.85
1.285
1.35
1.78
1.51
2.8
2.1
1.833
1.42
4.7
8.8
1.085
1.222
3
1.71
2.3
2.32
1.7
3.7
3.4
2.15
1.75
1.35
1.31
2.66
1.55
1.952
1.97
2.6
3.25
2.74
1.444
1.333
1.48
1.86
1.96
1.96
1.86
1.58
3.85
6
1.125
1.25
2.34
2.04
1.8
2.04
1.8
1.54
3.9
6.6
1.1
1.24
2.42
1.94
1.88
2.18
1.7
1.8
3.45
4.7
1.181
1.3
1.98
2.48
1.55
1.97
1.85
1.25
5.9
11
1.03
1.125
3.8
1.8
2.04
2.375
1.6
1.54
4
6.3
1.111
1.23
2.42
1.94
1.88
2.26
1.65
1.74
3.5
5.1
1.153
1.285
2.05
2.35
1.61
1.86
1.96
1.3
5.4
9.6
1.045
1.143
3.4
1.94
1.88
2.375
1.6
1.42
5.1
8.1
1.1
1.2
3.05
1.68
2.4
2.2
1.78
1.38
5
9.9
1.075
1.21
3.25
2.08
1.88
2.34
1.7
3.3
3.5
2.3
1.68
1.34
1.37
2.4
1.666
2.25
1.75
1.3
5.8
12
1.055
1.166
3.8
1.91
2.04
2.3
1.727
1.77
3.7
5.3
1.19
1.32
2.15
2.35
1.7
2.18
1.8
1.65
3.9
6.1
1.153
1.3
2.35
2.16
1.81
2.25
1.75
2.05
3.5
3.95
1.285
1.34
1.84
2.98
1.47
2.04
1.9
2.15
3.45
3.7
1.32
1.35
1.77
3.15
1.43
2.18
1.8
8.7
4.85
1.42
3.05
1.21
1.09
1.727
2.3
2.12
1.833
2.28
3.35
3.45
1.35
1.363
1.69
1.64
2.46
1.72
2.3
2.5
3.4
3
1.43
1.363
1.58
1.81
2.16
2.08
1.87
1.75
3.55
5.8
1.166
1.333
2.18
2.38
1.68
1.87
2.08
3.55
3.35
2.25
1.7
1.363
1.333
2.54
1.61
1.84
2.12
1.78
3.75
5.1
1.2
1.31
2.14
2.4
1.666
2.12
1.833
2.25
3.6
2.98
1.38
1.285
1.615
1.68
2.22
2.625
1.5
2.58
3.6
2.55
1.49
1.285
1.48
1.92
1.9
2.44
1.571
2.25
3.6
2.98
1.38
1.285
1.615
1.68
2.22
2.625
1.5
2.1
3.6
3.3
1.32
1.285
1.71
1.56
2.46
2.54
1.533
2
3.6
3.55
1.285
1.285
1.78
2.82
1.444
2.54
1.533
1.5
4.5
5.9
1.125
1.19
2.54
1.86
1.96
2.48
1.55
2.62
3.6
2.625
1.51
1.3
1.51
1.94
1.94
2.02
1.87
3.65
3.6
2.04
1.8
1.3
1.3
2.72
1.51
2.04
1.85
4.5
4.05
1.75
2.12
1.25
1.222
1.65
2.35
2.42
1.615
1.65
4
5.4
1.166
1.26
2.28
2.16
1.76
2.32
1.666
1.363
4.8
8.5
1.06
1.181
3.05
2.12
1.74
2.48
1.55
3.95
3.6
1.9
1.87
1.285
1.24
2.96
1.41
2.7
1.48
2.3
3.4
3.35
1.363
1.363
1.68
1.66
2.42
1.94
2
2.25
3.4
3.5
1.34
1.363
1.7
1.615
2.52
1.9
2.04
1.8
3.95
4.6
1.23
1.285
2.1
2.44
1.65
2.8
1.52
2.2
3.4
3.6
1.333
1.363
1.74
1.59
2.58
2.04
1.9
2.28
3.45
3.35
1.363
1.35
1.69
1.65
2.44
2.52
1.615
2.6
3.4
2.88
1.46
1.363
1.55
1.87
2.08
2.52
1.615
1.615
4.05
6.3
1.153
1.285
2.42
2.08
1.87
2.3
1.72
2.02
3.7
3.85
1.3
1.32
1.87
1.5
2.875
2.34
1.7
1.63
4.05
6.1
1.153
1.285
2.4
2.12
1.833
2.26
1.74
1.45
4.6
7.4
1.1
1.21
2.82
1.76
2.16
2.56
1.56
1.363
5.1
8.9
1.07
1.181
3.2
2.05
1.84
2.42
1.615
1.52
4.15
7
1.111
1.25
2.58
1.91
1.97
2.2
1.74
4.5
3.8
1.8
2.04
1.285
1.222
1.6
2.46
2.14
1.78
3.2
3.4
2.3
1.64
1.333
1.363
2.32
1.666
2.62
1.54
1.84
3.65
4.45
1.222
1.3
1.99
2.54
1.571
2.06
1.833
2.6
3.3
2.82
1.45
1.35
1.51
1.86
2.02
1.94
1.94
3.3
3.3
2.3
1.64
1.35
1.35
2.35
1.65
1.8
2.1
4.45
3.9
1.78
2.08
1.27
1.222
1.615
2.42
2.15
1.77
1.56
4.1
6.4
1.125
1.25
2.48
1.97
1.91
2.6
1.55
1.26
6.2
12
1.04
1.133
4
1.79
2.12
2.68
1.52
1.222
7
13
1.035
1.111
4.4
1.68
2.3
2.75
1.5
2.06
3.7
3.7
1.3
1.3
1.8
2.94
1.47
2.2
1.77
2.2
3.7
3.35
1.35
1.3
1.7
1.63
2.46
2.9
1.48
2
3.6
3.55
1.285
1.285
1.78
1.49
2.66
2.76
1.46
9.6
6.5
1.25
3.8
1.1
1.045
1.86
1.97
3.7
1.285
1.095
10.5
20
0
1.035
6.7
2.08
1.77
4.05
1.25
2.5
3.6
2.625
1.47
1.285
1.51
1.86
1.96
3
1.4
1.65
4
4.95
1.166
1.23
2.2
2
1.833
3
1.4
1.133
8.8
16
1.001
1.055
5.6
1.55
2.5
3.6
1.3
2.1
4.2
2.9
1.4
1.222
1.71
1.65
2.26
3.25
1.35
1.952
4
3.4
1.3
1.23
1.82
2.72
1.47
2.26
1.65
1.9
4
3.55
1.285
1.23
1.87
2.625
1.5
2.375
1.6
1.5
4.75
5.5
1.143
1.181
2.54
1.84
1.98
3.6
1.3
1.24
7
9.5
1.045
1.09
3.9
1.727
2.14
3.6
1.3
2.7
3.7
2.4
1.55
1.27
1.444
2.04
1.8
2.375
1.6
1.222
6.5
12
1.022
1.1
4.1
1.45
2.8
4.7
1.2
12
6.4
1.222
4.1
1.111
1.022
2.04
1.8
4.7
1.2
2
3.6
3.55
1.285
1.285
1.78
1.49
2.66
3
1.4
1.5
3.8
7.8
1.07
1.25
2.54
1.833
1.99
3.25
1.35
1.1
8.5
31
0
1.06
6.6
1.96
1.86
3.85
1.27
