2.1
3.9
3.25
1.363
1.27
1.76
1.6
2.46
2.05
1.84
2.35
3.15
3.35
1.34
1.38
1.615
1.65
2.35
1.72
2.22
2.375
3.15
3.3
1.35
1.38
1.6
1.666
2.32
1.74
2.2
1.666
4.2
4.9
1.19
1.24
2.25
1.3
3.8
2.26
1.7
1.94
3.9
3.7
1.3
1.27
1.89
1.48
2.82
1.8
2.1
2.8
2.98
2.86
1.444
1.41
1.45
1.92
1.96
1.55
2.6
2.54
3.45
2.8
1.45
1.333
1.533
1.85
2.04
1.5
2.75
1.91
4.2
3.55
1.31
1.24
1.92
1.49
2.78
2.68
1.52
1.9
4.5
3.4
1.333
1.222
1.93
1.51
2.72
2.26
1.7
1.9
4.5
3.4
1.333
1.222
1.93
1.51
2.72
2.26
1.7
4.2
3.55
1.86
1.909
1.285
1.222
1.51
2.6
1.88
1.94
2.1
3.45
3.4
1.3
1.3
1.71
1.54
2.52
1.91
1.91
1.9
3.6
3.95
1.24
1.285
1.87
2.66
1.49
1.91
1.91
2.84
3.45
2.4
1.55
1.3
1.41
2.08
1.76
2.26
1.65
2.25
3.35
3.15
1.34
1.31
1.615
1.64
2.28
1.91
1.91
1.9
3.9
4.1
1.26
1.27
1.94
2.64
1.56
2.35
1.68
1.47
4.9
7.1
1.111
1.2
2.76
1.75
2.22
1.71
2.3
2.54
3.35
3
1.41
1.35
1.54
1.81
2.14
2.15
1.8
3.1
3.8
2.28
1.66
1.285
1.39
2.32
1.7
2.3
1.71
9.9
6.2
1.31
3.6
1.133
1.065
2.28
1.72
1.71
2.3
1.84
4
4.05
1.25
1.26
1.99
2.54
1.571
2.34
1.66
2.05
3.35
3.9
1.27
1.34
1.79
1.48
2.82
2.2
1.74
2.85
3.4
2.52
1.54
1.333
1.444
2.06
1.833
2.16
1.76
3.9
3.95
1.88
1.952
1.26
1.27
1.55
2.6
2.3
1.68
3.1
3.05
2.55
1.533
1.4
1.39
2.15
1.77
2.16
1.76
1.94
3.3
4.15
1.222
1.32
1.833
1.4
3
1.7
2.18
4.45
3.4
1.85
1.92
1.3
1.2
1.51
2.6
1.7
2.18
2.1
3.3
3.6
1.285
1.32
1.71
1.51
2.6
1.65
2.26
3.125
3.3
2.3
1.59
1.32
1.35
2.25
1.66
1.75
2.1
2.04
3.25
3.85
1.25
1.333
1.75
1.46
2.76
1.85
1.97
1.85
3.2
4.85
1.166
1.333
1.92
1.32
3.45
1.5
2.625
3.25
3
2.4
1.55
1.37
1.333
2.25
1.66
1.5
2.625
2.8
2.9
2.8
1.42
1.4
1.42
1.91
1.91
1.5
2.625
1.8
3.2
5.3
1.143
1.333
1.98
2.52
1.54
1.5
2.625
1.952
3.1
4.5
1.19
1.35
1.82
1.37
3.15
1.5
2.625
2
3.1
4.25
1.21
1.35
1.78
1.4
3
1.5
2.625
2.5
2.9
3.2
1.333
1.4
1.51
1.7
2.18
1.5
2.625
2.5
3
3.1
1.35
1.37
1.51
1.727
2.14
1.5
2.625
2.04
3.55
4.1
1.27
1.333
1.85
2.98
1.48
1.833
2.16
6.3
4.2
1.615
2.42
1.26
1.153
1.86
2.12
2.06
1.9
1.24
6.8
16
1.035
1.133
4.45
1.71
2.35
2.76
1.54
1.58
4.05
7.4
1.125
1.285
2.52
2.04
1.92
1.74
2.3
1.3
6
13
1.05
1.166
3.8
1.89
2.08
2.52
1.63
2.68
3.3
2.95
1.444
1.37
1.52
1.87
2.1
1.833
2.16
1.54
4.4
7.2
1.125
1.25
2.62
1.94
2.02
2.12
1.86
9.5
5.2
1.39
3.2
1.19
1.08
1.82
2.18
2.4
1.69
2.32
3.55
3.3
1.37
1.333
1.666
1.69
2.38
2.18
1.81
1.98
3.5
4.45
1.24
1.34
1.9
2.875
1.51
1.727
2.32
2.625
3.4
2.94
1.45
1.363
1.54
1.87
2.1
2.12
1.86
1.571
4.333
6.8
1.133
1.25
2.54
1.99
1.97
2.14
1.84
1.72
3.75
6
1.166
1.31
2.22
2.3
1.74
2
1.96
1.86
3.6
5
1.21
1.333
2.02
2.6
1.6
1.833
2.15
3.25
3.4
2.42
1.615
1.363
1.38
2.32
1.727
1.8
2.2
1.85
3.6
5.1
1.2
1.333
2.04
2.58
1.61
1.87
2.1
6
3.85
1.7
2.26
1.3
1.166
1.77
2.25
2.12
1.86
1.68
4
5.9
1.166
1.285
2.3
2.22
1.79
2.2
1.8
7.2
4.333
1.55
2.6
1.25
1.125
2
1.96
2.18
1.81
2
3.5
4.333
1.25
1.34
1.88
1.444
3.15
2.02
1.952
1.87
3.6
4.95
1.21
1.333
2.02
1.363
3.6
1.87
2.1
2.04
3.55
4.1
1.27
1.333
1.85
1.48
2.98
1.91
2.05
7.2
4.1
1.58
2.52
1.27
1.125
1.96
2
2.3
1.74
1.727
3.65
6.2
1.153
1.32
2.22
2.32
1.727
2.06
1.909
1.56
4.2
7.3
1.125
1.26
2.56
1.99
1.97
1.77
2.25
1.97
3.6
4.35
1.25
1.333
1.91
1.444
3.15
2
1.96
2.8
3.4
2.75
1.5
1.363
1.48
2
1.96
1.98
1.98
6.4
3.65
1.71
2.24
1.32
1.143
1.75
2.28
2.06
1.909
1.333
5.5
12
1.055
1.181
3.55
2.02
1.952
2.24
1.77
1.42
4.9
9.4
1.08
1.21
3.05
2.26
1.76
2.14
1.84
2.8
3.4
2.68
1.5
1.34
1.46
2
1.92
1.81
2.14
2.2
3.45
3.55
1.32
1.333
1.7
1.59
2.55
2.02
1.9
1.75
3.8
5.2
1.181
1.285
2.12
2.35
1.68
2.15
1.8
2.44
3.4
3.1
1.39
1.34
1.58
1.75
2.22
1.75
2.22
2
3.45
4.25
1.24
1.333
1.85
1.444
3.05
1.85
2.08
2.24
3.4
3.5
1.32
1.34
1.68
1.61
2.5
1.77
2.2
1.88
3.75
4.4
1.23
1.3
1.96
2.6
1.571
2.1
1.833
2.06
3.45
4
1.26
1.333
1.8
2.94
1.47
2.15
1.8
2.7
3.45
2.74
1.48
1.333
1.49
1.94
1.98
2.08
1.85
2.44
3.4
3.1
1.39
1.34
1.58
1.75
2.22
1.82
2.12
2.54
3.45
2.92
1.43
1.333
1.54
1.833
2.1
1.84
2.1
4.15
3.5
2
1.85
1.32
1.25
1.49
2.86
1.99
1.93
7.1
4.3
1.533
2.56
1.24
1.111
2
1.92
2.28
1.72
6.2
4.15
1.6
2.4
1.25
1.133
1.87
2.06
2.15
1.8
4.05
3.6
2
1.85
1.31
1.26
1.5
2.82
2.08
1.85
1.64
3.85
6.4
1.133
1.285
2.32
2.14
1.81
2.02
1.91
2.32
3.65
2.84
1.41
1.27
1.59
1.74
2.12
2.7
1.48
2.52
3.6
2.6
1.48
1.285
1.5
1.88
1.94
2.24
1.666
2.46
3.55
2.7
1.444
1.285
1.533
1.82
2.02
2.34
1.615
1.8
3.85
4.1
1.222
1.25
1.98
2.48
1.55
1.85
1.97
2.52
3.6
2.6
1.48
1.285
1.5
1.88
1.94
1.86
1.96
1.35
5
8.5
1.06
1.166
3.125
2.05
1.79
2.92
1.42
1.47
4.6
6.2
1.111
1.181
2.625
1.81
2.02
2.34
1.615
5.4
4.3
1.56
2.38
1.21
1.143
1.85
1.97
2.76
1.46
2.26
3.55
3
1.37
1.285
1.615
1.68
2.22
2.05
1.79
1.571
4.35
5.2
1.153
1.2
2.35
1.99
1.833
2.24
1.666
2.16
3.65
3.125
1.35
1.27
1.666
1.615
2.34
2.92
1.42
2.64
3.65
2.46
1.533
1.27
1.47
1.99
1.84
2.92
1.42
4.35
3.6
1.87
1.96
1.3
1.23
1.56
2.56
2.22
1.72
2.4
3.5
2.95
1.42
1.32
1.59
1.76
2.16
1.94
1.94
2.8
3.5
2.5
1.55
1.32
1.45
2.06
1.833
1.97
1.91
5.5
4.3
1.59
2.4
1.23
1.166
1.84
2.05
2.1
1.8
3.125
3.5
2.3
1.64
1.32
1.38
2.3
1.68
2.1
1.8
2.15
3.5
3.45
1.333
1.32
1.727
1.571
2.54
1.97
1.91
3.05
3.5
2.35
1.615
1.32
1.4
2.22
1.72
2.1
1.8
1.27
6.5
10
1.06
1.125
3.9
1.82
2.08
2.7
1.51
1.77
3.75
4.75
1.2
1.285
2.08
2.4
1.63
2.15
1.77
6
4.35
1.55
2.5
1.23
1.143
1.92
1.96
2.42
1.615
1.444
4.6
7.6
1.095
1.21
2.84
1.76
2.16
2.22
1.72
1.571
4.2
6
1.143
1.24
2.45
2.02
1.87
2.15
1.77
2.8
3.5
2.5
1.55
1.32
1.45
2.06
1.833
1.99
1.89
3.6
3.6
2.05
1.79
1.3
1.3
2.68
1.52
2.1
1.8
1.285
6
10.5
1.055
1.143
3.75
1.86
2.02
2.62
1.54
2.95
3.5
2.4
1.59
1.32
1.42
2.16
1.76
1.87
2.02
5.1
3.8
1.72
2.16
1.285
1.181
1.69
2.28
2.64
1.533
1.37
5
9
1.07
1.181
3.2
2.14
1.78
2.5
1.58
2.35
3.5
3.05
1.4
1.32
1.615
1.72
2.22
1.94
1.94
1.615
4
5.8
1.153
1.26
2.35
2.1
1.8
1.88
2
3.6
3.6
2.05
1.79
1.3
1.3
2.68
1.52
2.04
1.85
1.5
4.5
6.5
1.125
1.222
2.64
1.87
2.02
2.54
1.571
1.5
4.3
7
1.111
1.23
2.64
1.87
2.02
2.22
1.72
2.1
3.65
3.45
1.333
1.3
1.76
1.56
2.56
2.1
1.8
2.375
3.5
2.98
1.41
1.32
1.6
1.74
2.2
1.97
1.91
5.5
4.15
1.615
2.35
1.25
1.166
1.8
2.1
2.18
1.75
1.75
3.8
4.85
1.19
1.285
2.12
2.35
1.65
2.1
1.8
2.15
3.6
3.35
1.34
1.3
1.727
1.59
2.48
2.14
1.78
1.8
3.75
4.55
1.21
1.285
2.04
2.44
1.61
2.46
1.6
3.8
3.6
2
1.833
1.3
1.285
1.47
2.85
2.06
1.833
2.8
3.5
2.5
1.55
1.32
1.45
2.06
1.833
1.98
1.9
2.5
3.5
2.8
1.45
1.32
1.55
1.833
2.06
2
1.88
1.91
3.6
4.15
1.25
1.3
1.92
2.72
1.51
1.8
2.1
3.125
3.6
2.25
1.666
1.3
1.38
2.32
1.666
2.18
1.75
2.38
3.45
3
1.41
1.333
1.6
1.74
2.2
2.18
1.75
4.9
3.75
1.75
2.12
1.285
1.19
1.64
2.375
2.1
1.8
1.25
6.5
12
1.04
1.125
4.1
1.75
2.18
2.75
1.5
3.6
3.6
2.05
1.79
1.3
1.3
1.444
2.95
2.32
1.666
1.5
4.3
7
1.111
1.23
2.64
1.87
2.02
2.22
1.72
10.5
6.3
1.27
3.9
1.133
1.055
2.08
1.82
2.75
1.5
2.98
3.35
2.35
1.571
1.31
1.38
2.16
1.71
1.99
1.833
1.48
4
7.5
1.075
1.23
2.6
1.833
2
2.8
1.45
1.615
4.35
4.8
1.181
1.2
2.26
2.08
1.77
2.96
1.41
2.78
3.6
2.375
1.56
1.285
1.43
2.08
1.77
2.7
1.48
2.88
3.5
2.35
1.571
1.285
1.4
2.12
1.74
2
1.833
1.59
4.2
5.2
1.153
1.222
2.32
2.06
1.78
2.04
1.8
2.74
3.55
2.42
1.54
1.285
1.444
2.04
1.8
2.2
1.69
1.68
3.85
4.9
1.166
1.25
2.14
2.2
1.69
2.48
1.55
1.75
3.9
4.333
1.21
1.24
2.04
2.34
1.615
2.18
1.7
1.71
3.9
4.6
1.181
1.24
2.1
2.28
1.64
2.05
1.79
2
3.6
3.55
1.285
1.285
1.78
1.49
2.66
1.96
1.86
2.45
3.55
2.72
1.444
1.285
1.533
1.81
2.02
2.48
1.55
2.625
3.6
2.5
1.51
1.285
1.47
1.96
1.86
2.56
1.52
2.75
3.75
2.34
1.58
1.26
1.43
2.08
1.77
2.92
1.42
2.9
3.7
2.26
1.615
1.27
1.4
2.18
1.7
2.12
1.74
1.7
3.95
4.6
1.181
1.24
2.12
2.24
1.666
2.92
1.42
2.84
3.75
2.28
1.6
1.26
1.41
2.15
1.72
2.76
1.46
6.1
4.7
1.47
2.625
1.181
1.125
2.02
1.81
2.46
1.56
2.4
3.65
2.72
1.444
1.27
1.55
1.8
2.04
2.56
1.52
2.22
3.7
2.95
1.38
1.27
1.64
1.68
2.22
2.76
1.46
1.47
4.75
6
1.125
1.181
2.625
1.79
2.05
3.15
1.37
3.65
3.8
1.92
1.85
1.25
1.27
1.49
2.66
2.56
1.52
4.2
4
1.75
2.04
1.23
1.222
1.6
2.375
2.35
1.61
1.727
4
4.35
1.2
1.23
2.08
2.3
1.63
2.25
1.66
2.48
3.55
2.68
1.45
1.285
1.52
1.84
1.99
2.1
1.75
3.5
3.6
2.02
1.76
1.285
1.285
2.6
1.51
2.12
1.74
3.8
3.65
1.92
1.85
1.27
1.25
2.82
1.444
2.1
1.75
1.99
3.6
3.6
1.285
1.285
1.79
1.48
2.7
2.2
1.69
1.92
3.6
3.85
1.25
1.285
1.85
2.7
1.48
2.25
1.66
2.06
3.8
3.25
1.333
1.25
1.74
1.56
2.46
3.15
1.37
4.5
4.2
1.666
2.16
1.222
1.19
1.69
2.2
2.25
1.66
3.75
3.7
1.92
1.85
1.27
1.26
1.49
2.66
3.2
1.363
1.666
4.2
4.55
1.19
1.222
2.16
2.2
1.69
2.24
1.666
7.5
5.1
1.37
3
1.153
1.075
1.74
2.12
2.92
1.42
4.9
4.55
1.58
2.34
1.19
1.166
1.833
1.99
2.92
1.42
2.3
3.65
2.85
1.41
1.27
1.59
1.727
2.14
1.92
1.9
5.8
5
1.46
2.66
1.166
1.125
2.05
1.79
2.4
1.59
2.54
3.05
3.3
1.35
1.4
1.54
1.74
2.24
1.55
2.66
2.45
3.05
3.45
1.333
1.4
1.58
1.68
2.35
1.571
2.62
2.4
3
3.65
1.3
1.41
1.6
1.63
2.46
1.5
2.82
2.14
3.1
4.25
1.24
1.39
1.74
1.47
2.94
1.48
2.9
2.24
3.05
4
1.26
1.4
1.68
1.533
2.72
1.533
2.72
1.84
3.3
5.6
1.166
1.35
2
1.3
4
1.571
2.62
2.28
3.1
3.8
1.285
1.39
1.66
1.571
2.6
1.52
2.76
1.82
3.35
5.6
1.166
1.35
2.04
1.3
4
1.59
2.56
2.14
3.1
4.25
1.24
1.39
1.74
1.47
2.94
1.52
2.76
2.14
3.125
4.2
1.25
1.39
1.74
1.48
2.9
1.56
2.65
4
3.05
2.15
1.727
1.4
1.26
2.78
1.49
1.56
2.56
1.79
3.45
5.2
1.181
1.333
2.06
2.48
1.59
1.55
2.6
2.46
3
3.3
1.35
1.41
1.571
1.69
2.28
1.52
2.68
2.96
3
2.7
1.48
1.41
1.41
2.04
1.85
1.615
2.42
2.16
3
4.1
1.25
1.41
1.72
1.48
2.82
1.49
2.78
2.82
3
2.82
1.45
1.41
1.45
1.94
1.94
1.5
2.75
2.05
3
4.55
1.21
1.41
1.79
1.41
3.1
1.48
2.82
1.58
3.6
7.6
1.095
1.3
2.42
2.06
1.833
1.571
2.54
2.72
3
2.94
1.42
1.41
1.48
1.87
2.02
1.55
2.58
2.96
3
2.7
1.48
1.41
1.41
2.04
1.85
1.55
2.58
1.93
3.15
4.85
1.19
1.38
1.9
1.35
3.45
1.55
2.58
2.05
3.1
3.55
1.23
1.3
1.64
1.47
2.56
1.55
2.36
3.8
3.3
1.9
1.75
1.26
1.2
1.43
2.7
1.87
1.87
2.4
3
2.92
1.333
1.31
1.47
1.7
2.08
1.55
2.36
6.4
3.7
1.5
2.32
1.21
1.065
1.85
1.89
2.16
1.65
5.3
3.8
1.65
2.2
1.25
1.143
1.7
2.18
1.87
1.952
2.55
3.3
2.75
1.43
1.32
1.49
1.84
1.99
1.8
2.04
2.15
3.35
3.4
1.3
1.31
1.68
1.56
2.46
1.7
2.18
2.4
3.3
2.95
1.38
1.32
1.55
1.727
2.14
1.75
2.1
3.125
3.3
2.3
1.59
1.32
1.35
2.25
1.66
1.75
2.1
2.3
3.4
3.05
1.363
1.3
1.59
1.68
2.22
1.82
2.02
2.15
3.5
3.45
1.333
1.32
1.727
1.571
2.54
1.88
2
1.615
3.75
6.4
1.125
1.285
2.35
2.1
1.8
1.94
1.94
1.6
4.1
5.8
1.153
1.25
2.38
2.06
1.833
2.22
1.72
1.38
4.75
9.4
1.065
1.2
3.125
2.2
1.74
2
1.88
2.4
3.5
2.95
1.42
1.32
1.59
1.76
2.16
1.88
2
3.45
3.5
2.15
1.727
1.32
1.333
2.54
1.571
2
1.88
2.34
3.5
3.05
1.4
1.32
1.615
1.71
2.24
1.85
2.04
4.15
3.65
1.9
1.93
1.3
1.25
3.1
1.41
1.84
2.05
2.2
3.55
3.3
1.35
1.31
1.69
1.615
2.42
2.05
1.84
1.81
3.8
4.75
1.21
1.285
2.04
1.35
3.6
2.35
1.68
2.26
3.45
3.4
1.34
1.333
1.666
1.63
2.46
1.92
2
2.25
3.45
3.45
1.333
1.333
1.68
1.615
2.5
1.94
1.98
2.85
3.55
2.54
1.54
1.32
1.45
2.08
1.85
1.9
2.02
3.3
3.6
2.25
1.68
1.31
1.35
2.42
1.65
2.15
1.8
1.8
3.75
4.9
1.2
1.3
2.06
1.34
3.65
2.32
1.7
2.48
3.65
2.875
1.444
1.3
1.571
1.82
2.12
2.18
1.78
1.43
4.65
9
1.075
1.21
2.92
2.3
1.71
2.22
1.75
1.2
7
12
1.022
1.09
4.4
1.6
2.375
2.26
1.65
3.7
3.4
2.02
1.76
1.3
1.27
2.7
1.48
1.8
2.04
2.95
3.3
2.4
1.55
1.32
1.38
2.14
1.727
1.65
2.26
11
6
1.25
3.8
1.125
1.03
2.18
1.7
2.375
1.6
2.6
3.1
2.85
1.41
1.35
1.48
1.82
2.02
1.6
2.375
2.2
3.3
3.35
1.31
1.32
1.65
1.58
2.42
1.8
2.04
1.333
5.3
8.4
1.06
1.143
3.2
1.91
1.91
2.25
1.66
2
3.5
3.65
1.27
1.285
1.78
1.48
2.7
2.46
1.56
2.1
3.3
3.6
1.285
1.32
1.71
1.51
2.6
2.04
1.8
1.91
3.4
4.15
1.222
1.3
1.86
1.39
3.05
2.44
1.571
1.88
3.4
4.3
1.21
1.3
1.89
1.37
3.15
2.04
1.8
1.37
4.3
10.5
1.035
1.21
3
2.12
1.74
2.625
1.5
2.5
3.45
2.72
1.444
1.3
1.51
1.833
1.99
2.48
1.55
1.7
3.5
5.4
1.143
1.285
2.12
2.3
1.63
1.7
2.18
2
3.3
3.9
1.24
1.32
1.78
1.444
2.82
1.65
2.26
1.5
3.8
7.8
1.07
1.25
2.54
1.89
1.93
1.7
2.18
3.1
3.3
2.5
1.56
1.35
1.39
2.2
1.77
1.7
2.32
2.05
3.55
3.9
1.27
1.32
1.81
2.94
1.47
1.96
1.96
1.92
3.55
4.5
1.222
1.32
1.92
1.42
3.15
1.82
2.12
2.6
3.3
2.96
1.42
1.35
1.52
1.84
2.1
1.7
2.32
2.05
3.55
3.9
1.27
1.32
1.81
1.49
2.86
1.9
2.02
1.59
3.95
6.9
1.125
1.27
2.42
2.06
1.87
1.87
2.06
2.34
3.3
3.4
1.34
1.35
1.63
1.65
2.42
1.82
2.12
2.2
3.4
3.6
1.31
1.34
1.7
1.58
2.58
1.85
2.08
2.36
3.3
3.35
1.35
1.35
1.615
3.65
1.34
1.6
2.52
3.1
3.4
2.45
1.58
1.34
1.39
2.22
1.75
2.02
1.9
2.38
3.3
3.125
1.38
1.35
1.6
1.71
2.24
1.71
2.24
3
3.4
2.42
1.58
1.333
1.41
2.18
1.75
1.9
1.98
2.62
3.25
2.84
1.444
1.363
1.51
1.86
2.02
1.8
2.1
1.51
4.15
7.2
1.111
1.25
2.62
1.9
1.98
1.87
2.02
2.02
3.45
3.9
1.27
1.333
1.82
1.47
2.85
1.833
2.06
1.94
3.5
4.15
1.25
1.32
1.89
1.42
3.05
1.82
2.08
2.08
3.45
3.7
1.3
1.333
1.77
1.51
2.72
1.92
1.96
1.5
4.25
7.2
1.111
1.24
2.64
1.88
2
1.92
1.96
1.19
7
13
1.016
1.09
4.5
1.952
1.87
2.45
1.56
1.3
5.5
9.2
1.05
1.143
3.4
1.93
1.89
2.56
1.52
1.27
5.8
10
1.04
1.125
3.65
1.9
1.92
2.36
1.6
2.22
3.4
3.2
1.333
1.3
1.64
1.61
2.34
1.88
1.94
3.2
3.4
2.22
1.64
1.3
1.333
2.34
1.61
1.96
1.86
3.1
3.3
2.3
1.59
1.32
1.35
2.24
1.66
1.91
1.91
1.66
3.7
5.4
1.143
1.27
2.18
2.2
1.69
1.98
1.84
2.26
3.4
3.1
1.35
1.3
1.615
1.65
2.26
2.04
1.79
1.35
5
8.5
1.06
1.166
3.125
2.1
1.75
2.04
1.8
2.85
3.25
2.5
1.51
1.333
1.41
2.05
1.79
1.63
2.3
1.42
4.5
7.6
1.075
1.19
2.8
1.74
2.12
1.72
2.15
3.25
3.25
2.25
1.615
1.333
1.333
2.34
1.615
1.87
1.952
2.74
3.25
2.6
1.48
1.333
1.444
1.96
1.86
1.58
2.42
2.85
3.25
2.5
1.51
1.333
1.41
2.05
1.79
1.63
2.3
2.3
3.25
3.15
1.34
1.333
1.59
1.65
2.26
1.72
2.15
2.25
3.25
3.25
1.333
1.333
1.615
1.615
2.34
1.833
1.99
1.75
3.6
4.8
1.181
1.285
2.04
2.375
1.6
1.952
1.87
1.75
3.95
5.2
1.19
1.285
2.18
2.32
1.71
2.26
1.75
1.133
10.5
26
1.008
1.07
6.7
2.18
1.8
2.04
1.9
1.55
4.65
6.5
1.143
1.23
2.6
1.92
2.02
2.52
1.615
5
4.1
1.75
2.18
1.27
1.21
1.71
2.32
2.46
1.64
2.2
3.7
3.45
1.35
1.32
1.74
1.615
2.52
2.32
1.71
1.615
4.35
6
1.166
1.25
2.42
2.06
1.89
2.44
1.65
1.56
4.45
6.7
1.133
1.24
2.56
1.97
1.97
2.25
1.75
2.62
3.5
2.875
1.46
1.34
1.54
1.88
2.08
2.04
1.9
3.25
3.55
2.36
1.65
1.333
1.38
2.34
1.7
2.26
1.74
2.22
3.6
3.5
1.34
1.333
1.72
1.61
2.54
2.26
1.74
2.42
3.4
3.25
1.38
1.363
1.615
1.72
2.3
2.04
1.9
2.75
3.4
2.8
1.48
1.363
1.5
1.952
1.99
2.34
1.7
2.3
3.5
3.4
1.363
1.34
1.68
1.65
2.44
2.44
1.65
3.4
3.55
2.28
1.69
1.333
1.363
2.44
1.65
2.34
1.7
2.88
3.45
2.64
1.533
1.35
1.46
2.06
1.89
2.12
1.833
2.88
3.45
2.64
1.533
1.35
1.46
2.06
1.89
2.56
1.6
2.12
3.65
3.7
1.32
1.32
1.79
1.55
2.7
2.3
1.72
2.14
3.65
3.65
1.32
1.32
1.77
1.56
2.68
2.26
1.74
1.97
3.85
4.05
1.285
1.3
1.91
1.46
3.05
2.2
1.78
1.1
14
31
1.001
1.04
8.2
1.833
2.12
2
1.94
1.444
4.7
9.1
1.085
1.222
2.95
1.74
2.28
2.44
1.65
2.12
3.65
3.7
1.32
1.32
1.79
1.55
2.7
2.12
1.833
8.2
4.4
1.5
2.75
1.25
1.1
2.12
1.84
2.875
1.5
2.04
3.8
3.8
1.3
1.3
1.85
1.51
2.84
2.52
1.615
1.7
3.9
5.9
1.166
1.3
2.26
2.22
1.77
2.34
1.7
2.25
3.5
3.5
1.34
1.34
1.7
1.615
2.52
2.12
1.833
1.7
3.9
5.9
1.166
1.3
2.26
2.24
1.76
2.2
1.78
1.69
3.95
5.5
1.166
1.27
2.22
2.22
1.75
2.24
1.74
2.32
3.3
3.45
1.333
1.35
1.64
1.64
2.44
1.74
2.24
4.65
3.65
1.86
1.98
1.3
1.21
1.58
2.58
1.96
1.96
2.82
3.3
2.72
1.48
1.35
1.46
2
1.92
1.87
2.06
1.98
3.6
4.1
1.26
1.31
1.86
2.82
1.5
1.96
1.96
4.3
3.55
1.96
1.88
1.32
1.24
1.51
2.8
1.9
2.02
1.92
3.65
4.333
1.23
1.3
1.92
2.7
1.54
2.1
1.833
1.74
3.75
5.4
1.166
1.3
2.14
2.35
1.68
1.79
2.16
1.96
3.65
4.15
1.25
1.3
1.88
2.76
1.52
2.05
1.88
2.3
3.3
3.125
1.35
1.32
1.59
1.66
2.25
2.04
1.8
1.65
3.9
5.1
1.153
1.24
2.2
2.18
1.7
1.85
1.97
2.6
3.2
2.76
1.43
1.333
1.48
1.85
1.97
1.7
2.18
2.92
3.3
2.42
1.54
1.32
1.39
2.1
1.75
2.05
1.79
2.4
3.3
2.95
1.38
1.32
1.55
1.727
2.14
1.86
1.96
1.4
4.7
7.6
1.075
1.181
2.88
1.69
2.2
1.94
1.88
2
3.35
3.85
1.25
1.31
1.78
1.45
2.8
1.7
2.18
2.25
3.4
3.125
1.35
1.3
1.615
1.64
2.28
1.76
2.08
2.76
3.2
2.6
1.48
1.333
1.43
1.97
1.85
1.8
2.04
2.05
3.45
3.55
1.285
1.3
1.74
1.51
2.6
1.61
2.35
3.6
3.45
1.9
1.75
1.24
1.222
1.46
2.6
1.94
1.8
2.4
3.2
2.75
1.363
1.285
1.47
1.75
2
2.04
1.727
2.15
3.3
3.1
1.3
1.26
1.58
1.6
2.25
2.08
1.7
2.68
3.2
2.45
1.45
1.285
1.38
1.97
1.78
1.89
1.85
2.1
3.35
3.15
1.285
1.25
1.61
1.533
2.4
2.1
1.69
1.24
5.5
9.5
1.009
1.095
3.45
1.727
2.04
1.68
2.1
2.625
3.2
2.5
1.444
1.285
1.4
1.92
1.82
1.909
1.833
4.25
3.5
1.75
1.909
1.23
1.166
1.55
2.36
1.97
1.78
1.6
3.8
4.9
1.125
1.2
2.12
2.1
1.69
2.05
1.72
2.45
3.3
2.62
1.4
1.26
1.45
1.8
1.94
2.08
1.7
3.1
3.4
2.1
1.61
1.25
1.3
2.25
1.6
2.42
1.52
2.78
3.35
2.3
1.51
1.25
1.363
2.06
1.71
2.08
1.7
5.7
4
1.5
2.32
1.181
1.085
1.9
1.84
2.08
1.7
1.65
3.65
4.7
1.133
1.222
2.04
2.1
1.68
2.08
1.7
1.32
5
7.4
1.04
1.125
2.95
1.87
1.87
2.4
1.533
2
3.4
3.35
1.25
1.25
1.68
1.49
2.5
2.04
1.727
2.68
3.3
2.4
1.47
1.26
1.38
2
1.75
2.16
1.65
2.5
3.3
2.56
1.42
1.26
1.444
1.85
1.89
2.36
1.55
1.78
3.55
4
1.181
1.23
1.87
2.48
1.5
2.08
1.7
2.25
3.3
2.9
1.333
1.26
1.533
1.69
2.1
2.05
1.72
2.4
3.2
2.75
1.363
1.285
1.47
1.75
2
2.04
1.727
2.05
3.35
3.25
1.27
1.25
1.64
1.55
2.36
2.05
1.72
2.6
3.25
2.5
1.444
1.27
1.41
1.94
1.8
1.85
1.89
2.2
3.3
3
1.31
1.26
1.56
1.65
2.16
2.08
1.7
2.75
3.2
2.4
1.47
1.285
1.363
2
1.75
2.08
1.7
1.86
3.5
3.7
1.21
1.23
1.79
2.56
1.47
2.25
1.6
2.95
3.55
2.12
1.6
1.23
1.32
2.22
1.61
1.5
2.48
2.02
3.2
4.25
1.24
1.363
1.82
1.43
3
1.55
2.58
1.9
3.3
4.7
1.2
1.35
1.93
1.363
3.35
1.5
2.74
3.4
3.1
2.35
1.615
1.39
1.333
2.375
1.64
1.55
2.58
4
3.2
2.08
1.77
1.363
1.26
2.84
1.47
1.58
2.5
1.9
3.2
4.9
1.19
1.363
1.93
1.35
3.45
1.5
2.74
1.77
3.4
5.5
1.166
1.333
2.08
1.285
3.95
1.55
2.58
2.26
3.1
3.6
1.3
1.39
1.66
1.58
2.5
1.5
2.74
1.58
3.8
6.8
1.111
1.285
2.42
2.05
1.84
1.8
2.1
1.63
3.6
6.6
1.125
1.3
2.32
1.21
4.85
1.58
2.5
3.7
3.6
2.1
1.77
1.31
1.3
2.72
1.533
2.06
1.87
1.65
3.9
6.1
1.143
1.27
2.3
2.15
1.8
2.08
1.85
1.8
3.6
5.2
1.181
1.31
2.06
2.46
1.63
2.08
1.85
4.05
3.6
2
1.85
1.31
1.26
2.98
1.46
2.02
1.9
2.1
3.45
3.85
1.285
1.333
1.77
1.51
2.8
1.952
1.97
3.15
3.55
2.35
1.63
1.32
1.38
2.3
1.71
1.97
1.952
2.4
3.45
2.98
1.41
1.333
1.59
1.75
2.18
2.18
1.75
4.1
3.7
1.9
1.93
1.3
1.25
3.05
1.42
2.52
1.58
6.5
4.5
1.5
2.64
1.222
1.125
2.05
1.84
3.15
1.4
2.15
3.55
3.4
1.333
1.31
1.727
1.58
2.52
2.46
1.6
3.85
3.55
2
1.833
1.31
1.285
2.85
1.47
2.18
1.75
2.5
3.3
2.95
1.42
1.35
1.55
1.79
2.12
1.8
2.1
3.3
3.3
2.3
1.64
1.35
1.35
2.35
1.65
1.85
2.04
2.9
3.3
2.54
1.533
1.35
1.43
2.08
1.82
1.8
2.1
1.82
3.5
4.8
1.2
1.32
2.02
2.54
1.571
1.7
2.26
5.3
3.8
1.7
2.18
1.285
1.166
1.69
2.28
1.9
1.98
1.285
5.3
13
1.035
1.166
3.75
1.92
1.96
1.94
1.94
1.75
3.6
5.2
1.181
1.3
2.12
2.4
1.63
1.7
2.26
2.25
3.2
3.3
1.32
1.333
1.615
1.61
2.35
1.55
2.48
3.75
3.25
2.06
1.74
1.333
1.26
2.7
1.48
1.615
2.34
2.75
3.15
2.65
1.46
1.34
1.43
1.952
1.87
1.63
2.3
2.36
3.05
3.25
1.333
1.363
1.571
1.63
2.3
1.65
2.26
2.25
3.1
3.45
1.3
1.35
1.615
1.58
2.42
1.65
2.26
2.2
3.45
3.7
1.32
1.35
1.74
3.35
1.4
1.85
2.1
2.36
3.35
3.4
1.363
1.363
1.65
1.666
2.4
1.727
2.3
1.181
8.7
18
1.025
1.09
5.4
1.81
2.16
2.25
1.75
2.12
3.45
3.95
1.285
1.35
1.79
3.15
1.43
1.72
2.3
1.55
4.35
7.1
1.125
1.25
2.6
1.96
1.98
1.99
1.952
2.02
3.5
4.3
1.25
1.34
1.87
2.875
1.5
2.04
1.9
2.46
3.4
3.2
1.39
1.363
1.6
1.74
2.26
1.9
2.04
1.571
4.25
7
1.125
1.26
2.54
1.99
1.952
2.25
1.75
3.95
3.4
2.14
1.77
1.363
1.285
2.8
1.52
1.88
2.08
14
7
1.25
4.333
1.125
1.04
1.74
2.26
1.85
2.1
2.05
3.45
4.2
1.26
1.35
1.84
2.98
1.47
1.85
2.1
1.09
15
34
0
1.036
8.8
1.727
2.3
2.48
1.63
1.65
3.95
6.4
1.143
1.285
2.35
2.15
1.82
2.1
1.85
15
6.4
1.26
4.2
1.143
1.036
2.25
1.75
1.89
2.06
3.3
3.4
2.4
1.63
1.363
1.37
2.34
1.7
1.9
2.04
2.62
3.45
2.9
1.46
1.35
1.54
1.87
2.08
1.89
2.06
2.9
3.5
2.6
1.55
1.34
1.46
2.08
1.87
1.96
1.98
1.65
4.05
6.2
1.153
1.285
2.35
2.12
1.833
2.25
1.75
1.3
6
13
1.05
1.166
3.8
1.88
2.08
2.48
1.63
2.8
3.4
2.75
1.5
1.363
1.48
1.99
1.952
2
1.94
1.9
3.5
4.9
1.21
1.34
1.98
2.68
1.56
1.72
2.3
1.68
3.9
6.1
1.153
1.3
2.3
2.22
1.77
1.9
2.04
7.2
4.333
1.55
2.6
1.25
1.125
1.94
2
1.9
2.04
1.9
3.6
4.75
1.222
1.333
1.98
2.64
1.571
1.9
2.04
1.111
12
31
1.001
1.055
7.6
1.7
2.34
2.3
1.72
2.44
3.3
3.3
1.37
1.37
1.61
1.71
2.32
1.89
2.06
1.952
3.5
4.6
1.23
1.34
1.93
2.75
1.533
1.99
1.952
2.65
3.35
2.95
1.444
1.363
1.533
1.87
2.08
1.8
2.18
1.444
4.8
8.7
1.09
1.222
2.95
1.75
2.25
2.1
1.85
9.7
5.5
1.37
3.3
1.181
1.08
1.88
2.08
2.875
1.5
1.98
3.7
3.9
1.285
1.31
1.88
1.48
2.9
2.04
1.88
2.05
3.4
4
1.27
1.35
1.82
1.48
2.9
1.71
2.3
2
3.4
4.2
1.25
1.35
1.86
1.444
3.05
1.74
2.24
1.94
3.4
4.5
1.23
1.35
1.92
1.4
3.25
1.71
2.3
2.52
3.2
3.1
1.4
1.38
1.56
1.78
2.18
1.71
2.3
2.55
3.2
3.05
1.41
1.38
1.55
1.8
2.15
1.74
2.24
2.46
3.3
3.1
1.4
1.363
1.59
1.75
2.22
1.71
2.3
1.533
4.1
7.4
1.111
1.26
2.6
1.94
1.98
1.92
2
2.15
3.3
3.8
1.3
1.363
1.75
1.533
2.72
1.66
2.4
2.2
3.4
3.55
1.333
1.35
1.72
1.59
2.55
1.85
2.08
1.833
3.6
4.8
1.21
1.32
2.04
1.35
3.55
1.75
2.22
2.14
3.2
3.6
1.285
1.333
1.68
1.52
2.56
1.72
2.15
1.89
3.3
4.4
1.2
1.32
1.88
2.66
1.49
1.86
1.96
2.58
3.1
2.86
1.41
1.35
1.48
1.82
2.02
1.72
2.15
2.62
3
2.92
1.39
1.37
1.47
1.81
2.02
1.55
2.5
1.833
3.3
4.75
1.181
1.32
1.94
2.56
1.52
1.78
2.06
1.9
3.4
4.2
1.222
1.3
1.87
2.7
1.48
2.15
1.72
3
3.2
2.42
1.54
1.333
1.37
2.14
1.727
1.96
1.86
2.25
3.2
3.3
1.32
1.333
1.615
1.61
2.35
2.02
1.81
1.65
3.6
5.7
1.133
1.285
2.2
2.18
1.7
1.97
1.85
1.76
3.3
5.3
1.143
1.32
2.02
2.44
1.571
1.66
2.25
1.666
3.5
5.8
1.125
1.285
2.16
2.24
1.666
1.833
1.99
1.85
3.4
4.45
1.2
1.3
1.92
2.56
1.52
1.99
1.833
2.82
3.1
2.62
1.47
1.35
1.41
1.99
1.84
1.8
2.04
2.38
3.1
3.15
1.34
1.35
1.56
1.68
2.22
1.571
2.44
4.05
3.25
1.98
1.8
1.333
1.23
1.43
2.875
1.8
2.04
1.55
3.7
7
1.09
1.27
2.4
1.99
1.833
1.833
1.99
1.93
3.3
4.2
1.222
1.32
1.84
2.8
1.45
1.68
2.22
2.6
3.2
2.76
1.43
1.333
1.48
1.85
1.97
1.81
2.02
2.18
3.1
3.6
1.285
1.35
1.66
1.533
2.54
1.66
2.25
1.9
3.35
4.3
1.21
1.31
1.87
2.7
1.48
1.91
1.91
2.66
3.05
2.82
1.41
1.363
1.46
1.86
1.96
1.58
2.42
3
3.05
2.52
1.5
1.363
1.37
2.08
1.76
1.72
2.15
2.48
3.1
3
1.37
1.35
1.52
1.74
2.12
1.72
2.15
1.82
3.35
4.75
1.181
1.31
1.952
2.56
1.52
1.65
2.26
2.78
3
2.74
1.444
1.37
1.43
1.92
1.9
1.5
2.625
1.7
3.7
5
1.166
1.27
2.12
2.28
1.64
1.96
1.86
1.58
3.6
6.8
1.095
1.285
2.34
2.06
1.78
1.69
2.2
2.2
3.05
3.65
1.27
1.363
1.65
1.533
2.54
1.65
2.26
1.615
3.6
6.2
1.111
1.285
2.26
2.12
1.74
1.59
2.4
2.54
3.1
2.92
1.39
1.35
1.5
1.79
2.05
1.615
2.34
1.78
3.4
4.95
1.166
1.3
2
2.46
1.56
1.72
2.15
2.15
3.2
3.55
1.285
1.333
1.68
1.533
2.54
1.69
2.2
1.55
3.7
7
1.09
1.27
2.4
1.99
1.833
1.72
2.15
2.5
3.05
3.05
1.363
1.363
1.51
1.74
2.12
1.65
2.26
2.06
3.2
3.85
1.25
1.333
1.74
1.47
2.72
1.66
2.25
2.25
3.2
3.3
1.32
1.333
1.615
1.61
2.35
1.72
2.15
3.1
3.2
2.38
1.56
1.333
1.35
2.2
1.69
1.91
1.91
2.18
3.15
3.55
1.285
1.34
1.66
1.54
2.52
1.66
2.25
2.95
3.3
2.68
1.52
1.37
1.444
2.08
1.88
1.71
2.32
1.3
5.8
14
1.04
1.166
3.8
1.97
1.97
2.38
1.68
2.28
3.35
3.6
1.333
1.363
1.69
1.61
2.54
1.97
1.97
2.1
3.45
4
1.285
1.35
1.8
1.5
2.875
1.72
2.3
2.14
3.5
3.8
1.3
1.34
1.77
1.54
2.74
1.82
2.15
4.35
3.5
2
1.88
1.34
1.25
3.1
1.444
1.85
2.1
2.42
3.3
3.35
1.363
1.37
1.615
1.7
2.34
1.92
2.02
1.24
6.8
16
1.035
1.133
4.45
1.88
2.08
2.34
1.7
1.42
4.8
9.7
1.08
1.222
3.05
2.2
1.78
2.18
1.8
1.75
3.8
5.5
1.181
1.3
2.18
2.25
1.75
2.1
1.85
1.92
3.6
4.6
1.23
1.333
1.96
2.7
1.55
1.85
2.1
1.47
4.85
7.8
1.111
1.21
2.85
1.8
2.18
2.08
1.87
1.4
5.2
9.2
1.085
1.19
3.15
2.2
1.79
2.2
1.78
7.7
4.9
1.47
2.85
1.21
1.111
1.666
2.4
2.25
1.75
2.82
3.35
2.76
1.5
1.363
1.48
1.99
1.952
1.85
2.1
2.8
3.35
2.8
1.48
1.363
1.48
1.97
1.97
1.77
2.22
2
3.4
4.5
1.24
1.363
1.88
1.42
3.2
1.9
2.04
2.88
3.3
2.74
1.5
1.37
1.46
2.02
1.92
1.85
2.1
4.1
3.5
2.06
1.833
1.34
1.27
2.95
1.48
1.952
1.99
1.39
5
10.5
1.07
1.21
3.2
2.16
1.81
2.15
1.82
1.8
3.6
5.5
1.181
1.333
2.1
2.44
1.65
1.9
2.04
2.3
3.3
3.6
1.333
1.37
1.68
1.615
2.52
1.94
2
3.3
3.3
2.45
1.61
1.37
1.37
2.3
1.72
1.92
2.02
3.9
3.4
2.15
1.77
1.363
1.3
2.75
1.533
1.89
2.06
1.4
5
9.9
1.075
1.21
3.15
0
0
2.15
1.82
1.85
3.6
5.1
1.2
1.333
2.04
2.54
1.61
1.97
1.97
2.2
3.3
3.9
1.3
1.37
1.74
1.54
2.74
1.78
2.2
1.3
6
13
1.05
1.166
3.8
1.88
2.08
2.34
1.7
1.51
4.2
8.7
1.09
1.26
2.72
1.85
2.1
2.34
1.7
3.6
3.4
2.26
1.7
1.363
1.333
2.56
1.6
2.02
1.92
2.25
3.15
3.7
1.31
1.39
1.69
1.58
2.58
1.75
2.22
2.45
3.1
3.35
1.363
1.4
1.59
1.7
2.32
1.8
2.15
1.98
3.4
4.3
1.25
1.35
1.88
1.43
3.125
1.8
2.15
2.5
3
3.35
1.363
1.42
1.571
1.71
2.3
1.8
2.15
2.94
3
2.8
1.47
1.42
1.444
2.02
1.91
1.8
2.15
1.94
3.45
4.45
1.23
1.34
1.92
1.41
3.2
1.7
2.32
1.6
3.9
6.7
1.125
1.285
2.44
2.08
1.85
1.9
2.02
2.52
3
3.35
1.363
1.42
1.56
1.72
2.28
1.75
2.22
3.3
3
2.55
1.55
1.42
1.363
2.24
1.74
1.9
2.02
2.66
3
3.1
1.4
1.42
1.51
1.82
2.12
1.85
2.08
3
3.1
2.66
1.51
1.4
1.42
2.08
1.85
1.8
2.15
2.4
3.2
2.75
1.363
1.285
1.47
1.75
2
1.7
2.08
1.2
6.8
16
1.018
1.111
4.75
2.18
1.75
1.94
1.94
3.75
3.6
1.952
1.82
1.285
1.26
1.47
2.72
2.48
1.55
2.5
3.4
2.75
1.43
1.3
1.51
1.82
2.02
2.1
1.75
2.95
3.4
2.35
1.571
1.3
1.38
2.15
1.72
2.18
1.7
3.95
3.3
2.1
1.78
1.363
1.285
2.82
1.5
1.94
1.98
3.3
3.1
2.3
1.59
1.35
1.32
2.34
1.615
1.79
2.05
1.52
3.85
7.1
1.085
1.25
2.48
1.93
1.89
1.833
1.99
2.18
3.1
3.6
1.285
1.35
1.66
1.533
2.54
1.68
2.22
2.875
3.125
2.56
1.49
1.35
1.4
2.04
1.8
1.66
2.25
1.71
3.5
5.3
1.143
1.285
2.1
2.3
1.63
1.68
2.22
2.05
3.2
3.9
1.24
1.333
1.74
1.46
2.76
1.71
2.16
2.1
3.1
3.85
1.25
1.35
1.71
1.48
2.7
1.68
2.22
2.46
3
3.15
1.34
1.37
1.533
1.7
2.18
1.66
2.25
1.52
3.85
7.1
1.085
1.25
2.48
1.93
1.89
1.76
2.08
2.9
3.2
2.5
1.51
1.333
1.4
2.06
1.78
1.72
2.15
2.34
3.2
3.15
1.34
1.333
1.58
1.666
2.24
1.68
2.22
2.35
3.2
3.125
1.35
1.333
1.571
1.666
2.24
1.8
2.04
4.2
3.5
2.04
1.85
1.34
1.26
3.05
1.46
1.85
2.1
2.2
3.4
3.75
1.31
1.363
1.74
1.56
2.68
1.7
2.34
1.76
4
5.1
1.2
1.285
2.16
2.36
1.69
1.97
1.97
1.51
4.45
7.9
1.111
1.24
2.72
1.87
2.08
2.1
1.85
1.7
3.9
5.9
1.166
1.3
2.26
2.24
1.76
2.1
1.85
3.75
3.4
2.2
1.74
1.363
1.31
2.68
1.56
2.04
1.9
4.2
3.5
2.04
1.85
1.34
1.26
3.05
1.46
1.9
2.04
2.1
3.35
4.15
1.27
1.363
1.8
1.48
2.95
1.7
2.34
1.9
3.4
5.1
1.2
1.363
1.98
2.68
1.56
1.85
2.1
2.5
3.55
3
1.43
1.333
1.58
1.81
2.16
1.91
2.04
1.45
5.2
7.5
1.125
1.19
2.92
1.75
2.25
2.1
1.85
2.15
3.45
3.85
1.3
1.35
1.77
1.533
2.75
1.97
1.97
1.65
4
6.3
1.153
1.285
2.35
2.16
1.81
1.85
2.1
8.2
5.3
1.42
3.05
1.19
1.1
2.36
1.69
2.3
1.72
3.4
3.3
2.4
1.63
1.37
1.363
2.38
1.68
1.85
2.1
2.6
3.35
3
1.43
1.363
1.55
1.84
2.12
1.85
2.1
1.4
5
9.9
1.075
1.21
3.15
1.66
2.42
2.08
1.87
4.8
3.75
1.85
2.04
1.31
1.222
3.55
1.363
1.85
2.1
5.3
3.5
1.85
2.04
1.34
1.19
3.75
1.333
2.02
1.92
2.45
3.25
3.35
1.363
1.38
1.61
1.7
2.34
1.9
2.04
1.82
3.9
4.8
1.222
1.3
2.08
2.48
1.63
1.9
2.04
2.2
3.6
3.55
1.333
1.333
1.74
1.59
2.58
1.72
2.3
5.2
4
1.75
2.18
1.285
1.19
1.74
2.28
2.3
1.72
2
3.5
4.35
1.25
1.34
1.88
2.84
1.51
2.1
1.85
1.32
5.9
10
1.06
1.153
3.5
1.93
1.99
3.2
1.41
1.86
3.7
4.6
1.21
1.3
1.98
2.6
1.571
1.75
2.22
2.3
3.4
3.5
1.34
1.363
1.68
1.63
2.48
1.85
2.1
1.24
6.3
13
1.035
1.133
4.2
1.79
2.12
2.18
1.75
11
5.5
1.35
3.45
1.181
1.065
1.97
1.97
2.5
1.63
4.5
3.9
1.86
2.02
1.3
1.24
1.6
2.56
2.12
1.833
1.571
4.65
6.2
1.153
1.23
2.54
1.96
1.98
2.68
1.56
1.143
11
20
1.019
1.065
6.4
2.34
1.7
1.75
2.25
3.3
3.4
2.4
1.63
1.363
1.37
2.34
1.7
1.87
2.08
3.7
3.5
2.18
1.75
1.34
1.32
2.68
1.56
1.97
1.97
7.6
4.55
1.45
2.82
1.21
1.095
1.66
2.34
2.6
1.55
4.3
3.55
2
1.88
1.333
1.25
3.1
1.444
1.8
2.18
2.38
3.6
3.15
1.4
1.333
1.64
1.727
2.3
2.1
1.85
1.125
9
23
0
1.07
6.4
2.34
1.66
1.8
2.1
1.39
5
10.5
1.07
1.21
3.2
2.15
1.82
2.34
1.7
1.181
8.5
19
1.022
1.095
5.4
1.94
2
1.97
1.97
1.7
4.05
5.6
1.181
1.285
2.26
2.25
1.75
2.02
1.92
1.166
9
21
1.017
1.085
5.8
1.81
2.16
2.7
1.55
1.2
7
12
1.022
1.09
4.4
2.14
1.727
2.34
1.615
1.25
6
11
1.03
1.125
3.8
1.78
2.06
2.54
1.533
1.2
7.5
11
1.03
1.075
4.4
2.08
1.76
2.8
1.45
1.727
4
4.333
1.21
1.23
2.08
2.3
1.63
2.24
1.666
2
3.6
3.55
1.285
1.285
1.78
1.49
2.66
2.8
1.45
11
6
1.25
3.8
1.125
1.03
2.05
1.79
2.34
1.615
2.68
2.75
3.1
1.35
1.43
1.45
1.78
2.06
1.54
2.52
1.952
2.75
5.5
1.143
1.43
1.82
1.3
3.6
1.45
2.8
3.5
2.8
2.4
1.55
1.42
1.285
2.35
1.61
1.45
2.8
1.93
2.74
5.7
1.133
1.444
1.84
1.285
3.7
1.4
3
1.52
3.7
7.8
1.07
1.27
2.48
1.952
1.87
1.444
2.82
2.7
2.75
3.1
1.35
1.43
1.444
1.79
2.05
1.4
3
1.58
4
6.8
1.125
1.27
2.48
2.04
1.89
1.92
2
1.7
3.7
5.8
1.166
1.31
2.24
2.26
1.727
2
1.92
2.2
3.4
3.55
1.333
1.35
1.72
1.59
2.55
2.08
1.85
3.4
3.3
2.3
1.66
1.363
1.35
2.44
1.64
2.02
1.9
1.88
3.55
4.6
1.222
1.333
1.98
2.64
1.56
1.8
2.15
2.68
3.2
2.9
1.444
1.38
1.51
1.89
2.04
1.78
2.18
1.9
3.5
4.55
1.222
1.333
1.96
2.66
1.55
1.9
2.02
3.5
3.3
2.26
1.68
1.363
1.333
2.5
1.615
1.88
2.05
3.95
3.45
2.05
1.82
1.34
1.285
2.86
1.49
1.8
2.15
1.58
4.55
5.8
1.153
1.222
2.45
2
1.92
2.86
1.49
1.61
4.35
5.7
1.153
1.23
2.38
2
1.92
3.15
1.42
1.54
4.5
6.5
1.125
1.222
2.55
1.87
2.06
2.98
1.46
2.2
3.7
3.35
1.35
1.3
1.7
1.63
2.46
2.64
1.56
2.4
3.5
3.1
1.39
1.32
1.6
1.74
2.24
2.15
1.8
3.65
3.65
2.1
1.77
1.3
1.3
2.7
1.54
2.22
1.75
5.8
4.4
1.6
2.4
1.23
1.153
1.89
2.04
2.82
1.5
6
4.4
1.58
2.45
1.23
1.143
1.94
1.98
3.05
1.45
1.87
3.75
4.45
1.222
1.3
1.97
1.39
3.3
2.4
1.66
1.35
5
9.9
1.06
1.181
3.3
2.05
1.84
2.75
1.5
2.4
3.8
2.76
1.47
1.285
1.59
1.81
2.1
2.75
1.5
2.35
3.65
2.92
1.42
1.3
1.615
1.75
2.18
2.4
1.63
5.3
3.8
1.7
2.18
1.285
1.166
1.71
2.24
2.46
1.6
2.2
3.8
3.1
1.39
1.285
1.69
1.66
2.34
2.26
1.7
2.05
3.65
3.55
1.31
1.3
1.79
2.95
1.444
2.4
1.63
1.38
4.95
8.7
1.075
1.19
3.125
1.615
2.42
3.05
1.42
2.35
3.7
2.9
1.43
1.3
1.615
1.76
2.16
2.75
1.5
2.2
3.5
3.5
1.32
1.32
1.7
1.6
2.52
2.1
1.833
2.86
3.7
2.46
1.571
1.3
1.444
2.12
1.82
2.5
1.615
2.15
3.8
3.35
1.35
1.285
1.74
1.61
2.5
2.4
1.66
2.18
3.7
3.35
1.35
1.3
1.71
1.615
2.5
2.42
1.65
5.3
4.15
1.68
2.24
1.25
1.181
1.77
2.2
2.38
1.666
1.48
4.8
7.1
1.111
1.2
2.74
1.81
2.14
2.7
1.54
2.34
3.65
3.1
1.39
1.3
1.63
1.72
2.28
2.35
1.68
1.3
6.1
11
1.05
1.143
3.65
1.88
2.05
2.76
1.52
2.1
3.8
3.5
1.32
1.285
1.77
1.571
2.6
2.35
1.68
2.25
3.1
3.45
1.3
1.35
1.615
1.58
2.42
1.65
2.26
2.24
3.25
3.3
1.32
1.333
1.63
3.35
1.333
1.64
2.28
2.62
3.25
2.72
1.444
1.333
1.47
1.87
1.952
1.72
2.15
1.8
3.55
4.55
1.19
1.285
1.98
2.48
1.55
1.7
2.18
2.74
3.25
2.6
1.48
1.333
1.444
1.96
1.86
1.72
2.15
3.65
3.4
2.04
1.75
1.3
1.27
2.66
1.49
1.99
1.833
2.5
3.25
2.85
1.41
1.333
1.51
1.79
2.05
1.85
1.97
1.63
3.85
5.4
1.143
1.25
2.24
2.14
1.727
1.92
1.9
2.15
3.125
3.65
1.27
1.35
1.68
1.52
2.56
1.63
2.3
2.7
3.15
2.7
1.444
1.34
1.444
1.91
1.91
1.63
2.3
1.5
4.1
6.8
1.095
1.222
2.54
1.89
1.93
1.69
2.2
1.68
3.7
5.2
1.153
1.27
2.14
2.26
1.65
1.75
2.1
2.25
3.2
3.3
1.32
1.333
1.615
1.61
2.35
1.69
2.2
2.35
3.2
3.125
1.35
1.333
1.571
1.666
2.24
1.533
2.55
2.35
3.1
3.25
1.333
1.35
1.571
1.65
2.26
1.55
2.48
2.8
3.25
2.55
1.49
1.333
1.42
2.02
1.82
2.08
1.77
3.6
3.4
2.05
1.74
1.3
1.285
2.625
1.5
1.91
1.91
3.05
3.3
2.35
1.571
1.32
1.363
2.2
1.69
1.91
1.91
3.125
3.3
2.3
1.59
1.32
1.35
2.25
1.66
1.91
1.91
2.68
3.2
2.68
1.45
1.333
1.45
1.91
1.91
1.75
2.1
1.7
3.65
5.1
1.153
1.27
2.12
2.28
1.64
1.91
1.91
2.7
3.3
2.6
1.48
1.32
1.444
1.952
1.87
1.91
1.91
3.2
3.3
2.25
1.615
1.32
1.333
2.3
1.63
1.91
1.91
2.3
3.3
3.125
1.35
1.32
1.59
1.66
2.25
1.8
2.04
1.75
3.8
4.45
1.2
1.25
2.04
2.4
1.59
1.91
1.91
2.6
3
3.2
1.38
1.42
1.533
1.78
2.18
1.96
1.96
2.3
3.15
3.6
1.32
1.39
1.66
1.61
2.5
1.85
2.08
2.86
3
2.86
1.46
1.42
1.46
1.96
1.96
1.9
2.02
3.05
3
2.7
1.5
1.42
1.41
2.08
1.85
1.85
2.08
1.65
4
5.7
1.166
1.27
2.32
2.18
1.78
1.85
2.08
1.75
3.7
5.3
1.181
1.31
2.15
2.32
1.7
1.9
2.02
5.7
4
1.65
2.32
1.27
1.166
1.84
2.1
2.08
1.85
1.94
3.35
4.6
1.222
1.363
1.92
1.39
3.3
1.85
2.08
8.7
4.6
1.41
2.98
1.21
1.075
2.26
1.7
2.1
1.8
5.5
3.6
1.72
2.16
1.3
1.166
1.666
2.32
1.7
2.26
1.444
4.35
8.5
1.08
1.23
2.84
1.77
2.15
1.98
1.9
1.181
7.5
18
1.011
1.095
5
1.96
1.92
2.4
1.63
1.92
3.6
4.1
1.25
1.3
1.909
2.72
1.51
1.84
2.05
2.86
3.3
2.56
1.533
1.35
1.444
2.05
1.84
1.72
2.22
1.37
4.8
9.5
1.065
1.2
3.2
2.16
1.76
2.05
1.84
1.23
6.3
14
1.027
1.133
4.3
1.74
2.2
2.05
1.84
1.133
9
20
1.005
1.07
6.2
1.74
2.2
2.35
1.65
9
4.6
1.4
3.05
1.21
1.07
2.3
1.68
2.02
1.86
4.2
3.4
1.96
1.87
1.333
1.24
3.05
1.42
1.72
2.22
7.2
4.2
1.5
2.64
1.24
1.111
1.99
1.89
1.84
2.05
2.46
3.2
3.1
1.39
1.363
1.571
1.74
2.2
1.48
2.82
1.85
3.45
4.75
1.2
1.333
1.98
1.35
3.45
1.55
2.6
2.5
3.2
3.05
1.4
1.363
1.55
1.76
2.16
1.88
2
2.3
3.2
3.4
1.333
1.363
1.64
1.63
2.4
1.5
2.75
2.96
3.2
2.55
1.533
1.363
1.41
2.1
1.81
1.6
2.46
2.55
3.2
2.96
1.41
1.363
1.533
1.81
2.1
1.65
2.35
2.75
3.2
2.75
1.47
1.363
1.47
1.94
1.94
1.65
2.35
2.3
3.2
3.4
1.333
1.363
1.64
1.63
2.4
1.6
2.46
3.4
3.2
2.3
1.64
1.363
1.333
2.4
1.63
1.89
1.99
2.4
3.35
3.05
1.4
1.34
1.59
1.727
2.22
1.94
1.94
2.66
3.45
2.66
1.49
1.333
1.49
1.94
1.94
1.9
1.98
2.15
3.45
3.5
1.32
1.333
1.727
1.571
2.54
1.88
2
2.2
3.4
3.4
1.333
1.333
1.69
1.6
2.46
2.04
1.85
2.2
3.45
3.35
1.34
1.333
1.69
1.61
2.44
1.94
1.94
2.25
3.45
3.25
1.363
1.333
1.666
1.64
2.375
1.94
1.94
3.35
3.2
2.45
1.58
1.37
1.35
2.34
1.7
1.78
2.2
8.8
4.6
1.45
2.84
1.21
1.08
2.22
1.77
1.97
1.97
4.6
3.6
1.9
1.94
1.31
1.21
1.56
2.68
1.92
2.02
3.75
3.5
2.14
1.74
1.32
1.3
2.7
1.55
2.1
1.85
1.61
3.95
6.8
1.125
1.27
2.38
2.1
1.85
1.7
2.34
2
3.45
4.333
1.23
1.333
1.85
2.875
1.5
1.833
2.12
1.38
5.2
9.7
1.065
1.181
3.15
2.2
1.79
1.85
2.1
1.5
4.3
8.3
1.085
1.24
2.66
1.85
2.1
1.92
2.02
5.6
3.95
1.7
2.2
1.27
1.166
1.72
2.3
1.78
2.2
2.22
3.5
3.5
1.32
1.32
1.69
1.61
2.54
1.9
2.04
2.28
3.5
3.4
1.34
1.32
1.66
1.65
2.44
1.97
1.97
1.25
6.5
15
1.025
1.125
4.15
1.78
2.2
2.3
1.72
2.45
3.45
3.1
1.39
1.333
1.58
1.76
2.24
1.92
2.02
2.5
3.35
3.1
1.39
1.35
1.56
1.78
2.2
1.78
2.2
2.3
3.5
3.35
1.35
1.32
1.65
1.66
2.42
1.75
2.25
1.71
3.65
6.2
1.133
1.3
2.18
2.36
1.69
1.87
2.08
1.9
3.6
4.6
1.21
1.31
1.94
2.68
1.56
1.72
2.3
1.35
5.3
11
1.05
1.181
3.3
2.08
1.87
1.94
2
2.6
3.3
3
1.41
1.35
1.52
1.84
2.12
1.8
2.18
3
3.3
2.6
1.52
1.35
1.41
2.12
1.84
1.92
2.02
4.95
3.6
1.85
2
1.31
1.19
1.59
2.58
1.8
2.18
1.75
3.8
5.4
1.166
1.285
2.12
2.38
1.68
1.77
2.22
1.3
6
12
1.045
1.143
3.65
1.97
1.97
2.02
1.92
9.4
4.45
1.45
2.84
1.222
1.07
2.22
1.77
2.02
1.92
1.25
6.5
12
1.04
1.125
4.1
1.82
2.08
1.68
2.3
3.1
3.3
2.4
1.59
1.35
1.39
2.22
1.72
1.65
2.35
2.25
3.3
3.4
1.333
1.35
1.666
1.61
2.44
1.65
2.35
1.65
3.9
5.6
1.153
1.27
2.28
2.22
1.727
1.533
2.64
2.4
3.3
3.1
1.39
1.35
1.59
1.72
2.22
1.55
2.6
2.78
3.2
2.7
1.48
1.363
1.46
1.97
1.91
1.6
2.46
2
3.4
4.05
1.25
1.333
1.833
2.92
1.45
1.6
2.46
1.9
3.6
4.2
1.24
1.3
1.93
2.72
1.51
1.6
2.46
1.6
4
6
1.143
1.26
2.38
2.1
1.8
1.6
2.46
1.6
3.8
6.5
1.125
1.285
2.38
2.1
1.8
1.7
2.26
4.5
3.4
1.9
1.93
1.333
1.222
1.51
2.72
1.72
2.22
3.7
3.4
2.1
1.76
1.333
1.3
2.68
1.52
1.74
2.2
4
3.15
2.1
1.76
1.38
1.26
2.82
1.48
1.55
2.6
2.55
3.2
2.96
1.41
1.363
1.533
1.81
2.1
1.6
2.46
1.4
4.9
8.1
1.085
1.19
3.05
1.7
2.26
1.63
2.4
1.55
4.1
6.6
1.125
1.25
2.5
2
1.88
1.55
2.6
2.6
3.3
2.82
1.45
1.35
1.51
1.86
2.02
1.6
2.46
2.2
3.4
3.4
1.333
1.333
1.69
1.6
2.46
1.6
2.46
1.45
4
6.5
1.06
1.181
2.46
1.8
1.94
2
1.75
8.8
4.9
1.35
3.125
1.166
1.055
2.44
1.571
3.15
1.37
4.2
3.7
1.82
1.952
1.27
1.222
3.15
1.37
2.8
1.45
2.55
3.45
2.65
1.46
1.3
1.49
1.87
1.952
2.1
1.75
1.35
4.9
8.8
1.055
1.166
3.125
1.59
2.4
2.8
1.45
2.95
3.5
2.3
1.59
1.285
1.38
2.18
1.7
2.26
1.65
2.25
3.45
3.1
1.35
1.3
1.615
1.65
2.26
2.1
1.75
1.6
4.2
5.1
1.153
1.222
2.3
2.1
1.75
2.8
1.45
2.72
3
2.8
1.42
1.37
1.444
1.88
1.94
1.75
2.1
1.9
3.5
4.05
1.23
1.285
1.87
1.4
3
1.86
1.96
2.6
3
2.94
1.39
1.37
1.48
1.8
2.04
1.75
2.1
4.3
3.5
1.85
1.92
1.285
1.21
3.2
1.363
1.96
1.86
1.75
3.6
4.8
1.181
1.285
2.04
2.26
1.65
1.86
1.96
2.5
3.1
2.98
1.38
1.35
1.51
1.76
2.08
1.75
2.1
3.75
3.3
2.04
1.75
1.32
1.26
2.72
1.47
1.75
2.1
1.21
6.7
12
1.022
1.095
4.25
2.18
1.7
2.3
1.63
1.8
3.5
4.6
1.181
1.285
1.98
2.48
1.55
1.85
1.97
1.21
6.7
12
1.022
1.095
4.25
2.15
1.72
2.625
1.5
3.85
3.45
2.15
1.77
1.35
1.3
2.75
1.533
1.78
2.2
2.02
3.5
4.25
1.26
1.34
1.87
1.45
3.1
1.58
2.62
1.76
3.8
5.4
1.181
1.3
2.16
2.38
1.68
1.85
2.1
3.3
3.3
2.44
1.61
1.37
1.37
2.32
1.71
1.69
2.36
12
6.1
1.26
4
1.133
1.04
2.08
1.82
2.1
1.8
1.2
7.3
14
1.027
1.1
4.75
2
1.88
2.54
1.571
3.95
3.7
2.04
1.85
1.32
1.285
2.9
1.49
2.44
1.65
1.69
3.8
5.9
1.153
1.285
2.22
2.22
1.75
2.42
1.65
3.85
3.75
1.94
1.89
1.285
1.285
1.51
2.72
2.68
1.52
3.85
3.7
1.96
1.87
1.3
1.285
1.5
2.75
2.75
1.5
4.15
3.85
1.85
1.98
1.285
1.25
1.571
2.54
2.46
1.6
4
3.8
1.89
1.94
1.285
1.26
1.533
2.64
2.34
1.66
1.533
4.3
6.4
1.125
1.23
2.55
1.91
1.97
2.75
1.5
1.285
5.8
11
1.05
1.153
3.75
1.87
2.02
2.68
1.52
1.8
3.55
4.55
1.19
1.285
1.98
2.48
1.55
1.63
2.3
2.64
3.05
2.84
1.41
1.363
1.47
1.84
1.99
1.6
2.375
2.12
3.25
3.6
1.285
1.333
1.69
1.52
2.56
1.63
2.3
1.76
3.45
5
1.166
1.3
2.02
2.44
1.571
1.61
2.35
1.24
5.7
13
1.016
1.133
3.9
1.76
2.08
2.25
1.66
2.22
3.05
3.55
1.285
1.363
1.64
1.55
2.48
1.63
2.32
1.4
4.4
8.5
1.06
1.2
2.88
1.69
2.2
1.87
1.952
8.6
4.1
1.43
2.76
1.222
1.06
2.1
1.75
1.75
2.1
1.93
3.6
4.25
1.25
1.32
1.93
1.42
3.15
2.22
1.75
2.46
3.3
3
1.41
1.35
1.571
1.76
2.16
1.8
2.1
1.37
5
8.8
1.075
1.181
3.2
2.16
1.76
2.16
1.76
1.37
5
8.8
1.075
1.181
3.2
2.18
1.75
2
1.88
2.2
3.4
3.4
1.333
1.333
1.69
1.6
2.46
2.02
1.86
2.86
3.3
2.56
1.533
1.35
1.444
2.05
1.84
1.94
1.94
1.76
3.6
5.1
1.181
1.3
2.1
1.3
3.8
1.94
1.94
2.58
3.4
2.65
1.46
1.3
1.48
1.88
1.94
2.08
1.76
1.3
5.3
9.8
1.04
1.143
3.4
1.952
1.87
2.26
1.65
2.12
3.4
3.4
1.3
1.3
1.69
1.55
2.48
1.96
1.86
2.75
3.3
2.54
1.5
1.32
1.43
1.98
1.84
1.66
2.24
3.4
3.4
2.12
1.69
1.3
1.3
2.48
1.55
1.96
1.86
2.15
3.4
3.75
1.3
1.34
1.74
1.54
2.7
1.85
2.08
2.75
3.35
2.75
1.48
1.35
1.48
1.96
1.96
1.94
1.98
2.12
3.55
3.65
1.3
1.32
1.75
1.55
2.66
1.97
1.952
2.42
3.4
3
1.41
1.333
1.58
1.75
2.18
1.86
2.02
1.7
3.7
5.5
1.166
1.3
2.18
2.3
1.68
1.8
2.1
1.6
4
6
1.143
1.26
2.38
2.06
1.833
2.16
1.76
3.9
3.5
2
1.833
1.32
1.27
2.84
1.47
1.86
2.02
2.3
3.5
3.1
1.39
1.32
1.64
1.69
2.28
2.02
1.86
2.16
3.3
3.6
1.3
1.35
1.72
1.55
2.58
1.8
2.1
2.56
3.3
2.86
1.444
1.35
1.533
1.84
2.05
1.8
2.1
3.4
3.4
2.2
1.69
1.333
1.333
2.46
1.6
1.84
2.05
2.1
3.5
3.55
1.31
1.32
1.76
1.54
2.62
2.22
1.72
1.75
3.65
5.4
1.181
1.31
2.15
2.42
1.65
1.6
2.52
1.5
4.1
8.3
1.09
1.26
2.7
1.88
2.05
1.75
2.22
1.8
3.4
5.5
1.181
1.35
2.08
2.5
1.615
1.8
2.15
20
8.7
1.153
5.9
1.085
1.014
2.06
1.87
2.42
1.65
5.3
3.5
1.8
2.08
1.333
1.181
1.63
2.46
2.02
1.9
1.65
3.65
6.6
1.133
1.31
2.32
2.2
1.77
1.72
2.28
10
4.6
1.4
3.1
1.222
1.07
1.727
2.26
2
1.92
2.56
3.2
2.56
1.42
1.285
1.42
1.87
1.87
1.7
2.08
2.2
3.2
3.05
1.3
1.285
1.56
1.61
2.22
1.65
2.16
2.9
3.2
2.3
1.51
1.285
1.333
2.1
1.68
1.65
2.16
1.6
3.6
5.3
1.1
1.222
2.12
2.1
1.68
1.7
2.08
2
3.3
3.45
1.24
1.26
1.68
1.48
2.54
1.65
2.16
3.05
3.2
2.2
1.56
1.285
1.3
2.22
1.61
1.65
2.16
3.3
3.2
2.1
1.61
1.285
1.26
2.4
1.533
1.7
2.08
1.61
3.9
5.5
1.143
1.24
2.26
2.12
1.74
1.65
2.26
2.74
3.25
2.6
1.48
1.333
1.444
1.96
1.86
1.72
2.15
6.1
4.15
1.533
2.44
1.222
1.125
1.86
1.96
1.833
1.99
1.952
3.5
3.85
1.25
1.285
1.82
2.82
1.444
1.7
2.18
1.46
4.333
7.1
1.085
1.21
2.66
1.79
2.05
1.99
1.833
1.97
3.4
3.9
1.24
1.3
1.8
2.82
1.444
1.81
2.02
1.444
4.5
7
1.09
1.19
2.7
1.78
2.06
1.75
2.1
5
4
1.69
2.2
1.26
1.181
1.727
2.22
2.95
1.444
2.28
3.7
3
1.41
1.3
1.65
1.71
2.24
3.2
1.39
1.23
6.5
13
1.035
1.125
4.3
1.71
2.24
2.54
1.571
2.16
3.6
3.3
1.35
1.3
1.72
1.6
2.46
1.92
1.96
1.85
4.1
3.9
1.27
1.25
1.98
2.54
1.571
3.1
1.41
1.42
4.85
7.5
1.095
1.19
2.94
1.71
2.24
2.32
1.666
1.32
5.5
13
1.05
1.181
3.65
1.98
1.96
2.25
1.75
1.26
6.3
16
1.035
1.153
4.2
1.8
2.18
2.34
1.7
2.66
3.2
3.05
1.42
1.39
1.533
1.84
2.12
1.666
2.4
3.6
3.1
2.4
1.63
1.41
1.333
2.46
1.64
1.65
2.44
2.02
3.35
4.5
1.24
1.363
1.87
2.9
1.49
1.78
2.2
2.44
3.3
3.3
1.37
1.37
1.61
1.71
2.32
1.85
2.1
1.6
3.85
7.6
1.111
1.3
2.46
2.06
1.89
1.81
2.16
2.32
3.2
3.7
1.32
1.39
1.666
1.6
2.56
1.571
2.64
1.5
4.35
8.4
1.095
1.25
2.75
1.9
2.04
1.9
2.04
2.2
3.3
3.9
1.3
1.37
1.74
1.54
2.74
1.833
2.12
3.75
3.3
2.25
1.7
1.37
1.31
2.62
1.58
1.72
2.3
7.8
4.55
1.5
2.75
1.23
1.111
2.1
1.85
1.97
1.97
1.51
4.4
8
1.111
1.25
2.72
1.87
2.08
1.97
1.97
2.1
3.35
4.15
1.27
1.363
1.8
1.48
2.95
1.75
2.25
0
0
0
1.333
1.38
1.65
1.64
2.46
1.65
2.44
2.5
3.3
3.2
1.39
1.37
1.58
1.75
2.25
1.7
2.34
2.3
3.2
3.75
1.31
1.39
1.68
1.59
2.58
1.7
2.34
1.58
4
7.6
1.111
1.285
2.52
2.02
1.92
1.8
2.18
2.4
3.3
3.4
1.363
1.37
1.63
1.68
2.38
1.78
2.2
4.45
3.3
2.05
1.84
1.37
1.24
1.47
2.98
1.8
2.18
1.5
4.5
7.9
1.111
1.24
2.75
1.85
2.1
2.04
1.9
5.1
3.6
1.85
2.04
1.333
1.2
3.7
1.34
1.78
2.2
2.45
3.25
3.35
1.363
1.38
1.61
1.7
2.34
1.7
2.34
2.45
3.25
3.35
1.363
1.38
1.61
1.7
2.34
1.72
2.3
1.65
3.8
6.8
1.133
1.3
2.35
2.16
1.81
1.85
2.1
1.4
5.8
7.8
1.111
1.166
3.15
2.2
1.79
2.1
1.85
1.9
3.55
4.85
1.21
1.333
1.98
1.37
3.5
1.85
2.1
1.9
3.5
4.9
1.21
1.34
1.98
1.37
3.5
1.65
2.44
1.85
3.55
5.2
1.19
1.333
2.04
1.333
3.75
1.7
2.34
1.4
5.8
7.8
1.111
1.166
3.15
2.2
1.79
2.18
1.8
1.9
3.2
5.2
1.19
1.38
1.96
2.76
1.52
1.51
2.8
2.02
3.3
4.3
1.25
1.363
1.85
1.444
3.05
1.75
2.22
1.5
4
8.8
1.085
1.27
2.7
1.88
2.05
1.88
2.05
2.5
3.05
3.3
1.363
1.41
1.571
1.72
2.28
1.666
2.38
2.65
3
3.125
1.4
1.42
1.52
1.81
2.14
1.94
1.98
1.56
3.9
7.5
1.111
1.285
2.52
2
1.92
1.8
2.15
1.54
4.1
7.3
1.111
1.26
2.58
1.96
1.96
1.87
2.06
1.59
4
6.5
1.133
1.27
2.46
2.06
1.87
2
1.92
2.04
3.2
4.4
1.24
1.38
1.833
1.43
3.125
1.68
2.35
2.28
3.2
3.55
1.333
1.38
1.68
1.61
2.5
1.66
2.4
2.15
3.1
3.7
1.27
1.35
1.68
1.51
2.6
1.55
2.48
2.3
3.1
3.3
1.32
1.35
1.59
1.615
2.34
1.52
2.56
2.25
3.125
3.4
1.3
1.35
1.615
1.59
2.4
1.64
2.28
1.61
3.55
6.4
1.111
1.285
2.26
2.12
1.74
1.6
2.375
2.375
3.05
3.25
1.333
1.363
1.56
1.65
2.26
1.55
2.48
1.98
3.125
4.3
1.21
1.35
1.8
2.875
1.43
1.56
2.46
2.38
3.05
3.25
1.333
1.363
1.56
1.65
2.26
1.52
2.56
2.05
3.25
3.8
1.25
1.333
1.74
1.47
2.72
1.6
2.375
2.45
3.125
3.05
1.363
1.35
1.533
1.72
2.15
1.58
2.42
3.25
3.4
2.2
1.65
1.3
1.333
2.375
1.6
1.85
1.97
3.45
3.4
2.1
1.71
1.3
1.3
2.54
1.533
1.75
2.1
1.6
3.8
5.9
1.125
1.25
2.3
2.08
1.76
1.9
1.92
1.23
5.8
14
1.01
1.125
4
1.74
2.12
2.15
1.72
1.285
5.5
10
1.04
1.143
3.5
1.92
1.9
2.1
1.75
2.48
3.3
2.85
1.41
1.32
1.52
1.79
2.05
1.833
2
2.6
3.3
2.7
1.444
1.32
1.48
1.87
1.952
1.97
1.85
6.8
4.1
1.5
2.54
1.222
1.095
1.94
1.88
1.96
1.86
2.55
3.3
2.75
1.43
1.32
1.49
1.84
1.99
1.952
1.87
3.75
3.45
1.99
1.79
1.3
1.26
1.43
2.875
1.91
1.91
2.05
3.3
3.75
1.26
1.32
1.74
1.48
2.7
1.833
2
2.1
3.3
3.6
1.285
1.32
1.71
1.51
2.6
1.91
1.91
1.89
3.5
4.1
1.222
1.285
1.88
1.39
3.05
2
1.833
2.1
3.3
3.95
1.285
1.363
1.78
1.5
2.82
1.92
2
1.5
4.25
7.8
1.1
1.25
2.7
1.88
2.05
1.88
2.05
2.5
3.4
2.96
1.43
1.35
1.571
1.81
2.14
1.84
2.1
3.1
3.4
2.42
1.6
1.35
1.4
2.24
1.74
2.3
1.71
1.58
4.15
6.4
1.143
1.26
2.48
2.02
1.9
2.16
1.79
1.727
4
4.95
1.2
1.27
2.18
2.35
1.68
1.87
2.06
5
3.8
1.76
2.14
1.3
1.2
1.666
2.38
2.1
1.833
2.2
3.4
3.55
1.333
1.35
1.72
1.59
2.55
2.05
1.88
2.05
3.4
3.85
1.285
1.333
1.79
1.49
2.78
1.85
2.04
2.02
3.5
3.85
1.285
1.32
1.82
1.48
2.82
2.02
1.86
1.7
3.9
5.1
1.181
1.27
2.18
2.26
1.7
2.16
1.76
1.47
4.333
7.7
1.095
1.23
2.74
1.82
2.08
1.98
1.9
2.66
3.25
2.8
1.45
1.363
1.49
1.89
1.99
1.78
2.14
1.9
3.55
4.3
1.23
1.31
1.93
1.4
3.15
2.04
1.85
3.2
3.3
2.34
1.615
1.35
1.363
2.3
1.68
1.97
1.91
2.1
3.5
3.55
1.31
1.32
1.76
1.54
2.62
2.18
1.75
5.7
4.05
1.615
2.35
1.25
1.153
1.82
2.08
2.24
1.71
1.25
6
13
1.035
1.143
4.1
1.77
2.15
2.6
1.55
4.333
3.7
1.85
1.98
1.3
1.23
1.56
2.56
1.94
1.94
1.5
4.5
6.5
1.125
1.222
2.64
1.87
2.02
2.75
1.5
1.45
4.45
7.9
1.09
1.222
2.82
1.77
2.15
2.46
1.6
1.8
3.6
5.2
1.181
1.31
2.06
1.32
3.8
2.08
1.85
11
6
1.25
3.8
1.125
1.03
1.82
2.02
3.25
1.35
1.8
3.8
5.1
1.2
1.3
2.1
2.4
1.68
2.18
1.8
1.9
3.5
4.35
1.23
1.32
1.93
2.72
1.51
1.8
2.1
1.8
3.6
4.8
1.2
1.3
2.04
2.52
1.58
1.85
2.04
7.9
5.4
1.4
3.05
1.166
1.095
1.77
2.2
2.34
1.69
1.533
4.2
7.4
1.111
1.25
2.56
1.94
1.98
1.833
2.1
2.52
3.45
2.95
1.42
1.333
1.55
1.82
2.12
2.04
1.89
2.05
3.5
3.95
1.27
1.32
1.81
1.49
2.86
1.8
2.15
1.833
3.65
4.85
1.2
1.3
2.02
2.52
1.6
1.89
2.04
3.1
3.4
2.45
1.58
1.34
1.39
2.22
1.75
1.84
2.1
2.98
3.6
2.25
1.615
1.285
1.38
2.22
1.68
3
1.4
1.333
5
9.2
1.05
1.166
3.2
2.02
1.82
3
1.4
2
3.5
3.65
1.27
1.285
1.78
1.48
2.7
2.8
1.45
1.85
3.6
4.15
1.222
1.285
1.92
2.54
1.533
2.8
1.45
1.111
9
21
0
1.05
6.2
2.08
1.76
3.6
1.3
2.4
3.5
2.8
1.42
1.285
1.55
1.77
2.08
2.48
1.55
2.66
3.4
2.58
1.48
1.3
1.46
1.94
1.88
2.08
1.77
2.7
3.5
2.48
1.52
1.285
1.444
1.99
1.833
2.42
1.58
2.4
3.6
2.75
1.43
1.285
1.55
1.79
2.05
2.375
1.6
2.9
3.5
2.34
1.58
1.285
1.4
2.14
1.727
2.48
1.55
2.12
3.6
3.4
1.333
1.3
1.74
1.571
2.54
2.35
1.65
2.6
3.5
2.7
1.48
1.32
1.51
1.9
1.98
2.35
1.65
3.05
3.5
2.35
1.615
1.32
1.4
2.22
1.72
1.9
1.98
2
3.5
3.9
1.27
1.32
1.833
1.47
2.85
2.04
1.85
2.2
3.5
3.3
1.35
1.32
1.69
1.615
2.42
2.24
1.71
1.71
3.7
4.9
1.166
1.27
2.1
2.3
1.63
1.8
2.04
1.43
4.1
8.7
1.055
1.222
2.76
1.75
2.1
1.65
2.26
2.25
3.2
3.3
1.32
1.333
1.615
1.61
2.35
1.66
2.25
2
3.3
3.9
1.24
1.32
1.78
1.444
2.82
1.666
2.24
5.2
3.6
1.7
2.12
1.285
1.153
1.64
2.28
1.81
2.02
1.68
3.6
5.4
1.143
1.285
2.14
2.26
1.65
1.72
2.15
1.9
3
5
1.166
1.37
1.87
2.72
1.47
1.55
2.48
2.68
3
2.85
1.41
1.37
1.45
1.85
1.97
1.51
2.6
2.36
3.05
3.25
1.333
1.363
1.571
1.65
2.26
1.65
2.26
1.8
3.2
5.3
1.143
1.333
1.98
2.48
1.55
1.6
2.375
3.25
3.1
2.35
1.571
1.35
1.333
2.26
1.65
1.55
2.48
1.98
3.3
4
1.23
1.32
1.8
2.875
1.43
1.571
2.44
1.615
3.55
6.4
1.111
1.285
2.26
2.12
1.74
1.6
2.375
2.34
3.05
3.3
1.32
1.363
1.58
1.63
2.3
1.727
2.14
2.4
3.1
3.45
1.34
1.4
1.615
1.66
2.4
1.54
2.7
1.65
4.1
5.7
1.153
1.26
2.3
2.18
1.78
1.98
1.94
3.2
3.6
2.3
1.65
1.31
1.37
2.35
1.68
2.15
1.8
4.95
4.2
1.71
2.18
1.25
1.19
1.74
2.24
2.7
1.54
2.18
3.6
3.45
1.333
1.31
1.71
1.6
2.52
2.14
1.81
4.7
3.8
1.82
2.04
1.285
1.21
1.615
2.5
2.1
1.833
2.06
3.65
3.75
1.3
1.3
1.8
1.52
2.76
2.24
1.74
3.4
3.5
2.24
1.68
1.32
1.34
2.46
1.63
2.05
1.88
1.78
4.1
4.55
1.222
1.26
2.08
2.35
1.68
2.72
1.533
2.98
3.5
2.48
1.571
1.32
1.42
2.15
1.8
1.98
1.94
2.2
3.4
3.4
1.333
1.333
1.69
1.6
2.46
1.85
2.04
3.35
3.45
2.2
1.69
1.333
1.34
2.44
1.61
2.34
1.66
2.06
3.6
3.6
1.3
1.3
1.79
1.52
2.68
2.4
1.63
1.85
3.75
4.25
1.24
1.285
1.98
2.56
1.56
2.04
1.85
3.2
3.3
2.34
1.615
1.35
1.363
2.3
1.68
1.833
2.06
3.35
3.35
2.26
1.66
1.34
1.34
2.4
1.63
1.82
2.08
3.2
3.3
2.36
1.61
1.35
1.363
2.28
1.69
1.82
2.08
3.55
3.5
2.1
1.76
1.32
1.31
2.62
1.54
2.04
1.85
2.32
3.3
3.25
1.363
1.35
1.63
1.66
2.34
1.8
2.1
2.24
3.55
3.2
1.363
1.31
1.666
1.65
2.35
2.2
1.74
2.3
3.3
3.3
1.35
1.35
1.64
1.65
2.35
1.8
2.1
2.15
3.6
3.15
1.34
1.285
1.68
1.61
2.35
2.375
1.6
2.4
3.6
2.75
1.43
1.285
1.55
1.79
2.05
2.375
1.6
10
6.3
1.25
3.8
1.111
1.04
1.85
1.98
3.6
1.3
29
14
1.05
9.2
1.01
0
2.48
1.55
5.3
1.166
2.35
3.6
2.96
1.41
1.3
1.615
1.74
2.2
2.6
1.55
1.1
11
23
0
1.05
7.4
2.02
1.87
5.1
1.2
2.62
3.6
2.62
1.51
1.3
1.51
1.94
1.94
2.35
1.65
4.2
3.8
1.85
1.98
1.285
1.24
1.59
2.5
2.35
1.65
1.7
3.9
4.7
1.181
1.24
2.12
2.15
1.72
2.375
1.6
