2.32
4
2.78
1.46
1.26
1.63
1.78
2.14
2.54
1.571
2.05
4.15
3.2
1.363
1.25
1.79
1.59
2.48
2.35
1.65
2.26
4
2.86
1.444
1.26
1.66
1.74
2.2
2.46
1.6
2.78
4.05
2.3
1.64
1.25
1.46
2.15
1.77
2.46
1.6
2.05
4.15
3.2
1.363
1.25
1.79
1.59
2.48
2.02
1.87
1.952
4
3.6
1.3
1.26
1.88
1.5
2.75
1.85
2.04
2.66
4
2.4
1.59
1.26
1.49
2.05
1.84
1.76
2.16
3.15
4
2.1
1.76
1.26
1.38
2.42
1.615
1.64
2.375
2.24
4.05
2.875
1.444
1.25
1.666
1.727
2.22
2.18
1.75
2.5
4.15
2.5
1.55
1.25
1.55
1.94
1.94
2.1
1.8
2.35
4
2.74
1.47
1.26
1.615
1.8
2.1
2.52
1.58
2.25
3.35
3.15
1.34
1.31
1.615
1.64
2.28
1.91
1.91
1.833
3.9
4.5
1.222
1.27
2.02
2.5
1.615
2.35
1.68
1.47
5.4
6.2
1.133
1.166
2.76
1.8
2.15
1.65
2.42
2.38
3.3
3.3
1.35
1.35
1.61
1.69
2.34
2.15
1.8
3.1
3.8
2.28
1.66
1.285
1.39
2.32
1.7
2.3
1.71
11
6.3
1.285
3.8
1.133
1.05
2.28
1.72
1.71
2.3
1.56
4
6
1.125
1.23
2.38
1.2
4.7
1.571
2.44
3.125
3.3
2.3
1.59
1.32
1.35
2.25
1.66
1.75
2.1
2.14
3.25
3.55
1.285
1.333
1.68
1.533
2.54
1.85
1.97
3
3
2.55
1.49
1.37
1.37
2.08
1.77
1.5
2.625
2.8
2.9
2.8
1.42
1.4
1.42
1.91
1.91
1.5
2.625
1.75
3.2
5.7
1.133
1.333
2.04
2.44
1.571
1.5
2.625
1.45
3.9
8.9
1.055
1.24
2.68
1.79
2.05
1.55
2.48
2
3.1
4.25
1.21
1.35
1.78
2.96
1.41
1.5
2.625
2.15
2.9
4.05
1.23
1.4
1.68
1.46
2.76
1.5
2.625
1.85
3.3
4.65
1.181
1.32
1.92
1.333
3.35
1.5
2.625
2.18
3.4
3.8
1.3
1.363
1.75
3.4
1.4
1.727
2.32
6.3
4
1.65
2.35
1.285
1.153
1.82
2.18
1.94
2.02
1.26
7
13
1.05
1.125
4.2
1.65
2.48
3.05
1.47
1.6
3.95
7.3
1.125
1.285
2.46
2.05
1.91
1.666
2.44
1.3
6.2
12
1.055
1.153
3.8
1.99
1.97
2.48
1.65
2.375
3.35
3.4
1.363
1.363
1.64
1.68
2.4
1.81
2.18
1.54
4.4
7.2
1.125
1.25
2.62
1.94
2.02
2.06
1.9
9
5
1.42
3.05
1.21
1.085
1.79
2.22
2.48
1.65
2.32
3.5
3.35
1.363
1.34
1.666
1.68
2.4
2.14
1.84
1.98
3.45
4.55
1.23
1.35
1.9
2.875
1.51
1.727
2.32
2.625
3.4
2.94
1.45
1.363
1.54
1.87
2.1
2.12
1.86
1.55
4.333
7.2
1.125
1.25
2.6
1.96
2
2.14
1.84
1.72
3.75
6
1.166
1.31
2.22
2.3
1.74
2
1.96
1.85
3.65
5
1.21
1.32
2.04
2.58
1.61
1.81
2.18
3.15
3.4
2.48
1.59
1.363
1.4
2.25
1.77
1.77
2.24
1.833
3.65
5.1
1.2
1.32
2.06
2.56
1.615
1.86
2.12
6
3.85
1.7
2.26
1.3
1.166
1.77
2.25
2.12
1.86
1.66
4.1
5.9
1.166
1.27
2.34
2.18
1.82
2.2
1.8
7.3
4.35
1.54
2.62
1.25
1.125
2.02
1.94
2.14
1.84
2.04
3.5
4.2
1.26
1.34
1.85
1.47
3.05
1.96
2
1.87
3.6
4.95
1.21
1.333
2.02
1.363
3.6
1.87
2.1
2.04
3.55
4.1
1.27
1.333
1.85
1.48
2.98
1.91
2.05
7.2
4.1
1.58
2.52
1.27
1.125
1.96
2
2.3
1.74
1.727
3.65
6.2
1.153
1.32
2.22
2.32
1.727
2.06
1.909
1.56
4.2
7.3
1.125
1.26
2.56
1.99
1.97
1.77
2.25
1.97
3.6
4.35
1.25
1.333
1.91
1.444
3.15
2
1.96
2.8
3.4
2.75
1.5
1.363
1.48
2
1.96
1.98
1.98
6.4
3.65
1.71
2.24
1.32
1.143
1.75
2.28
2.06
1.909
1.333
5.5
12
1.055
1.181
3.55
2.02
1.952
2.24
1.77
1.42
4.9
9.4
1.08
1.21
3.05
2.26
1.76
2.14
1.84
2.02
3.6
4.1
1.26
1.31
1.833
1.46
2.98
2.05
1.88
1.7
3.9
5.5
1.166
1.27
2.2
2.28
1.72
2.15
1.8
2.38
3.4
3.2
1.37
1.34
1.61
1.71
2.3
1.8
2.15
2
3.5
4.15
1.25
1.32
1.85
1.45
3.05
1.85
2.08
2.25
3.4
3.5
1.32
1.34
1.68
1.61
2.5
1.77
2.2
2.02
3.5
4.1
1.26
1.32
1.833
2.86
1.49
2.15
1.8
2.1
3.5
3.8
1.285
1.32
1.77
3.05
1.444
2.15
1.8
2.6
3.4
2.88
1.444
1.34
1.52
1.86
2.08
2.1
1.833
2.4
3.35
3.2
1.37
1.35
1.6
1.71
2.3
1.88
2.05
2.45
3.35
3.125
1.39
1.35
1.58
1.75
2.22
1.96
1.96
3.8
3.6
2.06
1.8
1.31
1.285
1.46
2.98
2
1.92
7.1
4.3
1.533
2.56
1.24
1.111
2
1.92
2.28
1.72
6.2
4.15
1.6
2.4
1.25
1.133
1.87
2.06
2.15
1.8
4.05
3.6
2
1.85
1.31
1.26
1.5
2.82
2.08
1.85
1.64
3.85
6.4
1.133
1.285
2.32
2.14
1.81
2.02
1.91
2.32
3.65
2.84
1.41
1.27
1.59
1.74
2.12
2.7
1.48
2.52
3.6
2.6
1.48
1.285
1.5
1.88
1.94
2.24
1.666
2.46
3.55
2.7
1.444
1.285
1.533
1.82
2.02
2.34
1.615
1.8
3.85
4.1
1.222
1.25
1.98
2.48
1.55
1.85
1.97
2.52
3.6
2.6
1.48
1.285
1.5
1.88
1.94
1.86
1.96
1.32
5.5
8.5
1.06
1.143
3.3
1.96
1.86
2.92
1.42
1.4
5
6.9
1.09
1.166
2.88
1.68
2.22
2.34
1.615
5.4
4.3
1.56
2.38
1.21
1.143
1.85
1.97
2.76
1.46
2.26
3.55
3
1.37
1.285
1.615
1.68
2.22
2.05
1.79
1.54
4.5
5.3
1.143
1.19
2.42
1.952
1.87
2.24
1.666
2.16
3.65
3.125
1.35
1.27
1.666
1.615
2.34
2.92
1.42
2.64
3.65
2.46
1.533
1.27
1.47
1.99
1.84
2.92
1.42
2.8
3.5
2.5
1.55
1.32
1.45
2.06
1.833
1.97
1.91
5
4.2
1.66
2.26
1.24
1.181
1.75
2.18
2.16
1.76
3.125
3.5
2.3
1.64
1.32
1.38
2.3
1.68
2.1
1.8
3.05
3.5
2.35
1.615
1.32
1.4
2.22
1.72
2.1
1.8
1.25
6.6
11
1.05
1.125
4.1
1.77
2.15
2.7
1.51
1.77
3.75
4.75
1.2
1.285
2.08
2.4
1.63
2.15
1.77
6.5
4.8
1.47
2.74
1.2
1.125
2.1
1.8
2.375
1.64
1.444
4.6
7.6
1.095
1.21
2.84
1.76
2.16
2.22
1.72
1.54
4.2
6.5
1.125
1.24
2.52
1.94
1.94
2.15
1.77
3.3
3.4
2.25
1.666
1.333
1.35
2.4
1.63
1.909
1.97
3.6
3.6
2.05
1.79
1.3
1.3
2.68
1.52
2.1
1.8
1.285
6
10.5
1.055
1.143
3.75
1.86
2.02
2.62
1.54
2.95
3.5
2.4
1.59
1.32
1.42
2.16
1.76
1.87
2.02
5.1
3.8
1.72
2.16
1.285
1.181
1.69
2.28
2.64
1.533
1.38
5
8.5
1.08
1.181
3.125
2.16
1.76
2.5
1.58
2.35
3.5
3.05
1.4
1.32
1.615
1.72
2.22
1.94
1.94
1.65
4
5.4
1.166
1.26
2.28
2.18
1.75
1.88
2
3.6
3.6
2.05
1.79
1.3
1.3
2.68
1.52
2.04
1.85
1.49
4.5
6.7
1.125
1.222
2.68
1.833
2.06
2.54
1.571
1.5
4.3
7
1.111
1.23
2.64
1.82
2.08
2.22
1.72
2.05
3.65
3.55
1.31
1.3
1.79
1.533
2.64
2.15
1.77
2.3
3.5
3.125
1.38
1.32
1.64
1.68
2.3
2
1.88
5.2
4.15
1.64
2.3
1.25
1.181
1.77
2.15
2.18
1.75
1.75
3.8
4.85
1.19
1.285
2.12
2.35
1.65
2.1
1.8
2.375
3.6
2.92
1.42
1.3
1.6
1.76
2.16
2.14
1.78
1.8
3.75
4.55
1.21
1.285
2.04
2.44
1.61
2.46
1.6
3.8
3.6
2
1.833
1.3
1.285
1.47
2.85
2.06
1.833
2.8
3.5
2.5
1.55
1.32
1.45
2.06
1.833
1.98
1.9
2.375
3.5
2.98
1.41
1.32
1.6
1.74
2.2
2.02
1.87
1.91
3.6
4.15
1.25
1.3
1.92
2.72
1.51
1.8
2.1
3.125
3.6
2.25
1.666
1.3
1.38
2.32
1.666
2.18
1.75
2.22
3.55
3.25
1.363
1.31
1.68
1.63
2.4
2.18
1.75
4.75
3.75
1.77
2.08
1.285
1.2
1.63
2.4
2.22
1.72
1.25
6.5
12
1.04
1.125
4.1
1.75
2.18
2.75
1.5
3.6
3.6
2.05
1.79
1.3
1.3
1.444
2.95
2.32
1.666
1.5
4.3
7
1.111
1.23
2.64
1.87
2.02
2.22
1.72
12
6.5
1.25
4.1
1.125
1.04
2.18
1.75
2.75
1.5
2.8
3.4
2.45
1.533
1.3
1.42
2.05
1.79
1.99
1.833
1.615
4.35
4.8
1.181
1.2
2.26
2.08
1.77
2.82
1.444
2.88
3.5
2.35
1.571
1.285
1.4
2.12
1.74
2.1
1.75
2.88
3.5
2.35
1.571
1.285
1.4
2.12
1.74
2
1.833
1.59
4.2
5.2
1.153
1.222
2.32
2.06
1.78
2.1
1.75
2.74
3.55
2.42
1.54
1.285
1.444
2.04
1.8
2.2
1.69
1.68
3.85
4.9
1.166
1.25
2.14
2.2
1.69
2.48
1.55
1.85
3.8
3.95
1.24
1.25
1.92
2.54
1.533
2.18
1.7
1.71
3.9
4.6
1.181
1.24
2.1
2.28
1.64
2.05
1.79
2
3.6
3.55
1.285
1.285
1.78
1.49
2.66
1.96
1.86
2.45
3.55
2.72
1.444
1.285
1.533
1.81
2.02
2.48
1.55
2.625
3.6
2.5
1.51
1.285
1.47
1.96
1.86
2.56
1.52
2.75
3.75
2.34
1.58
1.26
1.43
2.08
1.77
2.92
1.42
2.9
3.7
2.26
1.615
1.27
1.4
2.18
1.7
2.12
1.74
1.7
3.95
4.6
1.181
1.24
2.12
2.24
1.666
2.92
1.42
2.84
3.75
2.28
1.6
1.26
1.41
2.15
1.72
2.76
1.46
6.1
4.7
1.47
2.625
1.181
1.125
2.02
1.81
2.46
1.56
2.4
3.65
2.72
1.444
1.27
1.55
1.8
2.04
2.56
1.52
2.22
3.7
2.95
1.38
1.27
1.64
1.68
2.22
2.76
1.46
1.47
4.75
6
1.125
1.181
2.625
1.79
2.05
3.15
1.37
3.65
3.8
1.92
1.85
1.25
1.27
1.49
2.66
2.56
1.52
4.2
4
1.75
2.04
1.23
1.222
1.6
2.375
2.35
1.61
1.727
4
4.35
1.2
1.23
2.08
2.3
1.63
2.42
1.58
2.48
3.55
2.68
1.45
1.285
1.52
1.84
1.99
2.1
1.75
3.5
3.6
2.02
1.76
1.285
1.285
2.6
1.51
2.12
1.74
3.8
3.65
1.92
1.85
1.27
1.25
2.82
1.444
2.1
1.75
2.2
3.55
3.1
1.35
1.285
1.65
1.63
2.3
2.42
1.58
1.92
3.6
3.85
1.25
1.285
1.85
2.7
1.48
2.25
1.66
2.06
3.8
3.25
1.333
1.25
1.74
1.56
2.46
3.15
1.37
4.5
4.2
1.666
2.16
1.222
1.19
1.69
2.2
2.25
1.66
3.75
3.7
1.92
1.85
1.27
1.26
1.49
2.66
3.2
1.363
1.666
4.2
4.55
1.19
1.222
2.16
2.2
1.69
2.24
1.666
8.8
6
1.285
3.5
1.125
1.055
2.06
1.78
2.92
1.42
4.9
4.55
1.58
2.34
1.19
1.166
1.833
1.99
2.92
1.42
2.3
3.65
2.85
1.41
1.27
1.59
1.727
2.14
1.92
1.9
5.8
5
1.46
2.66
1.166
1.125
2.05
1.79
2.4
1.59
2.26
3.1
3.85
1.285
1.39
1.666
1.55
2.66
1.61
2.5
2.5
3
3.4
1.34
1.41
1.56
1.7
2.32
1.46
2.98
2.2
2.98
4.25
1.24
1.42
1.7
1.49
2.86
1.39
3.3
2.18
3.15
4
1.26
1.38
1.71
1.51
2.8
1.56
2.64
1.76
3.4
6.1
1.143
1.34
2.12
1.26
4.4
1.571
2.62
1.76
3.45
5.9
1.153
1.333
2.12
1.27
4.3
1.63
2.46
2.32
3.05
3.75
1.3
1.4
1.64
1.59
2.55
1.52
2.76
2.12
3.1
4.333
1.23
1.39
1.75
1.46
2.98
1.52
2.76
2.02
3.2
4.6
1.21
1.37
1.833
1.41
3.2
1.59
2.56
2.42
2.98
3.4
1.333
1.41
1.58
1.66
2.34
1.51
2.72
2.24
2.9
4
1.26
1.43
1.666
1.51
2.72
1.42
3.05
1.41
4.3
10
1.06
1.23
2.98
1.66
2.34
1.571
2.54
2.9
3
2.75
1.47
1.41
1.43
1.99
1.89
1.54
2.62
3.2
3
2.54
1.533
1.41
1.363
2.2
1.74
1.55
2.58
1.84
3.2
5.4
1.166
1.363
1.99
1.3
3.8
1.55
2.58
2.4
3
2.92
1.333
1.31
1.47
1.7
2.08
1.55
2.36
6.4
3.7
1.5
2.32
1.21
1.065
1.85
1.89
2.16
1.65
5.3
3.8
1.65
2.2
1.25
1.143
1.7
2.18
1.87
1.952
2.45
3.3
2.88
1.4
1.32
1.533
1.77
2.08
1.8
2.04
2.15
3.35
3.4
1.3
1.31
1.68
1.56
2.46
1.7
2.18
3.125
3.3
2.3
1.59
1.32
1.35
2.25
1.66
1.75
2.1
2.3
3.4
3.05
1.363
1.3
1.59
1.68
2.22
1.82
2.02
1.615
3.75
6.4
1.125
1.285
2.35
2.1
1.8
1.94
1.94
1.55
4.2
6.3
1.133
1.24
2.5
1.96
1.92
2.22
1.72
1.38
4.75
9.4
1.065
1.2
3.125
2.2
1.74
2
1.88
2.2
3.5
3.3
1.35
1.32
1.69
1.615
2.42
1.88
2
3.6
3.6
2.05
1.79
1.3
1.3
2.68
1.52
2
1.88
2.34
3.5
3.05
1.4
1.32
1.615
1.71
2.24
1.85
2.04
4.4
3.65
1.85
1.98
1.3
1.222
3.25
1.38
1.84
2.05
2.2
3.55
3.3
1.35
1.31
1.69
1.615
2.42
2.05
1.84
2.2
3.45
3.55
1.32
1.333
1.7
1.59
2.55
1.92
2
2.25
3.45
3.45
1.333
1.333
1.68
1.615
2.5
1.92
2
3.1
3.3
2.5
1.56
1.35
1.39
2.2
1.77
1.9
2.02
3.05
3.55
2.4
1.6
1.32
1.4
2.22
1.75
2.2
1.77
1.8
3.75
4.9
1.2
1.3
2.06
1.34
3.65
2.32
1.7
2.48
3.65
2.875
1.444
1.3
1.571
1.82
2.12
2.18
1.78
1.43
4.65
9
1.075
1.21
2.92
2.3
1.71
2.22
1.75
1.055
15
23
0
1.005
8.8
1.6
2.375
4.05
1.25
1.2
7
12
1.022
1.09
4.4
1.6
2.375
2.26
1.65
5.7
3.9
1.6
2.3
1.24
1.133
4.35
1.222
1.8
2.04
2.6
3.3
2.7
1.444
1.32
1.48
1.87
1.952
1.65
2.26
12
6.5
1.222
4.1
1.1
1.022
2.375
1.6
2.375
1.6
2.6
3.1
2.85
1.41
1.35
1.48
1.82
2.02
1.6
2.375
2.1
3.3
3.6
1.285
1.32
1.71
1.51
2.6
1.7
2.18
2.12
3.25
3.6
1.285
1.333
1.69
1.52
2.56
2.04
1.8
1.76
3.5
4.9
1.166
1.285
2.02
2.375
1.6
2.44
1.571
1.88
3.4
4.3
1.21
1.3
1.89
1.37
3.15
2.04
1.8
1.37
4.3
10.5
1.035
1.21
3
2.12
1.74
2.625
1.5
2.5
3.45
2.72
1.444
1.3
1.51
1.833
1.99
2.48
1.55
1.75
3.6
4.8
1.181
1.285
2.04
2.4
1.59
1.65
2.26
4.8
3.6
1.75
2.04
1.285
1.181
3.6
1.3
1.65
2.26
1.75
3.5
4.95
1.166
1.285
2.04
2.4
1.59
1.65
2.26
1.45
4.1
8
1.07
1.222
2.68
1.833
1.99
1.7
2.18
1.4
4.4
8.6
1.06
1.2
2.88
2.3
1.63
1.75
2.1
1.9
3.3
4.35
1.2
1.32
1.87
1.37
3.15
1.65
2.26
1.333
5.3
8.4
1.06
1.143
3.2
2
1.833
1.91
1.91
2.25
3.2
3.3
1.32
1.333
1.615
1.61
2.35
1.65
2.26
3.05
3.3
2.55
1.54
1.35
1.4
2.15
1.8
1.65
2.42
2.08
3.4
4
1.26
1.34
1.78
3.05
1.444
1.87
2.06
2.16
3.45
3.65
1.3
1.333
1.727
1.56
2.64
1.79
2.16
2.5
3.3
3.1
1.39
1.35
1.56
1.77
2.2
1.7
2.32
2.05
3.55
3.9
1.27
1.32
1.81
1.49
2.86
1.9
2.02
1.59
3.95
6.9
1.125
1.27
2.42
2.08
1.85
1.87
2.06
2.34
3.3
3.4
1.34
1.35
1.63
1.65
2.42
1.79
2.16
2.12
3.45
3.8
1.285
1.333
1.75
1.533
2.72
1.85
2.08
2.28
3.25
3.6
1.31
1.363
1.66
3.5
1.363
1.58
2.58
3.25
3.55
2.3
1.65
1.32
1.363
2.35
1.68
2.1
1.833
1.571
4.15
6.1
1.133
1.25
2.45
2.02
1.87
2.06
1.833
2.02
3.45
3.9
1.27
1.333
1.82
1.47
2.85
1.9
1.98
1.96
3.45
4.15
1.25
1.333
1.87
1.43
3
1.833
2.06
2.08
3.45
3.7
1.3
1.333
1.77
1.51
2.72
2.08
1.82
1.5
4.25
7.2
1.111
1.24
2.64
1.92
1.96
1.92
1.96
1.25
5.9
11
1.03
1.125
3.8
1.79
2.04
2.68
1.48
1.3
5.5
9.2
1.05
1.143
3.4
1.952
1.87
2.36
1.6
2.22
3.4
3.2
1.333
1.3
1.64
1.61
2.34
1.88
1.94
3.1
3.4
2.26
1.615
1.3
1.35
2.26
1.65
1.98
1.84
3.1
3.3
2.3
1.59
1.32
1.35
2.24
1.66
1.91
1.91
1.66
3.7
5.4
1.143
1.27
2.18
2.2
1.69
1.98
1.84
2.26
3.4
3.1
1.35
1.3
1.615
1.65
2.26
2.04
1.79
1.75
3.6
4.8
1.181
1.285
2.04
2.375
1.6
1.952
1.87
2.25
3.25
3.25
1.333
1.333
1.615
1.615
2.34
1.833
1.99
2.85
3.25
2.5
1.51
1.333
1.41
2.05
1.79
1.63
2.3
1.35
5
8.5
1.06
1.166
3.125
2.1
1.75
2.04
1.8
1.42
4.5
7.6
1.075
1.19
2.8
1.74
2.12
1.72
2.15
2.74
3.25
2.6
1.48
1.333
1.444
1.96
1.86
1.58
2.42
3.25
3.25
2.25
1.615
1.333
1.333
2.34
1.615
1.87
1.952
2.3
3.25
3.15
1.34
1.333
1.59
1.65
2.26
1.72
2.15
2.85
3.25
2.5
1.51
1.333
1.41
2.05
1.79
1.63
2.3
1.153
10
23
1.013
1.075
6.1
2.38
1.68
1.88
2.08
1.6
4.5
5.9
1.166
1.24
2.46
1.97
1.97
1.71
2.32
5.2
4.1
1.727
2.22
1.27
1.19
1.74
2.26
2.46
1.64
2.24
3.65
3.4
1.363
1.32
1.71
1.63
2.48
2.2
1.78
1.63
4.4
5.8
1.166
1.25
2.4
2.06
1.89
2.52
1.615
1.65
4.1
6
1.166
1.27
2.35
2.15
1.82
2.25
1.75
2.56
3.5
2.95
1.444
1.34
1.56
1.84
2.12
2.04
1.9
3.125
3.55
2.42
1.615
1.333
1.41
2.25
1.75
2.26
1.74
2.22
3.6
3.5
1.34
1.333
1.72
1.61
2.54
2.26
1.74
2.42
3.4
3.25
1.38
1.363
1.615
1.72
2.3
2.04
1.9
2.75
3.4
2.8
1.48
1.363
1.5
1.952
1.99
2.34
1.7
2.3
3.5
3.4
1.363
1.34
1.68
1.65
2.44
2.44
1.65
3.4
3.55
2.28
1.69
1.333
1.363
2.44
1.65
2.34
1.7
2.88
3.45
2.64
1.533
1.35
1.46
2.06
1.89
2.12
1.833
2.88
3.45
2.64
1.533
1.35
1.46
2.06
1.89
2.48
1.63
2.12
3.65
3.7
1.32
1.32
1.79
1.55
2.7
2.3
1.72
2.14
3.65
3.65
1.32
1.32
1.77
1.56
2.68
2.26
1.74
1.97
3.85
4.05
1.285
1.3
1.91
1.46
3.05
2.2
1.78
1.1
14
31
1.001
1.04
8.2
1.833
2.12
2
1.94
1.444
4.7
9.1
1.085
1.222
2.95
1.74
2.28
2.44
1.65
2.12
3.65
3.7
1.32
1.32
1.79
1.55
2.7
2.12
1.833
8.2
4.4
1.5
2.75
1.25
1.1
2.12
1.84
2.875
1.5
2.04
3.8
3.8
1.3
1.3
1.85
1.51
2.84
2.52
1.615
1.7
3.9
5.9
1.166
1.3
2.26
2.22
1.77
2.34
1.7
2.25
3.5
3.5
1.34
1.34
1.7
1.615
2.52
2.12
1.833
1.7
3.9
5.9
1.166
1.3
2.26
2.24
1.76
2.2
1.78
4.3
3.55
1.96
1.88
1.32
1.24
1.51
2.8
1.9
2.02
1.96
3.45
4.45
1.222
1.333
1.88
2.76
1.52
2.1
1.833
1.74
3.75
5.4
1.166
1.3
2.14
2.35
1.68
1.79
2.16
1.96
3.65
4.15
1.25
1.3
1.88
2.76
1.52
2.05
1.88
2.3
3.3
3.125
1.35
1.32
1.59
1.66
2.25
2.04
1.8
1.65
3.9
5.1
1.153
1.24
2.2
2.18
1.7
1.85
1.97
2.48
3.2
2.92
1.39
1.333
1.52
1.77
2.08
1.7
2.18
2.92
3.3
2.42
1.54
1.32
1.39
2.1
1.75
2.05
1.79
2.4
3.3
2.95
1.38
1.32
1.55
1.727
2.14
1.86
1.96
1.4
4.7
7.6
1.075
1.181
2.88
1.69
2.2
1.94
1.88
2
3.35
3.85
1.25
1.31
1.78
1.45
2.8
1.7
2.18
2.25
3.4
3.125
1.35
1.3
1.615
1.64
2.28
1.76
2.08
2.76
3.2
2.6
1.48
1.333
1.43
1.97
1.85
1.8
2.04
2.05
3.45
3.55
1.285
1.3
1.74
1.51
2.6
1.61
2.35
4.45
3.8
1.65
2.04
1.2
1.153
1.63
2.2
1.45
2.64
1.38
4.65
6.5
1.06
1.133
2.68
1.65
2.15
1.6
2.25
1.6
3.9
4.75
1.133
1.19
2.12
2.08
1.7
1.6
2.25
1.5
3.9
5.9
1.08
1.19
2.32
1.88
1.86
1.65
2.16
1.5
4
5.7
1.085
1.181
2.32
1.89
1.85
2.25
1.6
2.5
3.3
2.56
1.42
1.26
1.444
1.85
1.89
1.7
2.08
2.34
3.55
2.6
1.41
1.23
1.49
1.78
1.97
2.36
1.55
2.4
3.2
2.75
1.363
1.285
1.47
1.75
2
2.04
1.727
2.6
3.25
2.5
1.444
1.27
1.41
1.92
1.82
2.08
1.7
2.72
3.15
2.45
1.45
1.285
1.37
1.97
1.78
1.65
2.15
2.1
3.35
3.15
1.285
1.25
1.61
1.56
2.34
2.16
1.65
1.222
5.7
10
1.004
1.085
3.6
1.74
2.02
1.68
2.1
2.625
3.2
2.5
1.444
1.285
1.4
1.92
1.82
1.909
1.833
4.25
3.5
1.75
1.909
1.23
1.166
1.55
2.36
1.97
1.78
2.54
3.3
2.52
1.43
1.26
1.42
1.92
1.82
2.14
1.66
3.15
3.45
2.05
1.64
1.24
1.285
2.38
1.54
2.42
1.52
2.78
3.35
2.3
1.51
1.25
1.363
2.06
1.71
2.08
1.7
5.7
4
1.5
2.32
1.181
1.085
1.94
1.8
2.08
1.7
1.65
3.65
4.7
1.133
1.222
2.04
2.1
1.68
2.08
1.7
1.32
5
7.4
1.04
1.125
2.95
2.04
1.727
2.48
1.5
2
3.4
3.35
1.25
1.25
1.68
1.49
2.5
2.04
1.727
2.68
3.3
2.4
1.47
1.26
1.38
2
1.75
2.16
1.65
1.7
3.6
4.4
1.153
1.222
1.97
2.28
1.58
2.08
1.7
2.25
3.3
2.9
1.333
1.26
1.533
1.69
2.1
2.05
1.72
2.4
3.2
2.75
1.363
1.285
1.47
1.75
2
2.04
1.727
2.05
3.35
3.25
1.27
1.25
1.64
1.55
2.36
2.05
1.72
2.6
3.25
2.5
1.444
1.27
1.41
1.94
1.8
1.85
1.89
2.2
3.3
3
1.31
1.26
1.56
1.65
2.16
2.08
1.7
2.75
3.2
2.4
1.47
1.285
1.363
2
1.75
2.08
1.7
3.65
3.6
1.85
1.8
1.222
1.222
1.46
2.6
1.89
1.85
2.98
3.55
2.1
1.61
1.23
1.32
2.26
1.59
2.08
1.7
4.15
3.7
1.72
1.94
1.21
1.166
3.2
1.32
2.36
1.55
2.2
3.5
2.84
1.34
1.23
1.56
1.66
2.14
2.08
1.7
1.9
3.45
3.6
1.222
1.24
1.75
1.43
2.7
1.94
1.8
1.9
3.45
3.6
1.222
1.24
1.75
1.43
2.7
1.94
1.8
2.1
3.3
3.6
1.285
1.32
1.71
1.51
2.6
2.15
1.72
2
3.3
3.9
1.24
1.32
1.78
2.875
1.43
1.91
1.91
1.94
3.4
4
1.23
1.3
1.833
2.76
1.46
2.04
1.8
2.1
3.3
3.6
1.285
1.32
1.71
1.51
2.6
1.99
1.833
1.85
3.5
4.3
1.21
1.285
1.92
2.54
1.533
2.18
1.7
1.97
3.2
4.5
1.222
1.363
1.86
1.39
3.2
1.55
2.58
1.76
3.5
5.3
1.166
1.32
2.1
1.285
3.95
1.5
2.74
3.6
3.1
2.26
1.66
1.39
1.3
2.52
1.58
1.55
2.58
4
3.2
2.08
1.77
1.363
1.26
2.84
1.47
1.58
2.5
1.9
3.2
4.9
1.19
1.363
1.93
1.35
3.45
1.5
2.74
1.77
3.4
5.5
1.166
1.333
2.08
1.285
3.95
1.55
2.58
2.26
3.1
3.6
1.3
1.39
1.66
1.58
2.5
1.5
2.74
1.6
3.8
6.5
1.125
1.285
2.38
2.1
1.8
1.8
2.1
1.63
3.6
6.6
1.125
1.3
2.32
1.21
4.85
1.58
2.5
1.615
4
6.4
1.133
1.26
2.36
2.08
1.85
2.08
1.85
1.8
3.6
5.2
1.181
1.31
2.06
2.46
1.63
2.08
1.85
4.05
3.6
2
1.85
1.31
1.26
2.98
1.46
2.02
1.9
2.1
3.45
3.85
1.285
1.333
1.77
1.51
2.8
1.952
1.97
3.05
3.55
2.42
1.59
1.32
1.4
2.22
1.76
1.97
1.952
4.1
3.7
1.9
1.93
1.3
1.25
3.05
1.42
2.375
1.64
6.5
4.5
1.5
2.64
1.222
1.125
2.05
1.84
3.15
1.4
2.15
3.55
3.4
1.333
1.31
1.727
1.58
2.52
2.46
1.6
3.5
3.55
2.1
1.76
1.31
1.32
2.6
1.55
2.18
1.75
6
3.3
1.7
2.12
1.32
1.125
1.64
2.28
1.6
2.375
2.5
3.3
2.95
1.42
1.35
1.55
1.79
2.12
1.7
2.26
3.7
3.3
2.14
1.727
1.35
1.3
2.64
1.533
1.85
2.04
3
3.3
2.46
1.571
1.35
1.41
2.16
1.76
1.75
2.18
1.82
3.5
4.8
1.2
1.32
2.02
2.54
1.571
1.7
2.26
5.3
3.8
1.7
2.18
1.285
1.166
1.69
2.28
1.9
1.98
1.25
6.1
13
1.035
1.133
4.1
1.79
2.12
2.14
1.78
1.75
3.6
5.2
1.181
1.3
2.12
2.4
1.63
1.7
2.26
1.222
8
14
1.04
1.111
4.7
2.06
1.89
2.28
1.74
2.08
3.4
4.15
1.27
1.363
1.82
3.1
1.45
1.72
2.3
1.68
4
5.9
1.166
1.285
2.3
2.18
1.8
2.1
1.85
1.99
3.7
4.1
1.27
1.32
1.89
2.84
1.51
2.1
1.85
2.4
3.45
3.25
1.38
1.35
1.63
1.71
2.32
1.9
2.04
1.571
4.25
7
1.125
1.26
2.54
1.99
1.952
2.25
1.75
4
3.4
2.12
1.79
1.363
1.285
2.84
1.51
1.88
2.08
13
7
1.26
4.2
1.125
1.05
1.74
2.26
1.85
2.1
2.05
3.45
4.2
1.26
1.35
1.84
2.98
1.47
1.85
2.1
1.09
15
34
0
1.036
8.8
1.727
2.3
2.48
1.63
1.65
3.95
6.4
1.143
1.285
2.35
2.15
1.82
2.1
1.85
15
6.4
1.26
4.2
1.143
1.036
2.25
1.75
1.89
2.06
3.3
3.4
2.4
1.63
1.363
1.37
2.34
1.7
1.9
2.04
2.62
3.45
2.9
1.46
1.35
1.54
1.87
2.08
1.89
2.06
2.9
3.5
2.6
1.55
1.34
1.46
2.08
1.87
1.92
2.02
1.65
4.05
6.2
1.153
1.285
2.35
2.12
1.833
2.25
1.75
1.3
6
13
1.05
1.166
3.8
1.88
2.08
2.48
1.63
2.8
3.4
2.75
1.5
1.363
1.48
1.99
1.952
2
1.94
1.9
3.5
4.9
1.21
1.34
1.98
2.68
1.56
1.72
2.3
1.68
3.9
6.1
1.153
1.3
2.3
2.22
1.77
1.9
2.04
7.2
4.333
1.55
2.6
1.25
1.125
1.94
2
1.9
2.04
1.9
3.6
4.75
1.222
1.333
1.98
2.64
1.571
1.9
2.04
1.111
12
31
1.001
1.055
7.6
1.7
2.34
2.3
1.72
2.44
3.3
3.3
1.37
1.37
1.61
1.71
2.32
1.89
2.06
1.952
3.5
4.6
1.23
1.34
1.93
2.75
1.533
1.99
1.952
2.65
3.35
2.95
1.444
1.363
1.533
1.87
2.08
1.9
2.04
1.5
4.6
7.6
1.111
1.23
2.75
1.85
2.1
2.04
1.9
9.7
5.5
1.37
3.3
1.181
1.08
1.88
2.08
2.875
1.5
1.98
3.7
3.9
1.285
1.31
1.88
1.48
2.9
2.04
1.88
2.05
3.4
4
1.27
1.35
1.82
1.48
2.9
1.71
2.3
2
3.4
4.2
1.25
1.35
1.86
1.444
3.05
1.78
2.18
1.94
3.4
4.5
1.23
1.35
1.92
1.4
3.25
1.71
2.3
2.52
3.2
3.1
1.4
1.38
1.56
1.78
2.18
1.71
2.3
2.55
3.2
3.05
1.41
1.38
1.55
1.8
2.15
1.74
2.24
2.46
3.3
3.1
1.4
1.363
1.59
1.75
2.22
1.71
2.3
1.533
4.1
7.4
1.111
1.26
2.6
1.94
1.98
1.92
2
2.15
3.3
3.8
1.3
1.363
1.75
1.533
2.72
1.66
2.4
2.2
3.4
3.55
1.333
1.35
1.72
1.59
2.55
1.85
2.08
1.833
3.6
4.8
1.21
1.32
2.04
1.35
3.55
1.75
2.22
2.08
3.2
3.8
1.25
1.333
1.72
1.48
2.7
1.72
2.15
2.25
3.2
3.3
1.32
1.333
1.615
1.61
2.35
2.02
1.81
1.89
3.3
4.4
1.2
1.32
1.88
2.66
1.49
1.86
1.96
2.62
3
2.92
1.39
1.37
1.47
1.81
2.02
1.72
2.15
2.62
3
2.92
1.39
1.37
1.47
1.81
2.02
1.55
2.5
1.9
3.4
4.2
1.222
1.3
1.87
2.7
1.48
2.15
1.72
3
3.2
2.42
1.54
1.333
1.37
2.14
1.727
1.96
1.86
1.75
3.5
4.95
1.166
1.285
2.04
2.4
1.59
1.97
1.85
1.833
3.3
4.75
1.181
1.32
1.94
2.56
1.52
1.78
2.06
4.3
3.25
1.93
1.84
1.333
1.21
1.47
2.72
1.8
2.04
1.55
3.7
7
1.09
1.27
2.4
1.99
1.833
1.833
1.99
2.24
3.1
3.45
1.3
1.35
1.63
1.571
2.44
1.571
2.44
1.76
3.3
5.3
1.143
1.32
2.02
2.44
1.571
1.66
2.25
1.82
3.4
4.65
1.181
1.3
1.952
2.48
1.55
1.99
1.833
2.18
3.1
3.6
1.285
1.35
1.66
1.533
2.54
1.66
2.25
2.6
3.2
2.76
1.43
1.333
1.48
1.85
1.97
1.81
2.02
2.85
3.1
2.6
1.48
1.35
1.41
2.02
1.82
1.8
2.04
1.93
3.3
4.2
1.222
1.32
1.84
2.8
1.45
1.68
2.22
1.72
3.4
5.5
1.143
1.3
2.08
2.34
1.615
1.833
1.99
1.9
3.35
4.3
1.21
1.31
1.87
2.7
1.48
1.91
1.91
3.05
2.98
2.54
1.5
1.38
1.363
2.1
1.75
1.72
2.15
2.22
2.98
3.7
1.27
1.38
1.64
1.533
2.54
1.65
2.26
1.58
3.6
6.8
1.095
1.285
2.34
2.06
1.78
1.69
2.2
2.74
3.05
2.74
1.444
1.363
1.444
1.91
1.91
1.58
2.42
2.3
3.15
3.25
1.333
1.34
1.59
1.63
2.3
1.72
2.15
1.82
3.35
4.75
1.181
1.31
1.952
2.56
1.52
1.65
2.26
2.78
3
2.74
1.444
1.37
1.43
1.92
1.9
1.5
2.625
1.88
3.3
4.5
1.19
1.32
1.89
2.66
1.49
1.75
2.1
1.7
3.7
5
1.166
1.27
2.12
2.28
1.64
1.96
1.86
2.6
3.1
2.85
1.41
1.35
1.48
1.82
2.02
1.615
2.34
2.28
2.92
3.6
1.285
1.39
1.6
1.56
2.46
1.72
2.15
2.15
3.2
3.55
1.285
1.333
1.68
1.533
2.54
1.69
2.2
2.6
3.05
2.9
1.4
1.363
1.48
1.81
2.02
1.65
2.26
3.1
3.2
2.38
1.56
1.333
1.35
2.2
1.69
1.91
1.91
1.615
3.6
6.2
1.111
1.285
2.26
2.12
1.74
1.59
2.4
1.78
3.4
4.95
1.166
1.3
2
2.46
1.56
1.72
2.15
1.55
3.7
7
1.09
1.27
2.4
1.99
1.833
1.72
2.15
2.06
3.2
3.85
1.25
1.333
1.74
1.47
2.72
1.66
2.25
2.18
3.15
3.55
1.285
1.34
1.66
1.54
2.52
1.66
2.25
3
3.2
2.7
1.51
1.39
1.43
2.08
1.87
1.6
2.56
1.333
5.7
11
1.065
1.166
3.55
2
1.94
2.48
1.63
2.28
3.35
3.6
1.333
1.363
1.69
1.61
2.54
1.97
1.97
2.1
3.45
4
1.285
1.35
1.8
1.5
2.875
1.72
2.3
2.14
3.5
3.8
1.3
1.34
1.77
1.54
2.74
1.82
2.15
4.3
3.65
1.97
1.91
1.32
1.25
3.1
1.45
1.8
2.18
2.34
3.3
3.5
1.34
1.37
1.66
1.64
2.46
1.92
2.02
1.26
6.6
15
1.036
1.143
4.2
1.88
2.08
2.38
1.68
1.41
4.9
10
1.075
1.21
3.1
2.2
1.78
2.18
1.8
1.75
3.8
5.5
1.181
1.3
2.18
2.25
1.75
2.1
1.85
1.92
3.6
4.6
1.23
1.333
1.96
2.7
1.55
1.85
2.1
1.47
4.85
7.8
1.111
1.21
2.85
1.8
2.18
2.08
1.87
1.4
5.2
9.2
1.085
1.19
3.15
2.2
1.79
2.2
1.78
7.7
4.9
1.47
2.85
1.21
1.111
1.666
2.4
2.25
1.75
2.86
3.35
2.72
1.51
1.363
1.47
2.02
1.92
1.85
2.1
2.8
3.35
2.8
1.48
1.363
1.48
1.97
1.97
1.77
2.22
2
3.4
4.5
1.24
1.363
1.88
1.42
3.2
1.9
2.04
2.88
3.3
2.74
1.5
1.37
1.46
2.02
1.92
1.85
2.1
4.1
3.5
2.06
1.833
1.34
1.27
2.95
1.48
1.952
1.99
1.39
5
10.5
1.07
1.21
3.2
2.16
1.81
2.15
1.82
1.8
3.6
5.5
1.181
1.333
2.1
2.44
1.65
1.9
2.04
2.3
3.3
3.6
1.333
1.37
1.68
1.615
2.52
1.94
2
3.3
3.3
2.45
1.61
1.37
1.37
2.3
1.72
1.92
2.02
3.9
3.4
2.15
1.77
1.363
1.3
2.75
1.533
1.89
2.06
1.4
5
9.9
1.075
1.21
3.15
0
0
2.15
1.82
1.85
3.6
5.1
1.2
1.333
2.04
2.54
1.61
1.97
1.97
2.2
3.3
3.9
1.3
1.37
1.74
1.54
2.74
1.78
2.2
1.3
6
13
1.05
1.166
3.8
1.88
2.08
2.34
1.7
1.51
4.2
8.7
1.09
1.26
2.72
1.85
2.1
2.34
1.7
3.6
3.4
2.26
1.7
1.363
1.333
2.56
1.6
2.02
1.92
2.24
3.25
3.6
1.32
1.37
1.69
1.59
2.55
1.78
2.18
2.12
3
4.45
1.23
1.444
1.77
1.444
3.05
1.8
2.15
2.32
3.15
3.55
1.333
1.39
1.65
1.615
2.5
1.7
2.32
2.9
3
2.84
1.46
1.42
1.444
1.98
1.94
1.8
2.15
1.9
3.5
4.55
1.222
1.333
1.96
1.39
3.3
1.68
2.35
1.63
3.8
6.5
1.133
1.3
2.36
2.18
1.78
1.92
2
2.54
2.84
3.5
1.333
1.49
1.56
1.69
2.34
1.72
2.28
3.4
3.1
2.42
1.6
1.4
1.35
2.35
1.68
1.9
2.02
2.66
3
3.1
1.4
1.42
1.51
1.82
2.12
1.8
2.15
3.1
3
2.66
1.51
1.42
1.4
2.12
1.82
1.8
2.15
1.45
4.3
5.9
1.08
1.166
2.46
1.8
1.94
1.909
1.833
2.25
3.1
3.05
1.3
1.3
1.533
1.63
2.2
1.6
2.25
2.2
3.2
3.05
1.3
1.285
1.56
1.61
2.22
1.65
2.16
1.8
3.3
4.25
1.166
1.26
1.85
2.54
1.48
1.6
2.25
2
3.3
3.45
1.24
1.26
1.68
1.48
2.54
1.7
2.08
2.625
3.2
2.5
1.444
1.285
1.4
1.92
1.82
1.8
1.94
2.4
3.1
2.82
1.35
1.3
1.47
1.727
2.04
1.7
2.08
2
3.35
3.4
1.25
1.25
1.68
1.48
2.54
1.89
1.85
2.55
3.65
2.34
1.49
1.222
1.42
1.96
1.79
1.89
1.85
4.1
3.8
1.71
1.952
1.2
1.181
1.58
2.28
2.08
1.7
1.2
6.8
16
1.018
1.111
4.75
2.18
1.75
1.94
1.94
2.44
3.3
2.9
1.4
1.32
1.533
1.76
2.08
1.65
2.26
1.4
5.5
6.2
1.111
1.143
2.88
1.78
2.06
2.04
1.8
1.34
5
8.9
1.055
1.166
3.15
2.14
1.727
1.7
2.18
1.75
3.6
4.8
1.181
1.285
2.04
2.375
1.6
2.02
1.82
13
6.8
1.2
4.4
1.095
1.016
1.76
2.08
2.48
1.55
1.125
9.4
16
1.001
1.045
5.8
1.6
2.375
2.76
1.46
9.9
5.9
1.27
3.65
1.125
1.04
1.97
1.85
2.18
1.7
3.95
3.3
2.1
1.78
1.363
1.285
2.82
1.5
1.94
1.98
4
3.4
1.94
1.833
1.3
1.23
2.92
1.42
1.77
2.08
1.666
3.6
5.5
1.143
1.285
2.16
2.24
1.666
1.833
1.99
1.78
3.35
5.1
1.153
1.31
2
2.46
1.56
1.68
2.22
2.9
3.1
2.56
1.49
1.35
1.4
2.04
1.8
1.66
2.25
1.61
3.5
6.6
1.1
1.285
2.26
2.12
1.74
1.68
2.22
2.1
3.2
3.7
1.27
1.333
1.71
1.5
2.625
1.71
2.16
2.1
3.1
3.85
1.25
1.35
1.71
1.48
2.7
1.68
2.22
3.55
3.2
2.16
1.666
1.333
1.285
2.54
1.533
1.66
2.25
1.444
4.15
8
1.07
1.222
2.7
1.78
2.06
1.76
2.08
1.56
3.8
6.5
1.1
1.25
2.38
1.99
1.833
2.04
1.8
2.15
3.3
3.45
1.3
1.32
1.68
1.55
2.48
1.833
1.99
1.96
3.45
3.85
1.25
1.3
1.81
2.8
1.45
2.1
1.75
1.94
3.45
3.95
1.24
1.3
1.833
2.76
1.46
1.92
1.9
2.32
3.3
3.1
1.35
1.32
1.59
1.666
2.24
2.18
1.7
3.45
3.2
2.2
1.65
1.333
1.3
2.46
1.56
1.75
2.1
2.35
3.2
3.125
1.35
1.333
1.571
1.666
2.24
1.8
2.04
4.2
3.5
2.04
1.85
1.34
1.26
3.05
1.46
1.85
2.1
1.82
3.6
5.3
1.19
1.333
2.08
1.32
3.9
1.7
2.34
1.86
4
4.4
1.25
1.285
2.02
2.56
1.6
1.97
1.97
1.46
4.6
8.9
1.09
1.23
2.88
1.77
2.22
2.1
1.85
1.6
4.1
6.8
1.133
1.27
2.46
2.02
1.92
2.25
1.75
2.98
3.4
2.6
1.55
1.363
1.444
2.12
1.84
1.9
2.04
4.2
3.5
2.04
1.85
1.34
1.26
3.05
1.46
1.9
2.04
2.25
3.35
3.65
1.32
1.363
1.7
1.59
2.58
1.7
2.34
1.952
3.4
4.8
1.222
1.363
1.93
2.8
1.52
1.85
2.1
2.6
3.55
2.86
1.47
1.333
1.55
1.88
2.08
1.91
2.04
1.45
5.2
7.5
1.125
1.19
2.92
1.75
2.25
2.1
1.85
2.25
3.45
3.55
1.333
1.35
1.7
1.61
2.54
1.97
1.97
1.55
4.3
7.4
1.125
1.25
2.6
1.96
1.98
1.85
2.1
9.2
5.5
1.38
3.25
1.181
1.085
1.833
2.12
2.25
1.75
2.875
3.3
2.74
1.5
1.37
1.46
2.02
1.92
1.9
2.04
2.6
3.35
3
1.43
1.363
1.55
1.84
2.12
1.85
2.1
1.38
4.75
9.4
1.065
1.2
3.125
1.64
2.38
2.02
1.87
4.4
3.6
1.96
1.92
1.333
1.25
3.2
1.42
1.85
2.1
5.2
3.5
1.77
2.08
1.32
1.181
3.8
1.3
1.96
1.92
2.15
3.35
3.95
1.285
1.363
1.77
1.52
2.8
1.88
2.08
1.9
3.85
4.35
1.25
1.3
1.98
2.64
1.571
1.9
2.04
1.7
3.85
6
1.166
1.3
2.26
2.26
1.74
1.75
2.25
5.9
4.3
1.63
2.4
1.25
1.166
1.909
2.04
2.34
1.7
2
3.5
4.35
1.25
1.34
1.88
2.84
1.51
2.1
1.85
1.86
3.7
4.6
1.21
1.3
1.98
2.6
1.571
1.75
2.22
2.25
3.4
3.6
1.333
1.363
1.7
1.6
2.56
1.8
2.18
1.24
6.3
13
1.035
1.133
4.2
1.79
2.12
2.18
1.75
12
5.9
1.31
3.75
1.166
1.055
1.952
1.99
2.4
1.666
4.5
3.9
1.86
2.02
1.3
1.24
1.6
2.56
2.08
1.88
1.571
4.65
6.2
1.153
1.23
2.54
1.96
1.98
2.68
1.56
1.143
11
20
1.019
1.065
6.4
2.34
1.7
1.75
2.25
3.3
3.4
2.4
1.63
1.363
1.37
2.34
1.7
1.87
2.08
3.7
3.55
2.16
1.76
1.333
1.32
2.68
1.56
1.94
2
7.6
4.55
1.45
2.82
1.21
1.095
1.66
2.34
2.54
1.571
4.3
3.55
2
1.88
1.333
1.25
3.1
1.444
1.85
2.1
2.38
3.6
3.15
1.4
1.333
1.64
1.727
2.3
2.1
1.85
1.125
9
23
0
1.07
6.4
2.34
1.66
1.8
2.1
1.39
5
10.5
1.07
1.21
3.2
2.15
1.82
2.34
1.7
1.181
8.5
19
1.022
1.095
5.4
1.94
2
1.97
1.97
1.65
4.1
6.1
1.153
1.27
2.35
2.15
1.82
2.02
1.92
1.166
9
21
1.017
1.085
5.8
1.81
2.16
2.7
1.55
3.45
3.45
2.1
1.71
1.3
1.3
2.54
1.533
2.45
1.56
2.05
3.55
3.45
1.3
1.285
1.74
1.52
2.56
2.5
1.55
2
3.8
3.4
1.3
1.25
1.78
1.52
2.56
2.55
1.533
7.5
4.25
1.45
2.68
1.21
1.075
2.1
1.75
2.92
1.42
5.5
4.25
1.56
2.38
1.21
1.143
1.85
1.97
2.75
1.46
1.85
3.7
4.05
1.23
1.27
1.92
2.52
1.54
2.6
1.51
2.45
3.15
3
1.37
1.34
1.533
1.74
2.12
2.35
1.61
1.48
4.1
7.2
1.085
1.222
2.6
1.84
1.98
1.75
2.1
2.68
3.2
2.68
1.45
1.333
1.45
1.91
1.91
1.7
2.18
2.95
3.2
2.45
1.533
1.333
1.38
2.1
1.75
1.7
2.18
3.125
3.2
2.35
1.571
1.333
1.35
2.24
1.666
1.75
2.1
1.8
3.4
4.8
1.181
1.3
1.98
2.48
1.55
1.75
2.1
1.38
4.7
8.2
1.065
1.181
2.96
1.65
2.26
1.91
1.91
1.222
6.5
12
1.022
1.1
4.1
2.24
1.666
2.375
1.6
1.3
5.5
9.3
1.05
1.143
3.4
1.93
1.89
2.54
1.533
1.21
7.5
10
1.04
1.075
4.25
1.69
2.2
2.8
1.45
1.87
3.85
3.8
1.25
1.25
1.9
2.56
1.52
2.24
1.666
2
3.6
3.55
1.285
1.285
1.78
1.49
2.66
2.8
1.45
11
6
1.25
3.8
1.125
1.03
2.06
1.78
2.52
1.54
1.952
2.75
5.5
1.143
1.43
1.82
1.3
3.6
1.4
3
3.15
2.8
2.6
1.48
1.42
1.34
2.12
1.74
1.45
2.8
2.05
2.68
5.1
1.153
1.45
1.74
1.34
3.3
1.4
3
1.5
3.7
8.2
1.065
1.27
2.54
1.91
1.91
1.444
2.82
1.99
2.85
4.85
1.166
1.41
1.79
1.35
3.25
1.48
2.7
2.16
2.75
4.333
1.21
1.43
1.666
1.43
2.875
1.4
3
3.125
2.76
2.66
1.46
1.43
1.35
2.08
1.77
1.42
2.92
2.46
3.3
3.1
1.4
1.363
1.59
1.76
2.22
2.08
1.85
3.4
3.3
2.3
1.66
1.363
1.35
2.44
1.64
2.14
1.81
1.88
3.55
4.6
1.222
1.333
1.98
2.64
1.56
1.87
2.06
2.9
3.2
2.68
1.51
1.38
1.444
2.04
1.89
1.78
2.18
1.9
3.5
4.55
1.222
1.333
1.96
2.7
1.54
1.86
2.08
3.7
3.35
2.16
1.74
1.363
1.31
2.66
1.55
1.88
2.05
3.95
3.45
2.05
1.82
1.34
1.285
2.86
1.49
1.8
2.15
1.55
4.7
6
1.143
1.21
2.52
1.92
2
3.15
1.42
1.5
4.75
6.7
1.125
1.21
2.66
1.82
2.12
3.05
1.45
2.1
3.9
3.4
1.34
1.27
1.77
1.58
2.58
2.64
1.56
2.35
3.5
3.2
1.37
1.32
1.63
1.7
2.32
2.12
1.82
3.65
3.65
2.1
1.77
1.3
1.3
2.7
1.54
2.26
1.727
5.8
4.4
1.6
2.4
1.23
1.153
1.89
2.04
2.82
1.5
6
4.4
1.58
2.45
1.23
1.143
1.94
1.98
3.05
1.45
1.87
3.75
4.45
1.222
1.3
1.97
1.39
3.3
2.4
1.66
2.05
3.65
3.55
1.31
1.3
1.79
2.95
1.444
2.4
1.63
1.3
5.8
10
1.06
1.153
3.65
1.48
2.82
3.05
1.42
2.25
3.7
3.05
1.4
1.3
1.666
1.69
2.28
2.75
1.5
15
7.5
1.166
4.9
1.075
1.005
1.84
1.99
1.9
1.92
6.1
5.5
1.4
2.88
1.143
1.125
1.7
2.18
3.85
1.27
5.2
4.8
1.52
2.48
1.181
1.153
1.94
1.88
3.5
1.31
2.18
3.5
3.55
1.32
1.32
1.71
1.58
2.58
2.05
1.88
2.86
3.7
2.46
1.571
1.3
1.444
2.12
1.82
2.5
1.615
2.15
3.8
3.35
1.35
1.285
1.74
1.61
2.5
2.4
1.66
2.18
3.7
3.35
1.35
1.3
1.71
1.615
2.5
2.42
1.65
5.3
4.15
1.68
2.24
1.25
1.181
1.77
2.2
2.38
1.666
1.48
4.8
7.1
1.111
1.2
2.74
1.81
2.14
2.7
1.54
2.34
3.65
3.1
1.39
1.3
1.63
1.72
2.28
2.35
1.68
1.3
6.1
11
1.05
1.143
3.65
1.88
2.05
2.76
1.52
2.1
3.8
3.5
1.32
1.285
1.77
1.571
2.6
2.35
1.68
3.65
3.4
2.04
1.75
1.3
1.27
2.66
1.49
1.99
1.833
3.15
3.25
2.3
1.59
1.333
1.34
2.26
1.65
1.85
1.97
1.63
3.85
5.4
1.143
1.25
2.24
2.14
1.727
1.92
1.9
1.93
3.3
4.2
1.222
1.32
1.84
1.39
3.05
1.63
2.3
2.05
3.25
3.8
1.25
1.333
1.74
1.47
2.72
1.63
2.3
1.41
4.2
9
1.05
1.222
2.84
1.72
2.15
1.69
2.2
1.68
3.7
5.2
1.153
1.27
2.14
2.26
1.65
1.75
2.1
2.12
3.2
3.65
1.27
1.333
1.69
1.51
2.6
1.69
2.2
2
3.3
3.9
1.24
1.32
1.78
1.444
2.82
1.533
2.55
2.5
3.1
2.98
1.38
1.35
1.51
1.76
2.08
1.55
2.48
2.22
3.1
3.5
1.285
1.35
1.64
1.56
2.46
2.08
1.77
2.68
3.2
2.68
1.45
1.333
1.45
1.91
1.91
1.75
2.1
1.7
3.65
5.1
1.153
1.27
2.12
2.28
1.64
1.91
1.91
2.7
3.3
2.6
1.48
1.32
1.444
1.952
1.87
1.91
1.91
3.2
3.3
2.25
1.615
1.32
1.333
2.3
1.63
1.91
1.91
2.25
3.3
3.2
1.333
1.32
1.615
1.63
2.3
1.8
2.04
1.75
3.8
4.45
1.2
1.25
2.04
2.4
1.59
1.91
1.91
2.82
3
2.92
1.444
1.42
1.47
1.93
1.99
1.9
2.02
3.4
2.94
2.52
1.56
1.46
1.35
2.3
1.71
1.85
2.08
1.666
4
5.5
1.181
1.27
2.3
2.18
1.78
1.85
2.08
1.75
3.7
5.3
1.181
1.31
2.15
2.28
1.72
1.9
2.02
6.6
4.25
1.55
2.56
1.25
1.133
1.98
1.94
2.08
1.85
1.94
3.35
4.6
1.222
1.363
1.92
1.39
3.3
1.85
2.08
8.6
5.1
1.37
3.2
1.181
1.075
2.42
1.615
2.1
1.8
5.6
3.7
1.69
2.2
1.3
1.153
1.69
2.28
1.7
2.26
1.5
4.15
7.5
1.095
1.25
2.64
1.88
2
1.98
1.9
1.181
7.5
18
1.011
1.095
5
1.96
1.92
2.4
1.63
1.92
3.6
4.1
1.25
1.3
1.909
2.72
1.51
2.02
1.86
3
3.3
2.46
1.571
1.35
1.41
2.16
1.76
1.72
2.22
1.37
4.8
9.5
1.065
1.2
3.2
2.16
1.76
2.05
1.84
1.23
6.3
14
1.027
1.133
4.3
1.74
2.2
2.05
1.84
1.133
9
20
1.005
1.07
6.2
1.74
2.2
2.35
1.65
9
4.6
1.4
3.05
1.21
1.07
2.3
1.68
2.02
1.86
5.1
3.6
1.76
2.1
1.3
1.181
3.8
1.3
1.72
2.22
7.2
4.2
1.5
2.64
1.24
1.111
2.1
1.8
1.86
2.02
2.46
3.2
3.1
1.39
1.363
1.571
1.74
2.2
1.48
2.82
1.85
3.45
4.75
1.2
1.333
1.98
2.62
1.54
1.55
2.6
2.55
3.2
2.96
1.41
1.363
1.533
1.81
2.1
1.88
2
2.3
3.2
3.4
1.333
1.363
1.64
1.63
2.4
1.5
2.75
2.96
3.2
2.55
1.533
1.363
1.41
2.1
1.81
1.6
2.46
2.55
3.2
2.96
1.41
1.363
1.533
1.81
2.1
1.65
2.35
2.75
3.2
2.75
1.47
1.363
1.47
1.94
1.94
1.615
2.42
2.3
3.2
3.4
1.333
1.363
1.64
1.63
2.4
1.6
2.46
3.4
3.2
2.3
1.64
1.363
1.333
2.4
1.63
1.89
1.99
2.66
3.45
2.66
1.49
1.333
1.49
1.94
1.94
1.9
1.98
2.15
3.45
3.5
1.32
1.333
1.727
1.571
2.54
1.88
2
2.2
3.45
3.35
1.34
1.333
1.69
1.61
2.44
1.94
1.94
2.25
3.45
3.25
1.363
1.333
1.666
1.64
2.375
1.94
1.94
3.75
3.5
2.14
1.74
1.32
1.3
2.7
1.55
2.18
1.8
1.58
4
7.3
1.111
1.26
2.45
2.04
1.9
1.7
2.34
2
3.45
4.333
1.23
1.333
1.85
2.875
1.5
1.833
2.12
1.38
5.2
9.7
1.065
1.181
3.15
2.2
1.79
1.85
2.1
1.5
4.3
8.3
1.085
1.24
2.66
1.85
2.1
1.92
2.02
5.6
3.95
1.7
2.2
1.27
1.166
1.72
2.3
1.78
2.2
2.22
3.5
3.5
1.32
1.32
1.69
1.61
2.54
1.9
2.04
2.28
3.5
3.4
1.34
1.32
1.66
1.65
2.44
1.97
1.97
1.25
6.5
15
1.025
1.125
4.15
1.78
2.2
2.3
1.72
2.45
3.45
3.1
1.39
1.333
1.58
1.76
2.24
1.92
2.02
2.5
3.35
3.1
1.39
1.35
1.56
1.78
2.2
1.78
2.2
2.3
3.5
3.35
1.35
1.32
1.65
1.66
2.42
1.75
2.25
1.71
3.65
6.2
1.133
1.3
2.18
2.36
1.69
1.87
2.08
1.9
3.6
4.6
1.21
1.31
1.94
2.68
1.56
1.72
2.3
1.35
5.3
11
1.05
1.181
3.3
2.08
1.87
1.94
2
2.6
3.3
3
1.41
1.35
1.52
1.84
2.12
1.8
2.18
3
3.3
2.6
1.52
1.35
1.41
2.12
1.84
1.92
2.02
4.95
3.6
1.85
2
1.31
1.19
1.59
2.58
1.8
2.18
1.75
3.8
5.4
1.166
1.285
2.12
2.38
1.68
1.77
2.22
1.3
6
12
1.045
1.143
3.65
1.97
1.97
2.02
1.92
9.4
4.45
1.45
2.84
1.222
1.07
2.22
1.77
2.02
1.92
1.25
6.5
12
1.04
1.125
4.1
1.82
2.08
1.68
2.3
3.3
3.3
2.3
1.64
1.35
1.35
2.35
1.65
1.65
2.35
2.25
3.3
3.4
1.333
1.35
1.666
1.61
2.44
1.65
2.35
1.65
3.9
5.6
1.153
1.27
2.28
2.22
1.727
1.533
2.64
2.4
3.3
3.1
1.39
1.35
1.59
1.72
2.22
1.55
2.6
2.72
3.25
2.72
1.48
1.363
1.48
1.94
1.94
1.571
2.54
2
3.4
4.05
1.25
1.333
1.833
2.92
1.45
1.6
2.46
1.9
3.6
4.2
1.24
1.3
1.93
2.72
1.51
1.6
2.46
1.6
4
6
1.143
1.26
2.38
2.1
1.8
1.6
2.46
1.6
3.8
6.5
1.125
1.285
2.38
2.1
1.8
1.7
2.26
4.5
3.4
1.9
1.93
1.333
1.222
1.51
2.72
1.72
2.22
3.7
3.4
2.1
1.76
1.333
1.3
2.68
1.52
1.74
2.2
4
3.15
2.1
1.76
1.38
1.26
2.82
1.48
1.55
2.6
2.55
3.2
2.96
1.41
1.363
1.533
1.81
2.1
1.6
2.46
1.4
4.9
8.1
1.085
1.19
3.05
1.7
2.26
1.63
2.4
1.55
4.1
6.6
1.125
1.25
2.5
2
1.88
1.55
2.6
2.6
3.3
2.82
1.45
1.35
1.51
1.86
2.02
1.6
2.46
2.2
3.4
3.4
1.333
1.333
1.69
1.6
2.46
1.6
2.46
4.45
3.6
1.8
1.98
1.285
1.2
3.3
1.34
1.96
1.86
1.75
3.6
4.8
1.181
1.285
2.04
2.26
1.65
1.86
1.96
2.68
3
2.84
1.41
1.37
1.45
1.86
1.96
1.75
2.1
3.75
3.3
2.04
1.75
1.32
1.26
2.72
1.47
1.75
2.1
1.153
7.4
18
0
1.08
5.1
1.833
1.99
2.76
1.46
1.38
5
8.5
1.08
1.181
3.125
2.04
1.85
1.94
1.94
4.15
3.45
1.952
1.88
1.333
1.25
3
1.43
1.94
1.94
1.952
3.35
4.333
1.23
1.34
1.88
1.41
3.1
1.65
2.35
1.87
3.55
4.45
1.222
1.31
1.96
1.38
3.25
1.98
1.9
1.6
3.8
6.5
1.125
1.285
2.38
2.1
1.8
1.65
2.35
3.85
3.45
2.15
1.77
1.35
1.3
2.75
1.533
1.78
2.2
2.02
3.5
4.25
1.26
1.34
1.87
1.45
3.1
1.58
2.62
1.76
3.8
5.4
1.181
1.3
2.16
2.38
1.68
1.85
2.1
3.3
3.3
2.44
1.61
1.37
1.37
2.32
1.71
1.69
2.36
13
6.1
1.25
4.1
1.133
1.035
2.12
1.79
2.1
1.8
1.2
7.3
14
1.027
1.1
4.75
2
1.88
2.54
1.571
4
3.8
1.89
1.94
1.285
1.26
1.55
2.6
2.62
1.54
3.7
3.75
1.98
1.85
1.285
1.3
1.49
2.78
2.62
1.54
4.15
3.85
1.85
1.98
1.285
1.25
1.571
2.54
2.46
1.6
4
3.8
1.89
1.94
1.285
1.26
1.533
2.64
2.22
1.727
1.52
4.3
6.6
1.125
1.23
2.58
1.72
2.22
2.75
1.5
1.24
6.5
12
1.04
1.125
4.2
1.74
2.2
2.68
1.52
1.9
3.4
4.2
1.222
1.3
1.87
2.72
1.47
1.571
2.44
2.625
3
2.9
1.4
1.37
1.47
1.82
2.02
1.48
2.7
2.48
3.25
2.875
1.4
1.333
1.52
1.78
2.06
1.6
2.375
1.75
3.4
5.2
1.153
1.3
2.04
2.4
1.59
1.571
2.44
1.222
5.7
15
1.005
1.133
4.1
1.727
2.14
2.1
1.75
2.25
3.1
3.45
1.3
1.35
1.615
1.58
2.42
1.571
2.44
1.363
4.5
9.7
1.045
1.19
3.05
1.63
2.32
1.87
1.952
9.4
4.2
1.4
2.88
1.222
1.045
2.18
1.7
1.727
2.14
2.45
3.2
3.1
1.39
1.363
1.571
1.74
2.2
1.77
2.14
1.42
5.2
6.8
1.111
1.181
2.94
1.72
2.22
2.14
1.77
1.37
5
8.8
1.075
1.181
3.2
2.18
1.75
2
1.88
2.2
3.4
3.4
1.333
1.333
1.69
1.6
2.46
2.02
1.86
2.86
3.3
2.56
1.533
1.35
1.444
2.05
1.84
1.94
1.94
1.76
3.6
5.1
1.181
1.3
2.1
1.3
3.8
1.94
1.94
1.27
5.5
11
1.03
1.143
3.65
1.86
1.96
2.24
1.66
2.25
3.3
3.2
1.333
1.32
1.615
1.63
2.3
1.96
1.86
2.75
3.3
2.54
1.5
1.32
1.43
1.98
1.84
1.66
2.24
3.4
3.4
2.12
1.69
1.3
1.3
2.48
1.55
1.96
1.86
2.5
3.25
3.15
1.38
1.363
1.56
1.76
2.22
1.72
2.28
2.15
3.4
3.75
1.3
1.34
1.74
1.54
2.7
1.92
2
6.8
3.9
1.59
2.46
1.285
1.125
1.88
2.05
2.1
1.84
2.74
3.35
2.54
1.5
1.31
1.444
1.99
1.84
1.6
2.375
1.65
3.75
5.4
1.143
1.26
2.2
2.18
1.7
1.85
1.97
6.6
4.333
1.48
2.6
1.21
1.1
1.96
1.86
1.68
2.22
4.3
3.95
1.75
2.04
1.24
1.21
1.59
2.4
1.81
2.02
3.35
3.3
2.18
1.66
1.32
1.31
2.42
1.58
1.85
1.97
2.1
3.5
3.35
1.31
1.285
1.71
1.55
2.48
1.68
2.22
2.55
3.4
2.7
1.444
1.3
1.49
1.86
1.96
1.7
2.18
1.55
4.1
6.5
1.125
1.25
2.5
1.97
1.91
2.16
1.76
4
3.6
1.94
1.89
1.3
1.26
2.95
1.444
1.86
2.02
2.3
3.5
3.1
1.39
1.32
1.64
1.69
2.28
2.02
1.86
2.04
3.4
3.9
1.27
1.333
1.8
1.48
2.8
1.77
2.14
2.56
3.3
2.86
1.444
1.35
1.533
1.84
2.05
1.8
2.1
3.4
3.4
2.2
1.69
1.333
1.333
2.46
1.6
1.84
2.05
2.1
3.5
3.55
1.31
1.32
1.76
1.54
2.62
2.22
1.72
1.6
3.8
5.9
1.125
1.25
2.3
2.05
1.79
1.84
1.99
1.27
5.8
10
1.04
1.125
3.65
1.87
1.952
2.14
1.727
2.45
3.2
2.96
1.38
1.333
1.533
1.74
2.12
1.7
2.18
1.89
3.4
4.25
1.21
1.3
1.88
2.66
1.49
1.96
1.86
2.34
3.1
3.25
1.333
1.35
1.58
1.64
2.28
1.61
2.35
1.727
3.8
4.65
1.181
1.25
2.08
2.35
1.61
1.68
2.22
2.44
3.2
2.98
1.38
1.333
1.533
1.74
2.12
1.89
1.93
1.47
4.2
7.1
1.085
1.222
2.625
1.833
2
1.88
1.94
1.8
3.5
5.3
1.181
1.333
2.08
2.5
1.615
1.8
2.15
20
8.7
1.153
5.9
1.085
1.014
2
1.92
2.42
1.65
5.8
3.6
1.72
2.2
1.32
1.166
1.7
2.32
2.02
1.9
1.65
3.65
6.6
1.133
1.31
2.32
2.38
1.666
1.72
2.28
10
4.6
1.4
3.1
1.222
1.07
1.727
2.26
2
1.92
1.6
3.6
5.3
1.1
1.222
2.12
2.1
1.68
1.75
2
3.3
3.2
2.1
1.61
1.285
1.26
2.4
1.533
1.7
2.08
1.61
3.9
5.5
1.143
1.24
2.26
2.12
1.74
1.65
2.26
3.3
3.25
2.24
1.63
1.333
1.32
2.375
1.6
1.91
1.91
6.1
4.15
1.533
2.44
1.222
1.125
1.86
1.96
1.833
1.99
1.952
3.5
3.85
1.25
1.285
1.82
2.82
1.444
1.7
2.18
1.52
4.1
6.4
1.111
1.222
2.48
1.91
1.91
1.99
1.833
1.97
3.4
3.9
1.24
1.3
1.8
2.82
1.444
1.81
2.02
1.444
4.5
7
1.09
1.19
2.7
1.78
2.06
1.77
2.08
2.3
3.5
3.1
1.39
1.32
1.64
1.69
2.28
1.88
2
2
3.8
3.6
1.3
1.285
1.833
2.82
1.48
3.15
1.4
1.4
5
7.8
1.09
1.181
3.05
1.666
2.32
2.26
1.7
1.21
7.3
19
1.022
1.125
4.9
2.08
1.88
2.62
1.58
2.625
3.2
3.1
1.41
1.39
1.54
1.82
2.15
1.666
2.4
3.5
3.15
2.42
1.615
1.4
1.34
2.4
1.666
1.65
2.44
2.18
3.25
4
1.285
1.38
1.75
1.54
2.74
1.8
2.18
2.44
3.3
3.3
1.37
1.37
1.61
1.71
2.32
1.89
2.06
1.63
3.75
7.4
1.125
1.31
2.4
2.12
1.833
1.77
2.22
2.2
3.15
4.1
1.27
1.4
1.74
1.51
2.84
1.571
2.64
1.5
4.35
8.4
1.095
1.25
2.75
1.9
2.04
1.9
2.04
2.2
3.3
3.9
1.3
1.37
1.74
1.54
2.74
1.85
2.1
3.75
3.3
2.25
1.7
1.37
1.31
2.62
1.58
1.72
2.3
7.8
4.55
1.5
2.75
1.23
1.111
2.1
1.85
1.97
1.97
1.51
4.4
8
1.111
1.25
2.72
1.87
2.08
1.97
1.97
2.1
3.35
4.15
1.27
1.363
1.8
1.48
2.95
1.75
2.25
0
0
0
1.333
1.38
1.65
1.64
2.46
1.65
2.44
2.5
3.3
3.2
1.39
1.37
1.58
1.75
2.25
1.7
2.34
2.3
3.2
3.75
1.31
1.39
1.68
1.59
2.58
1.7
2.34
1.58
4
7.6
1.111
1.285
2.52
2.02
1.92
1.8
2.18
2.4
3.3
3.4
1.363
1.37
1.63
1.68
2.38
1.78
2.2
4.25
3.3
2.1
1.8
1.37
1.26
1.45
3.1
1.8
2.18
1.5
4.5
7.9
1.111
1.24
2.75
1.85
2.1
2.04
1.9
5.1
3.6
1.85
2.04
1.333
1.2
3.7
1.34
1.78
2.2
2.45
3.25
3.35
1.363
1.38
1.61
1.7
2.34
1.7
2.34
2.45
3.25
3.35
1.363
1.38
1.61
1.7
2.34
1.72
2.3
1.65
3.8
6.8
1.133
1.3
2.35
2.16
1.81
1.85
2.1
1.4
5.8
7.8
1.111
1.166
3.15
2.2
1.79
2.1
1.85
1.9
3.55
4.85
1.21
1.333
1.98
1.37
3.5
1.85
2.1
1.9
3.5
4.9
1.21
1.34
1.98
1.37
3.5
1.65
2.44
1.85
3.55
5.2
1.19
1.333
2.04
1.333
3.75
1.7
2.34
1.4
5.8
7.8
1.111
1.166
3.15
2.2
1.79
2.18
1.8
2.02
3.2
4.5
1.23
1.38
1.85
1.444
3.05
1.66
2.4
2.28
3.2
3.55
1.333
1.38
1.68
1.61
2.5
1.66
2.4
3.85
3.55
1.94
1.833
1.285
1.25
2.875
1.43
1.75
2.1
1.6
3.8
5.9
1.125
1.25
2.3
2.08
1.76
1.9
1.92
1.222
5.8
15
1.005
1.125
4.1
1.72
2.15
2.15
1.72
1.285
5.5
10
1.04
1.143
3.5
1.92
1.9
2.1
1.75
4.8
3.4
1.8
1.98
1.3
1.181
1.55
2.48
1.97
1.85
2.65
3.2
2.72
1.444
1.333
1.46
1.88
1.94
1.85
1.97
2.1
3.3
3.6
1.285
1.32
1.71
1.51
2.6
1.85
1.97
4.8
3.6
1.75
2.04
1.285
1.181
1.6
2.375
1.85
1.97
1.8
3.55
4.55
1.19
1.285
1.98
2.46
1.56
1.97
1.85
2.4
3.3
2.95
1.38
1.32
1.55
1.727
2.14
1.75
2.1
1.96
3.4
3.95
1.24
1.3
1.81
1.43
2.875
1.833
2
2.24
3.3
3.25
1.333
1.32
1.63
1.615
2.34
1.91
1.91
1.89
3.5
4.1
1.222
1.285
1.88
1.39
3.05
2
1.833
2.5
3.4
2.96
1.43
1.35
1.571
1.81
2.14
1.84
2.1
3.2
3.4
2.35
1.64
1.35
1.38
2.32
1.7
2.2
1.77
1.58
4.15
6.4
1.143
1.26
2.48
2.02
1.9
2.16
1.79
1.727
4
4.95
1.2
1.27
2.18
2.35
1.68
1.87
2.06
4.65
3.75
1.82
2.05
1.3
1.222
1.6
2.52
2.1
1.833
2.2
3.4
3.55
1.333
1.35
1.72
1.59
2.55
2.05
1.88
1.96
3.55
4
1.26
1.31
1.87
1.444
2.95
2.02
1.86
1.48
4.4
7.2
1.111
1.222
2.7
1.833
2.06
2.1
1.81
1.69
3.95
5.1
1.181
1.26
2.2
2.24
1.71
2.26
1.7
6.3
4.25
1.54
2.52
1.24
1.133
1.94
1.94
2.35
1.65
2.7
3.25
2.75
1.47
1.363
1.48
1.92
1.96
1.82
2.08
1.85
3.6
4.5
1.222
1.3
1.98
1.37
3.3
2.08
1.82
3.1
3.4
2.36
1.61
1.333
1.39
2.24
1.71
2
1.88
2.1
3.5
3.55
1.31
1.32
1.76
1.54
2.62
2.22
1.727
17
11
1.1
6.6
1.03
1.001
1.86
1.96
2.24
1.66
15
9
1.133
5.6
1.05
1.005
2.18
1.7
2.16
1.71
9
5.6
1.3
3.4
1.133
1.05
1.89
1.93
2.6
1.51
10
6.8
1.23
4
1.095
1.04
2.16
1.71
1.96
1.86
5.4
4
1.6
2.3
1.23
1.143
1.76
2.08
2.2
1.69
1.93
3.5
3.9
1.24
1.285
1.84
1.43
2.86
1.86
1.96
1.64
4
5
1.166
1.23
2.22
2.16
1.71
2.14
1.72
17
11
1.1
6.6
1.03
1.001
1.86
1.96
2.36
1.6
1.25
6
13
1.035
1.143
4.1
1.77
2.15
2.6
1.55
4.333
3.7
1.85
1.98
1.3
1.23
1.56
2.56
1.9
1.98
1.5
4.5
6.5
1.125
1.222
2.64
1.87
2.02
2.75
1.5
1.45
4.45
7.9
1.09
1.222
2.82
1.77
2.15
2.46
1.6
1.8
3.6
5.2
1.181
1.31
2.06
1.32
3.8
2.08
1.85
11
6
1.25
3.8
1.125
1.03
1.82
2.02
3.25
1.35
1.8
3.8
5.1
1.2
1.3
2.1
2.4
1.68
2.18
1.8
1.65
3.7
6
1.143
1.3
2.28
2.18
1.75
1.96
1.92
1.8
3.6
4.8
1.2
1.3
2.04
2.48
1.59
1.94
1.94
8.2
5.3
1.4
3.05
1.181
1.085
1.77
2.2
2.38
1.666
1.52
4.333
7.3
1.111
1.23
2.6
1.92
2
1.77
2.2
2.74
3.3
2.8
1.46
1.35
1.48
1.94
1.98
2
1.92
2.1
3.6
3.7
1.3
1.31
1.77
1.533
2.72
1.84
2.1
1.88
3.75
4.4
1.23
1.3
1.96
2.66
1.55
1.89
2.04
3.05
3.35
2.5
1.56
1.35
1.4
2.18
1.78
1.84
2.1
2.88
3.75
2.25
1.615
1.26
1.4
2.18
1.7
2.82
1.444
1.333
5
9.2
1.05
1.166
3.2
2.02
1.82
3
1.4
2
3.5
3.65
1.27
1.285
1.78
1.48
2.7
2.8
1.45
1.65
4.2
4.7
1.181
1.222
2.2
2.14
1.727
2.8
1.45
1.111
9
21
0
1.05
6.2
1.666
2.24
4.1
1.25
2.4
3.5
2.8
1.42
1.285
1.55
1.77
2.08
2.7
1.48
2.75
3.5
2.45
1.533
1.285
1.43
2.02
1.81
2.08
1.77
2.9
3.5
2.34
1.58
1.285
1.4
2.14
1.727
2.42
1.58
2.3
3.6
2.9
1.4
1.285
1.59
1.71
2.16
2.15
1.72
2.75
3.6
2.4
1.55
1.285
1.43
2.05
1.79
2.36
1.6
1.88
3.85
4
1.26
1.285
1.952
1.43
3
2.46
1.6
2.66
3.5
2.625
1.51
1.32
1.49
1.952
1.93
2.14
1.78
3.05
3.5
2.35
1.615
1.32
1.4
2.22
1.72
1.77
2.15
1.94
3.7
3.9
1.27
1.3
1.89
1.45
2.92
2.06
1.833
2.2
3.5
3.3
1.35
1.32
1.69
1.615
2.42
2.24
1.71
1.79
3.6
4.5
1.19
1.285
1.99
2.46
1.56
1.81
2.02
1.35
4.5
10.5
1.035
1.19
3.125
2.16
1.71
1.65
2.26
2.25
3.2
3.3
1.32
1.333
1.615
1.61
2.35
1.66
2.25
1.94
3.35
4.1
1.222
1.31
1.833
1.41
2.96
1.666
2.24
5.4
3.6
1.68
2.14
1.285
1.143
1.65
2.26
1.81
2.02
1.65
3.7
5.5
1.143
1.27
2.2
2.2
1.69
1.72
2.15
3.25
3
2.4
1.55
1.37
1.333
2.25
1.66
1.55
2.48
2.76
3
2.75
1.43
1.37
1.43
1.91
1.909
1.55
2.48
2.76
3
2.76
1.43
1.37
1.43
1.91
1.91
1.55
2.48
2.15
3
3.85
1.25
1.37
1.68
1.49
2.66
1.65
2.26
2.76
2.98
2.76
1.43
1.38
1.43
1.91
1.91
1.55
2.48
2.76
2.98
2.76
1.43
1.38
1.43
1.91
1.91
1.6
2.375
2
3
4.45
1.2
1.37
1.78
2.96
1.41
1.55
2.48
2.36
3.05
3.25
1.333
1.363
1.571
1.65
2.26
1.58
2.42
1.8
3.2
5.3
1.143
1.333
1.98
2.48
1.55
1.6
2.375
3.3
3.1
2.32
1.59
1.35
1.32
2.3
1.63
1.55
2.48
1.98
3.3
4
1.23
1.32
1.8
2.875
1.43
1.571
2.44
1.9
3.3
4.35
1.2
1.32
1.87
2.72
1.47
1.6
2.375
2.34
3.05
3.3
1.32
1.363
1.58
1.63
2.3
1.727
2.14
1.65
4.1
5.7
1.153
1.26
2.3
2.18
1.78
1.98
1.94
3.2
3.6
2.3
1.65
1.31
1.37
2.35
1.68
2.15
1.8
4.55
4.2
1.76
2.12
1.25
1.222
1.69
2.34
2.7
1.54
2.18
3.6
3.45
1.333
1.31
1.71
1.6
2.52
2.14
1.81
4.7
3.8
1.82
2.04
1.285
1.21
1.615
2.5
2.1
1.833
2.06
3.65
3.75
1.3
1.3
1.8
1.52
2.76
2.24
1.74
3.4
3.5
2.24
1.68
1.32
1.34
2.46
1.63
2.05
1.88
1.78
4.1
4.55
1.222
1.26
2.08
2.35
1.68
2.72
1.533
2.92
3.5
2.52
1.55
1.32
1.43
2.12
1.82
1.98
1.94
2.2
3.4
3.4
1.333
1.333
1.69
1.6
2.46
1.85
2.04
3.55
3.8
2.02
1.82
1.285
1.31
2.68
1.52
2.34
1.66
2.14
3.55
3.4
1.333
1.31
1.727
1.58
2.52
2.4
1.63
1.85
3.75
4.25
1.24
1.285
1.98
2.56
1.56
2.04
1.85
3
3.3
2.46
1.571
1.35
1.41
2.16
1.76
1.833
2.06
3.35
3.35
2.26
1.66
1.34
1.34
2.4
1.63
1.82
2.08
2.875
3.3
2.56
1.533
1.35
1.444
2.06
1.833
1.82
2.08
3.55
3.5
2.1
1.76
1.32
1.31
2.62
1.54
2.04
1.85
2.32
3.3
3.25
1.363
1.35
1.63
1.66
2.34
1.8
2.1
2.24
3.55
3.2
1.363
1.31
1.666
1.65
2.35
2.2
1.74
2.3
3.3
3.3
1.35
1.35
1.64
1.65
2.35
1.8
2.1
2.4
3.6
2.75
1.43
1.285
1.55
1.79
2.05
3
1.4
10
6.3
1.25
3.8
1.111
1.04
1.85
1.98
3.6
1.3
34
14
1.045
9.5
1.01
0
1.952
1.87
5.5
1.153
1.1
11
23
0
1.05
7.4
2.02
1.87
5.1
1.2
2.95
3.5
2.4
1.59
1.32
1.42
2.16
1.76
2.35
1.65
5.1
4.2
1.65
2.28
1.24
1.181
3.95
1.285
2.5
1.58
5.1
4.2
1.65
2.28
1.24
1.181
3.95
1.285
2.92
1.45
1.75
4
4.55
1.21
1.26
2.12
2.35
1.65
2.46
1.6
5.4
4.333
1.6
2.38
1.23
1.166
1.85
2.04
3.15
1.4
4.2
3.8
1.85
1.98
1.285
1.24
1.59
2.5
2.35
1.65
1.7
3.9
4.7
1.181
1.24
2.12
2.15
1.72
2.375
1.6
