2.12
3.6
3.4
1.333
1.3
1.74
1.571
2.54
2.3
1.68
2.5
3.15
3.1
1.39
1.38
1.55
1.75
2.18
1.58
2.52
1.92
4.35
3.45
1.333
1.23
1.909
1.533
2.64
1.56
2.56
2.3
3.75
2.94
1.42
1.285
1.64
1.727
2.22
1.93
1.952
2.42
3.85
2.72
1.48
1.285
1.58
1.833
2.06
2.48
1.59
2.6
3.35
2.8
1.45
1.34
1.51
1.87
2.02
2.44
1.61
2.25
4
2.88
1.43
1.26
1.666
1.727
2.22
1.65
2.35
2.32
4
2.78
1.46
1.26
1.63
1.78
2.14
1.9
1.98
2.2
4.15
2.9
1.43
1.25
1.69
1.71
2.24
1.7
2.26
3.35
3.8
2.08
1.77
1.285
1.34
2.54
1.571
2.26
1.7
2.08
3.05
4.3
1.23
1.4
1.77
1.444
2.95
1.5
2.75
2.4
3.5
2.96
1.41
1.32
1.59
1.76
2.16
1.71
2.24
2.12
4.45
2.9
1.43
1.222
1.74
1.68
2.3
1.9
1.98
2.12
3.8
3.25
1.363
1.285
1.74
1.6
2.46
1.76
2.16
3.35
3.15
2.35
1.615
1.38
1.34
2.35
1.65
1.7
2.26
3.15
3.45
2.3
1.64
1.333
1.38
2.3
1.68
1.39
3.2
3.2
4.35
2
1.833
1.23
1.363
2.52
1.58
2.1
1.8
6
3.05
1.833
2
1.4
1.143
4.2
1.26
1.35
3.45
1.49
4.25
7.4
1.1
1.24
2.68
1.166
5.8
1.21
4.9
2.36
3.3
3.2
1.363
1.35
1.61
1.69
2.28
1.5
2.75
1.81
4.1
4.1
1.25
1.25
2.04
1.4
3.15
1.952
1.93
1.31
5.6
10
1.06
1.153
3.55
1.095
8.5
1.51
2.72
1.74
3.35
5.9
1.143
1.34
2.12
1.26
4.2
1.2
5.1
2.8
3.55
2.48
1.56
1.31
1.45
2.06
1.833
2.26
1.7
4.3
3.9
1.81
2.04
1.27
1.23
3.25
1.38
1.76
2.16
2.85
3.1
2.72
1.48
1.39
1.444
1.98
1.9
1.222
4.7
2.48
3.2
3.05
1.4
1.363
1.56
1.76
2.16
1.27
4.1
2.48
2.65
3.85
1.285
1.5
1.56
1.59
2.48
1.4
3.15
2.58
3.55
2.68
1.49
1.31
1.52
1.9
1.98
1.9
1.98
2
5.8
2.7
1.48
1.153
1.833
1.68
2.3
2.26
1.7
1.91
3.35
4.55
1.21
1.34
1.92
1.38
3.25
1.31
3.75
1.75
5
3.7
1.3
1.181
2.12
1.43
3
3.15
1.4
2.26
3.75
3
1.41
1.285
1.66
1.7
2.26
2.46
1.6
2.6
2.68
3.5
1.32
1.49
1.51
1.69
2.28
1.4
3.15
1.444
4.95
6.8
1.111
1.19
2.84
1.166
5.8
1.952
1.93
2.9
4.3
2.16
1.72
1.23
1.43
2.28
1.69
1.9
1.98
1.9
5.5
3
1.41
1.166
1.93
1.58
2.52
2.26
1.7
1.5
6.2
4.7
1.2
1.133
2.64
1.285
3.95
3.15
1.4
2.1
3.9
3.25
1.363
1.27
1.76
1.6
2.46
2.05
1.84
2.35
3.15
3.35
1.34
1.38
1.615
1.65
2.35
1.72
2.22
2.375
3.15
3.3
1.35
1.38
1.6
1.666
2.32
1.74
2.2
1.666
4.2
4.9
1.19
1.24
2.25
1.3
3.8
2.26
1.7
1.94
3.9
3.7
1.3
1.27
1.89
1.48
2.82
1.8
2.1
2.8
2.98
2.86
1.444
1.41
1.45
1.92
1.96
1.55
2.6
2.54
3.45
2.8
1.45
1.333
1.533
1.85
2.04
1.5
2.75
1.91
4.2
3.55
1.31
1.24
1.92
1.49
2.78
2.68
1.52
1.9
4.5
3.4
1.333
1.222
1.93
1.51
2.72
2.26
1.7
1.9
4.5
3.4
1.333
1.222
1.93
1.51
2.72
2.26
1.7
4.1
3.55
1.88
1.89
1.285
1.222
1.5
2.64
1.88
1.94
2.1
3.45
3.4
1.3
1.3
1.71
1.54
2.52
1.91
1.91
1.86
3.7
4
1.23
1.27
1.909
2.6
1.51
1.91
1.91
2.84
3.45
2.4
1.55
1.3
1.41
2.08
1.76
2.26
1.65
2.25
3.35
3.15
1.34
1.31
1.615
1.64
2.28
1.91
1.91
1.9
3.9
4.1
1.26
1.27
1.94
2.64
1.56
2.4
1.66
1.47
4.9
7.1
1.111
1.2
2.76
1.75
2.22
1.7
2.32
2.54
3.35
3
1.41
1.35
1.54
1.81
2.14
2.15
1.8
3.1
3.8
2.28
1.66
1.285
1.39
2.32
1.7
2.3
1.71
10
6
1.32
3.5
1.143
1.06
2.32
1.7
1.71
2.3
2
3.55
4.3
1.25
1.333
1.88
2.875
1.51
1.91
2.05
6.4
4.333
1.59
2.48
1.25
1.143
1.92
2.04
2.06
1.9
1.25
6.5
16
1.035
1.143
4.333
1.74
2.3
2.65
1.58
1.58
4.05
7.4
1.125
1.285
2.52
2.02
1.94
1.76
2.26
1.31
5.7
13
1.05
1.166
3.75
1.92
2.04
2.52
1.63
2.68
3.3
2.95
1.444
1.37
1.52
1.87
2.1
1.833
2.16
1.54
4.4
7.2
1.125
1.25
2.62
1.94
2.02
2.14
1.84
9.5
5.2
1.39
3.2
1.19
1.08
1.833
2.15
2.375
1.7
2.25
3.55
3.45
1.35
1.333
1.7
1.64
2.5
2.18
1.81
1.98
3.5
4.45
1.24
1.34
1.9
2.875
1.51
1.75
2.28
2.625
3.4
2.94
1.45
1.363
1.54
1.87
2.1
2.12
1.86
1.571
4.333
6.8
1.133
1.25
2.54
1.99
1.97
2.14
1.84
1.72
3.75
6
1.166
1.31
2.22
2.3
1.74
2
1.96
1.86
3.6
5
1.21
1.333
2.02
2.6
1.6
1.833
2.15
3.25
3.4
2.42
1.615
1.363
1.38
2.32
1.727
1.89
2.08
1.85
3.6
5.1
1.2
1.333
2.04
2.58
1.61
1.87
2.1
6
3.85
1.7
2.26
1.3
1.166
1.77
2.25
2.12
1.86
1.68
4
5.9
1.166
1.285
2.3
2.22
1.79
2.2
1.8
7.2
4.333
1.55
2.6
1.25
1.125
2
1.96
2.18
1.81
2
3.5
4.333
1.25
1.34
1.88
1.444
3.15
2.02
1.952
1.87
3.6
4.95
1.21
1.333
2.02
1.363
3.6
1.87
2.1
2.04
3.55
4.1
1.27
1.333
1.85
1.48
2.98
1.91
2.05
7.2
4.1
1.58
2.52
1.27
1.125
1.96
2
2.3
1.74
1.727
3.65
6.2
1.153
1.32
2.22
2.32
1.727
2.06
1.909
1.56
4.2
7.3
1.125
1.26
2.56
1.99
1.97
1.77
2.25
1.97
3.6
4.35
1.25
1.333
1.91
1.444
3.15
2
1.96
2.8
3.4
2.75
1.5
1.363
1.48
2
1.96
1.98
1.98
6.4
3.65
1.71
2.24
1.32
1.143
1.75
2.28
2.06
1.909
1.333
5.5
12
1.055
1.181
3.55
2.02
1.952
2.24
1.77
1.42
4.9
9.4
1.08
1.21
3.05
2.26
1.76
2.14
1.84
2.72
3.4
2.75
1.48
1.34
1.48
1.952
1.97
1.84
2.1
2.15
3.5
3.65
1.3
1.32
1.74
1.56
2.64
2.04
1.89
1.74
3.85
5.2
1.181
1.285
2.14
2.34
1.69
2.15
1.8
2.32
3.45
3.3
1.35
1.333
1.64
1.666
2.38
1.75
2.22
1.97
3.5
4.3
1.24
1.32
1.87
1.43
3.125
1.85
2.08
2.14
3.45
3.75
1.3
1.333
1.74
1.54
2.7
1.81
2.14
1.88
3.75
4.4
1.23
1.3
1.96
2.6
1.571
2.08
1.85
2
3.55
4.1
1.26
1.32
1.85
2.82
1.5
2.15
1.8
2.7
3.45
2.74
1.48
1.333
1.49
1.94
1.98
2.08
1.85
2.28
3.4
3.4
1.34
1.34
1.66
1.64
2.44
1.84
2.1
2.56
3.45
2.9
1.444
1.333
1.533
1.84
2.1
1.84
2.1
3.9
3.6
2.04
1.81
1.31
1.27
1.47
2.94
2.04
1.89
2.9
3.3
2.72
1.51
1.37
1.46
2.02
1.92
1.87
2.08
4.35
3.6
1.87
1.96
1.3
1.23
1.56
2.56
2.26
1.7
2.4
3.5
2.95
1.42
1.32
1.59
1.76
2.16
1.94
1.94
2.8
3.5
2.5
1.55
1.32
1.45
2.06
1.833
1.97
1.91
5.5
4.3
1.59
2.4
1.23
1.166
1.84
2.05
2.1
1.8
3.125
3.5
2.3
1.64
1.32
1.38
2.3
1.68
2.1
1.8
2.15
3.5
3.45
1.333
1.32
1.727
1.571
2.54
1.97
1.91
3.05
3.5
2.35
1.615
1.32
1.4
2.22
1.72
2.1
1.8
1.27
6.5
10
1.06
1.125
3.9
1.82
2.08
2.7
1.51
1.77
3.75
4.75
1.2
1.285
2.08
2.4
1.63
2.18
1.75
6
4.35
1.55
2.5
1.23
1.143
1.92
1.96
2.42
1.615
1.444
4.6
7.6
1.095
1.21
2.84
1.76
2.16
2.22
1.72
1.571
4.2
6
1.143
1.24
2.45
2.02
1.87
2.15
1.77
2.8
3.5
2.5
1.55
1.32
1.45
2.06
1.833
2.04
1.85
3.6
3.6
2.05
1.79
1.3
1.3
2.68
1.52
2.1
1.8
1.285
6
10.5
1.055
1.143
3.75
1.86
2.02
2.6
1.55
2.95
3.5
2.4
1.59
1.32
1.42
2.16
1.76
1.88
2
5.1
3.8
1.72
2.16
1.285
1.181
1.69
2.28
2.64
1.533
1.37
5
9
1.07
1.181
3.2
2.14
1.78
2.46
1.6
2.35
3.5
3.05
1.4
1.32
1.615
1.72
2.22
1.94
1.94
1.615
4
5.8
1.153
1.26
2.35
2.1
1.8
1.88
2
3.6
3.6
2.05
1.79
1.3
1.3
2.68
1.52
2.04
1.85
1.5
4.5
6.5
1.125
1.222
2.64
1.87
2.02
2.54
1.571
1.5
4.3
7
1.111
1.23
2.64
1.87
2.02
2.22
1.72
2.1
3.65
3.45
1.333
1.3
1.76
1.56
2.56
2.1
1.8
2.375
3.5
2.98
1.41
1.32
1.6
1.74
2.2
1.97
1.91
5.5
4.15
1.615
2.35
1.25
1.166
1.8
2.1
2.18
1.75
1.833
3.8
4.3
1.23
1.285
2
2.54
1.571
2.1
1.8
2.15
3.6
3.35
1.34
1.3
1.727
1.59
2.48
2.18
1.75
1.8
3.75
4.55
1.21
1.285
2.04
2.44
1.61
2.46
1.6
3.8
3.6
2
1.833
1.3
1.285
1.47
2.85
2.06
1.833
2.8
3.5
2.5
1.55
1.32
1.45
2.06
1.833
1.98
1.9
2.5
3.5
2.8
1.45
1.32
1.55
1.833
2.06
2
1.88
1.91
3.6
4.15
1.25
1.3
1.92
2.72
1.51
1.8
2.1
3.125
3.6
2.25
1.666
1.3
1.38
2.32
1.666
2.35
1.65
2.38
3.45
3
1.41
1.333
1.6
1.74
2.2
2.18
1.75
4.9
3.75
1.75
2.12
1.285
1.19
1.64
2.375
2.1
1.8
1.25
6.5
12
1.04
1.125
4.1
1.75
2.18
2.75
1.5
3.6
3.6
2.05
1.79
1.3
1.3
1.444
2.95
2.32
1.666
1.5
4.3
7
1.111
1.23
2.64
1.87
2.02
2.22
1.72
10.5
6.3
1.27
3.9
1.133
1.055
2.08
1.82
2.75
1.5
3.15
3.5
2.2
1.65
1.285
1.34
2.34
1.615
2.1
1.75
1.55
3.8
6.7
1.095
1.25
2.4
1.952
1.87
2.8
1.45
1.833
3.7
4.1
1.222
1.27
1.94
2.52
1.54
2.54
1.533
2.58
3.5
2.6
1.48
1.285
1.48
1.9
1.92
2.82
1.444
2.375
3.5
2.84
1.41
1.285
1.56
1.75
2.1
2.54
1.533
2.45
3
3.5
1.32
1.41
1.58
1.666
2.38
1.54
2.7
2.3
3.05
3.8
1.285
1.4
1.65
1.571
2.6
1.571
2.62
2.24
3.05
4
1.26
1.4
1.68
1.533
2.72
1.5
2.82
2.14
3.1
4.25
1.24
1.39
1.74
1.47
2.94
1.49
2.86
2.24
3.05
4
1.26
1.4
1.68
1.533
2.72
1.533
2.72
1.84
3.3
5.6
1.166
1.35
2
1.3
4
1.571
2.62
2.26
3.1
3.85
1.285
1.39
1.666
1.55
2.66
1.52
2.76
1.87
3.3
5.3
1.181
1.35
1.97
1.32
3.8
1.59
2.56
2.14
3.1
4.25
1.24
1.39
1.74
1.47
2.94
1.52
2.76
2.05
3.15
4.55
1.222
1.38
1.81
1.42
3.15
1.54
2.68
3.7
3.05
2.25
1.666
1.4
1.3
2.56
1.56
1.6
2.46
1.79
3.45
5.2
1.181
1.333
2.06
2.48
1.59
1.55
2.6
2.46
3
3.3
1.35
1.41
1.571
1.69
2.28
1.52
2.68
2.72
3
2.94
1.42
1.41
1.48
1.87
2.02
1.63
2.4
2.26
3
3.75
1.285
1.41
1.66
1.55
2.6
1.46
2.88
2.96
3
2.7
1.48
1.41
1.41
2.04
1.85
1.5
2.75
2.78
3
2.875
1.444
1.41
1.46
1.909
1.97
1.571
2.54
2.05
3
4.55
1.21
1.41
1.79
1.41
3.1
1.45
2.92
1.6
3.55
7.4
1.1
1.31
2.38
2.1
1.8
1.571
2.54
2.96
3
2.7
1.48
1.41
1.41
2.04
1.85
1.6
2.46
1.9
3.15
5.1
1.181
1.38
1.93
1.333
3.55
1.571
2.54
2.3
3.3
3.125
1.35
1.32
1.59
1.66
2.25
1.7
2.18
5.3
3.8
1.65
2.2
1.25
1.143
1.7
2.18
1.87
1.952
2.65
3.3
2.65
1.46
1.32
1.46
1.91
1.91
1.8
2.04
2.3
3.4
3.05
1.363
1.3
1.59
1.68
2.22
1.82
2.02
2.4
3.3
2.95
1.38
1.32
1.55
1.727
2.14
1.75
2.1
3.125
3.3
2.3
1.59
1.32
1.35
2.25
1.66
1.75
2.1
2.15
3.5
3.45
1.333
1.32
1.727
1.571
2.54
1.88
2
1.615
3.75
6.4
1.125
1.285
2.35
2.1
1.8
1.94
1.94
1.65
3.95
5.5
1.166
1.26
2.28
2.16
1.76
2.22
1.72
1.5
4.25
7.2
1.111
1.24
2.64
1.88
2
2
1.88
2.4
3.5
2.95
1.42
1.32
1.59
1.76
2.16
1.88
2
3.45
3.5
2.15
1.727
1.32
1.333
2.54
1.571
2
1.88
2.34
3.5
3.05
1.4
1.32
1.615
1.71
2.24
1.85
2.04
4.15
3.65
1.9
1.93
1.3
1.25
3.1
1.41
1.84
2.05
2.2
3.55
3.3
1.35
1.31
1.69
1.615
2.42
2.05
1.84
1.78
3.75
5.1
1.181
1.3
2.08
1.32
3.8
2.35
1.68
2.24
3.5
3.4
1.34
1.32
1.68
1.63
2.46
1.92
2
2.25
3.45
3.45
1.333
1.333
1.68
1.615
2.5
1.94
1.98
2.85
3.55
2.54
1.54
1.32
1.45
2.08
1.85
1.9
2.02
3.3
3.6
2.25
1.68
1.31
1.35
2.42
1.65
2.15
1.8
1.8
3.75
4.9
1.2
1.3
2.06
1.34
3.65
2.32
1.7
2.42
3.65
2.96
1.42
1.3
1.59
1.78
2.18
2.18
1.78
1.43
4.65
9
1.075
1.21
2.92
2.3
1.71
2.22
1.75
2.6
3.2
2.76
1.43
1.333
1.48
1.85
1.97
1.76
2.08
1.1
9
26
0
1.05
6.6
1.75
2.1
3
1.4
3.75
3.65
1.93
1.84
1.27
1.26
2.82
1.444
2.45
1.56
1.66
4
4.85
1.166
1.23
2.18
2.16
1.71
3
1.4
1.49
4.25
6.6
1.1
1.21
2.56
1.833
1.99
2.04
1.8
1.3
5.5
9.3
1.05
1.143
3.4
1.94
1.88
2.46
1.56
1.81
3.55
4.45
1.2
1.285
1.96
1.34
3.3
2.3
1.63
1.94
3.35
4.1
1.222
1.31
1.833
2.8
1.45
1.6
2.375
1.71
3.65
5
1.166
1.27
2.1
2.3
1.63
1.833
2
2.65
3.35
2.4
1.47
1.25
1.39
1.97
1.78
1.666
2.12
3.15
3.3
2.46
1.571
1.35
1.38
2.24
1.74
1.7
2.32
2.05
3.55
3.9
1.27
1.32
1.81
2.94
1.47
1.96
1.96
1.92
3.55
4.5
1.222
1.32
1.92
1.4
3.25
1.82
2.12
2.6
3.3
2.96
1.42
1.35
1.52
1.84
2.1
1.7
2.32
2.05
3.55
3.9
1.27
1.32
1.81
1.49
2.86
1.9
2.02
1.59
3.95
6.9
1.125
1.27
2.42
2.06
1.87
1.87
2.06
2.46
3.3
3.15
1.38
1.35
1.571
1.74
2.24
1.78
2.18
2.2
3.4
3.6
1.31
1.34
1.7
1.58
2.58
1.85
2.08
2.36
3.3
3.35
1.35
1.35
1.615
3.65
1.34
1.6
2.52
3.1
3.4
2.45
1.58
1.34
1.39
2.22
1.75
2.02
1.9
2.28
3.3
3.35
1.34
1.35
1.65
1.63
2.4
1.833
2.06
3.05
3.3
2.44
1.571
1.35
1.4
2.18
1.75
1.87
2.02
2.62
3.25
2.84
1.444
1.363
1.51
1.86
2.02
1.75
2.18
1.48
4.15
8
1.085
1.25
2.7
1.84
2.05
1.87
2.02
2.2
3.3
3.5
1.32
1.35
1.69
1.58
2.52
1.833
2.06
2.14
3.4
3.55
1.31
1.333
1.727
1.55
2.6
1.78
2.14
2.06
3.45
3.75
1.285
1.333
1.79
1.5
2.75
1.87
2.02
1.7
3.7
5.5
1.166
1.3
2.18
2.28
1.69
1.87
2.02
1.444
4.55
8.4
1.09
1.222
2.9
2.4
1.66
2.02
1.9
1.9
3.3
4.95
1.2
1.363
1.96
2.72
1.533
1.72
2.28
1.74
4
5.2
1.19
1.285
2.2
2.3
1.72
2.34
1.7
1.125
11
29
1.004
1.065
7
2.1
1.86
2.04
1.9
1.55
4.65
6.5
1.143
1.23
2.6
1.92
2.02
2.52
1.615
5
4.1
1.75
2.18
1.27
1.21
1.71
2.32
2.46
1.64
2.2
3.7
3.45
1.35
1.32
1.74
1.615
2.52
2.32
1.71
1.64
4.35
5.7
1.166
1.25
2.375
2.08
1.87
2.44
1.65
1.58
4.45
6.3
1.153
1.24
2.52
2
1.94
2.25
1.75
2.62
3.5
2.875
1.46
1.34
1.54
1.88
2.08
2.04
1.9
3.25
3.55
2.36
1.65
1.333
1.38
2.34
1.7
2.26
1.74
2.22
3.6
3.5
1.34
1.333
1.72
1.61
2.54
2.26
1.74
2.42
3.4
3.25
1.38
1.363
1.615
1.72
2.3
2.04
1.9
2.75
3.4
2.8
1.48
1.363
1.5
1.952
1.99
2.34
1.7
2.3
3.5
3.4
1.363
1.34
1.68
1.65
2.44
2.44
1.65
3.4
3.55
2.28
1.69
1.333
1.363
2.44
1.65
2.38
1.68
2.78
3.45
2.74
1.5
1.35
1.49
1.99
1.952
2.12
1.833
2.88
3.45
2.64
1.533
1.35
1.46
2.06
1.89
2.56
1.6
2.12
3.65
3.7
1.32
1.32
1.79
1.55
2.7
2.3
1.72
2.14
3.65
3.65
1.32
1.32
1.77
1.56
2.68
2.26
1.74
1.97
3.85
4.05
1.285
1.3
1.91
1.46
3.05
2.2
1.78
1.1
14
31
1.001
1.04
8.2
1.833
2.12
2
1.94
1.444
4.7
9.1
1.085
1.222
2.95
1.74
2.28
2.44
1.65
2.12
3.65
3.7
1.32
1.32
1.79
1.55
2.7
2.12
1.833
8.2
4.4
1.5
2.75
1.25
1.1
2.12
1.84
2.875
1.5
2.04
3.8
3.8
1.3
1.3
1.85
1.51
2.84
2.52
1.615
1.7
3.9
5.9
1.166
1.3
2.26
2.22
1.77
2.34
1.7
2.25
3.5
3.5
1.34
1.34
1.7
1.615
2.52
2.12
1.833
1.7
3.9
5.9
1.166
1.3
2.26
2.24
1.76
2.2
1.78
1.65
4
5.9
1.153
1.26
2.3
2.14
1.81
2.28
1.72
2.32
3.3
3.45
1.333
1.35
1.64
1.64
2.44
1.74
2.24
4.55
3.65
1.88
1.96
1.3
1.222
1.56
2.64
1.99
1.93
2.74
3.3
2.8
1.46
1.35
1.48
1.94
1.98
1.85
2.08
1.94
3.6
4.3
1.24
1.31
1.9
2.72
1.533
1.96
1.96
4.3
3.55
1.96
1.88
1.32
1.24
1.51
2.8
1.92
2
1.833
3.9
4.45
1.222
1.27
2.02
2.52
1.6
2.08
1.85
1.7
3.9
5.5
1.166
1.27
2.2
2.26
1.727
1.84
2.1
1.9
3.85
4.15
1.25
1.285
1.94
2.66
1.55
2.08
1.85
2.3
3.3
3.125
1.35
1.32
1.59
1.66
2.25
2.04
1.8
1.65
3.9
5.1
1.153
1.24
2.2
2.18
1.7
1.85
1.97
2.6
3.2
2.76
1.43
1.333
1.48
1.85
1.97
1.7
2.18
2.92
3.3
2.42
1.54
1.32
1.39
2.1
1.75
2.18
1.7
2.4
3.3
2.95
1.38
1.32
1.55
1.727
2.14
1.86
1.96
1.4
4.7
7.6
1.075
1.181
2.88
1.69
2.2
1.94
1.88
2
3.35
3.85
1.25
1.31
1.78
1.45
2.8
1.7
2.18
2.25
3.4
3.125
1.35
1.3
1.615
1.64
2.28
1.76
2.08
2.76
3.2
2.6
1.48
1.333
1.43
1.97
1.85
1.8
2.04
2.05
3.45
3.55
1.285
1.3
1.74
1.51
2.6
1.61
2.35
4.65
3.95
1.6
2.12
1.19
1.133
1.7
2.08
1.68
2.1
2.46
3.15
2.98
1.38
1.34
1.533
1.74
2.12
1.89
1.93
2.18
3.3
3.35
1.31
1.32
1.66
1.58
2.42
2.04
1.8
3.125
3.3
2.3
1.59
1.32
1.35
2.25
1.66
1.96
1.86
2.14
3.3
3.45
1.3
1.32
1.68
1.55
2.48
2.08
1.77
2.22
3.3
3.3
1.32
1.32
1.64
1.6
2.375
2.12
1.74
3.7
3.6
2.1
1.77
1.31
1.3
2.72
1.533
2.06
1.87
1.7
3.8
5.7
1.153
1.285
2.2
2.24
1.74
2.08
1.85
1.8
3.6
5.2
1.181
1.31
2.06
2.46
1.63
2.08
1.85
4.05
3.6
2
1.85
1.31
1.26
2.98
1.46
2.02
1.9
2.1
3.45
3.85
1.285
1.333
1.77
1.51
2.8
2
1.92
3.15
3.55
2.35
1.63
1.32
1.38
2.3
1.71
1.97
1.952
2.3
3.45
3.15
1.38
1.333
1.64
1.68
2.3
1.98
1.9
2.4
3.45
2.98
1.41
1.333
1.59
1.75
2.18
2.18
1.75
4.1
3.7
1.9
1.93
1.3
1.25
3.05
1.42
2.52
1.58
6.5
4.5
1.5
2.64
1.222
1.125
2.05
1.84
3.15
1.4
2.15
3.55
3.4
1.333
1.31
1.727
1.58
2.52
2.46
1.6
3.85
3.55
2
1.833
1.31
1.285
2.85
1.47
2.18
1.75
11
7.1
1.25
4.25
1.125
1.06
2.32
1.7
3.25
1.4
2.25
3.2
3.3
1.32
1.333
1.615
1.61
2.35
1.55
2.48
3.75
3.25
2.06
1.74
1.333
1.26
2.7
1.48
1.615
2.34
2.75
3.15
2.65
1.46
1.34
1.43
1.952
1.87
1.63
2.3
2.25
3.1
3.45
1.3
1.35
1.615
1.58
2.42
1.65
2.26
2.36
3.05
3.25
1.333
1.363
1.571
1.63
2.3
1.65
2.26
2.2
3.45
3.7
1.32
1.35
1.74
3.35
1.4
1.85
2.1
2.36
3.45
3.3
1.37
1.35
1.65
1.69
2.36
1.727
2.3
1.166
8.9
21
1.017
1.09
5.8
1.81
2.16
2.22
1.77
2.12
3.5
3.9
1.3
1.34
1.79
3.1
1.444
1.78
2.2
1.55
4.35
7.1
1.125
1.25
2.6
1.96
1.98
1.99
1.952
2
3.5
4.35
1.25
1.34
1.88
2.875
1.5
2
1.94
2.52
3.4
3.1
1.41
1.363
1.58
1.79
2.2
1.96
1.98
1.571
4.25
7
1.125
1.26
2.54
1.99
1.952
2.25
1.75
3.75
3.4
2.2
1.74
1.363
1.31
2.68
1.56
1.9
2.04
13
6.9
1.26
4.2
1.133
1.05
1.727
2.3
1.9
2.04
2.05
3.45
4.2
1.26
1.35
1.84
2.98
1.47
1.85
2.1
1.09
15
34
0
1.036
8.8
1.727
2.3
2.48
1.63
1.65
3.95
6.4
1.143
1.285
2.35
2.15
1.82
2.1
1.85
15
6.4
1.26
4.2
1.143
1.036
2.25
1.75
1.85
2.1
3.3
3.4
2.4
1.63
1.363
1.37
2.34
1.7
1.9
2.04
2.62
3.45
2.9
1.46
1.35
1.54
1.87
2.08
1.89
2.06
2.9
3.5
2.6
1.55
1.34
1.46
2.08
1.87
1.96
1.98
1.65
4.05
6.2
1.153
1.285
2.35
2.12
1.833
2.25
1.75
1.3
6
13
1.05
1.166
3.8
1.88
2.08
2.48
1.63
2.8
3.4
2.75
1.5
1.363
1.48
1.99
1.952
2
1.94
1.9
3.5
4.9
1.21
1.34
1.98
2.68
1.56
1.72
2.3
1.68
3.9
6.1
1.153
1.3
2.3
2.22
1.77
1.9
2.04
7.2
4.333
1.55
2.6
1.25
1.125
1.94
2
1.9
2.04
1.9
3.6
4.75
1.222
1.333
1.98
2.64
1.571
1.9
2.04
1.125
10.5
31
1.001
1.07
7
1.7
2.34
2.3
1.72
2.44
3.3
3.3
1.37
1.37
1.61
1.71
2.32
1.89
2.06
1.952
3.5
4.6
1.23
1.34
1.93
2.75
1.533
1.99
1.952
2.65
3.35
2.95
1.444
1.363
1.533
1.87
2.08
1.8
2.18
1.444
4.8
8.7
1.09
1.222
2.95
1.75
2.25
2.1
1.85
9.7
5.5
1.37
3.3
1.181
1.08
1.88
2.08
2.875
1.5
1.98
3.7
3.9
1.285
1.31
1.88
1.48
2.9
2.04
1.88
2.05
3.4
4
1.27
1.35
1.82
1.48
2.9
1.71
2.3
2
3.4
4.2
1.25
1.35
1.86
1.444
3.05
1.74
2.24
2.52
3.2
3.1
1.4
1.38
1.56
1.78
2.18
1.71
2.3
2.55
3.2
3.05
1.41
1.38
1.55
1.8
2.15
1.74
2.24
1.94
3.4
4.5
1.23
1.35
1.92
1.4
3.25
1.71
2.3
2.46
3.3
3.1
1.4
1.363
1.59
1.75
2.22
1.71
2.3
1.533
4.1
7.4
1.111
1.26
2.6
1.94
1.98
1.92
2
2.15
3.3
3.8
1.3
1.363
1.75
1.533
2.72
1.66
2.4
2.18
3.4
3.6
1.32
1.35
1.727
1.571
2.6
1.85
2.08
1.82
3.6
4.9
1.2
1.32
2.05
1.34
3.65
1.75
2.22
3
3.3
2.64
1.533
1.37
1.43
2.1
1.85
1.75
2.25
1.3
5.8
14
1.04
1.166
3.8
1.97
1.97
2.38
1.68
2.28
3.35
3.6
1.333
1.363
1.69
1.61
2.54
1.97
1.97
2.04
3.5
4.2
1.26
1.34
1.85
1.46
3.05
1.75
2.25
2.14
3.5
3.8
1.3
1.34
1.77
1.54
2.74
1.82
2.15
3.9
3.5
2.12
1.79
1.34
1.3
2.8
1.52
1.85
2.1
2.42
3.3
3.35
1.363
1.37
1.615
1.7
2.34
1.94
2
1.23
6.8
18
1.025
1.133
4.6
1.75
2.25
2.34
1.7
1.42
4.8
9.7
1.08
1.222
3.05
2.2
1.78
2.18
1.8
1.78
3.8
5.3
1.19
1.3
2.14
2.38
1.68
2.1
1.85
1.92
3.6
4.6
1.23
1.333
1.96
2.7
1.55
1.85
2.1
1.47
4.85
7.8
1.111
1.21
2.85
1.8
2.18
2.08
1.87
1.4
5.2
9.2
1.085
1.19
3.15
2.2
1.79
2.2
1.78
7.7
4.9
1.47
2.85
1.21
1.111
1.666
2.4
2.25
1.75
2.82
3.35
2.76
1.5
1.363
1.48
1.99
1.952
1.85
2.1
2.8
3.35
2.8
1.48
1.363
1.48
1.97
1.97
1.77
2.22
2
3.4
4.5
1.24
1.363
1.88
1.42
3.2
1.9
2.04
2.88
3.3
2.74
1.5
1.37
1.46
2.02
1.92
1.85
2.1
4.1
3.5
2.06
1.833
1.34
1.27
2.95
1.48
1.952
1.99
1.39
5
10.5
1.07
1.21
3.2
2.16
1.81
2.15
1.82
1.8
3.6
5.5
1.181
1.333
2.1
2.44
1.65
1.9
2.04
2.3
3.3
3.6
1.333
1.37
1.68
1.615
2.52
1.94
2
3.3
3.3
2.45
1.61
1.37
1.37
2.3
1.72
1.92
2.02
3.9
3.4
2.15
1.77
1.363
1.3
2.75
1.533
1.89
2.06
1.4
5
9.9
1.075
1.21
3.15
0
0
2.15
1.82
1.85
3.6
5.1
1.2
1.333
2.04
2.54
1.61
1.97
1.97
2.2
3.3
3.9
1.3
1.37
1.74
1.54
2.74
1.78
2.2
1.3
6
13
1.05
1.166
3.8
1.88
2.08
2.34
1.7
1.51
4.2
8.7
1.09
1.26
2.72
1.85
2.1
2.34
1.7
3.6
3.4
2.26
1.7
1.363
1.333
2.56
1.6
2.02
1.92
2.25
3.15
3.7
1.31
1.39
1.69
1.58
2.58
1.75
2.22
2.52
3
3.35
1.363
1.42
1.56
1.72
2.28
1.8
2.15
1.98
3.4
4.3
1.25
1.35
1.88
1.43
3.125
1.8
2.15
2.62
3
3.15
1.39
1.42
1.533
1.79
2.16
1.8
2.15
2.86
3
2.86
1.46
1.42
1.46
1.96
1.96
1.8
2.15
1.94
3.45
4.45
1.23
1.34
1.92
1.41
3.2
1.75
2.22
1.58
4
6.8
1.125
1.27
2.48
2.05
1.88
1.9
2.02
2.52
3
3.35
1.363
1.42
1.56
1.72
2.28
1.8
2.15
3.05
3
2.7
1.5
1.42
1.41
2.08
1.85
1.9
2.02
2.66
3
3.1
1.4
1.42
1.51
1.82
2.12
1.85
2.08
3
3.1
2.66
1.51
1.4
1.42
2.08
1.85
1.8
2.15
1.86
3.4
3.85
1.2
1.25
1.79
2.64
1.45
1.75
2
1.2
6.8
16
1.018
1.111
4.75
2.18
1.75
1.94
1.94
2.68
3.2
2.68
1.45
1.333
1.45
1.91
1.91
2.1
1.75
4.3
3.35
1.9
1.87
1.31
1.21
1.5
2.625
2.18
1.7
4.8
3.6
1.75
2.04
1.285
1.181
1.615
2.34
2.26
1.65
3.85
3.35
2
1.78
1.31
1.25
1.444
2.82
2.18
1.7
3.95
3.3
2.1
1.78
1.363
1.285
2.82
1.5
1.94
1.98
2.05
3.25
3.8
1.25
1.333
1.74
1.47
2.72
1.96
1.86
1.85
3.4
4.45
1.2
1.3
1.92
2.6
1.51
1.91
1.91
3.3
3.35
2.18
1.66
1.31
1.32
2.4
1.59
2.26
1.65
1.49
4.3
6.5
1.1
1.21
2.56
1.833
1.99
2.26
1.65
2.9
3.2
2.5
1.51
1.333
1.4
2.06
1.78
1.79
2.05
2.15
3.2
3.55
1.285
1.333
1.68
1.533
2.54
1.8
2.04
2.35
3.2
3.125
1.35
1.333
1.571
1.666
2.24
1.8
2.04
2.72
3.45
2.8
1.48
1.35
1.51
1.94
2
1.85
2.1
1.46
4.5
9.3
1.085
1.24
2.88
1.78
2.2
1.85
2.1
2.85
3.3
2.76
1.5
1.37
1.47
2
1.94
1.69
2.36
1.27
7
12
1.055
1.125
4.1
1.79
2.2
2.18
1.8
2
3.6
4.2
1.26
1.333
1.88
1.45
3.1
1.71
2.32
3
3.4
2.58
1.55
1.363
1.43
2.12
1.833
1.85
2.1
2.3
3.65
3.25
1.38
1.32
1.68
1.68
2.38
2.1
1.85
5.6
4.2
1.666
2.32
1.26
1.181
1.79
2.2
2.05
1.9
1.45
4.8
8.5
1.095
1.222
2.92
1.75
2.25
2.25
1.75
3.75
3.55
2.14
1.77
1.333
1.31
2.7
1.55
1.94
2
2.85
3.5
2.65
1.533
1.34
1.47
2.04
1.9
2.25
1.75
1.85
3.75
4.8
1.222
1.31
2.04
2.54
1.615
2.1
1.85
1.222
7.2
17
1.03
1.125
4.7
1.94
2
2.56
1.6
2.78
3.4
2.78
1.49
1.363
1.49
1.97
1.97
1.85
2.1
1.27
6.2
15
1.036
1.153
4.1
1.78
2.2
2.3
1.72
2.5
3.45
3.1
1.41
1.35
1.58
1.78
2.2
1.8
2.18
2.6
3.3
3.05
1.42
1.37
1.55
1.82
2.15
1.85
2.1
2.34
3.5
3.3
1.37
1.34
1.66
1.68
2.38
2.12
1.833
2.78
3.4
2.78
1.49
1.363
1.49
1.97
1.97
1.9
2.04
1.35
5.5
11
1.065
1.181
3.45
1.56
2.66
2.25
1.75
1.153
9.9
21
1.017
1.075
6.1
2.05
1.9
3.1
1.45
3.9
3.4
2.15
1.77
1.363
1.3
2.75
1.533
1.8
2.18
4.45
3.6
1.952
1.93
1.333
1.24
1.54
2.74
1.85
2.1
2.5
3.45
3.1
1.41
1.35
1.58
1.78
2.2
2.02
1.92
1.4
4.75
9.9
1.065
1.21
3.05
2.18
1.78
2.82
1.5
2.64
3.35
2.96
1.444
1.363
1.533
1.85
2.1
1.8
2.18
1.125
11
29
1.004
1.065
7
2.15
1.82
1.72
2.3
1.84
3.8
4.8
1.222
1.3
2.05
2.54
1.61
1.97
1.97
1.63
4.2
6.1
1.153
1.26
2.4
2.1
1.85
2.08
1.87
1.23
7.6
14
1.04
1.111
4.6
2.1
1.85
3.1
1.444
1.74
4.2
4.95
1.21
1.26
2.2
2.3
1.72
2.7
1.55
1.42
4.95
9.2
1.085
1.21
3.05
2.4
1.666
2.12
1.833
1.45
4.7
8.9
1.09
1.222
2.92
1.75
2.25
2.1
1.85
7
4.5
1.48
2.7
1.222
1.111
1.571
2.54
2.6
1.55
3.1
3.45
2.5
1.58
1.35
1.41
2.2
1.78
1.7
2.34
2.7
3.4
2.84
1.47
1.363
1.51
1.92
2.02
2.1
1.85
1.133
8.8
21
1.003
1.075
6.2
2.34
1.66
2.92
1.45
1.3
6
13
1.05
1.166
3.8
1.75
2.25
2.44
1.65
1.181
8.5
19
1.022
1.095
5.4
1.87
2.08
1.97
1.97
1.88
3.8
4.55
1.23
1.3
2
1.39
3.4
1.89
2.06
1.166
9
21
1.017
1.085
5.8
1.81
2.16
2.7
1.55
5.6
4.7
1.5
2.54
1.181
1.133
2.04
1.8
2.625
1.5
1.2
7
12
1.022
1.09
4.4
2.14
1.727
2.34
1.615
1.25
6
11
1.03
1.125
3.8
1.78
2.06
2.54
1.533
1.181
7.5
13
1.016
1.075
4.65
1.99
1.84
2.8
1.45
1.727
4
4.333
1.21
1.23
2.08
2.3
1.63
2.24
1.666
2
3.6
3.55
1.285
1.285
1.78
1.49
2.66
2.8
1.45
11
6
1.25
3.8
1.125
1.03
2.05
1.79
2.34
1.615
1.7
3.7
5.8
1.166
1.31
2.24
2.26
1.727
1.92
2
1.7
3.7
5.8
1.166
1.31
2.24
2.26
1.727
2
1.92
2.2
3.4
3.55
1.333
1.35
1.72
1.59
2.55
2.08
1.85
3.4
3.3
2.3
1.66
1.363
1.35
2.44
1.64
2.02
1.9
1.88
3.55
4.6
1.222
1.333
1.98
2.64
1.56
1.8
2.15
2.68
3.2
2.9
1.444
1.38
1.51
1.89
2.04
1.78
2.18
1.9
3.5
4.55
1.222
1.333
1.96
2.66
1.55
1.9
2.02
3.5
3.3
2.26
1.68
1.363
1.333
2.5
1.615
1.88
2.05
3.95
3.45
2.05
1.82
1.34
1.285
2.86
1.49
1.8
2.15
1.6
4.5
5.6
1.166
1.222
2.4
2.04
1.89
2.86
1.49
1.61
4.35
5.7
1.153
1.23
2.38
2
1.92
3.15
1.42
1.54
4.5
6.5
1.125
1.222
2.55
1.87
2.06
2.98
1.46
2.2
3.7
3.35
1.35
1.3
1.7
1.63
2.46
2.64
1.56
2.4
3.5
3.1
1.39
1.32
1.6
1.74
2.24
2.15
1.8
3.65
3.65
2.1
1.77
1.3
1.3
2.7
1.54
2.22
1.75
5.8
4.4
1.6
2.4
1.23
1.153
1.89
2.04
2.82
1.5
6
4.4
1.58
2.45
1.23
1.143
1.94
1.98
3.05
1.45
1.87
3.75
4.45
1.222
1.3
1.97
1.39
3.3
2.4
1.66
1.4
4.7
8.7
1.075
1.2
3.05
2.22
1.72
2.46
1.6
3.1
3.8
2.2
1.69
1.285
1.39
2.34
1.66
2.85
1.47
2.6
3.65
2.6
1.51
1.3
1.51
1.94
1.94
2.46
1.6
4.2
3.8
1.85
1.98
1.285
1.24
1.571
2.54
2.46
1.6
2.2
3.8
3.1
1.39
1.285
1.69
1.66
2.34
2.26
1.7
1.952
3.8
3.75
1.285
1.285
1.88
2.78
1.49
2.4
1.63
1.42
4.7
8
1.085
1.2
2.94
1.69
2.28
3.05
1.42
2.35
3.7
2.9
1.43
1.3
1.615
1.76
2.16
2.75
1.5
2.7
3.7
2.6
1.52
1.3
1.49
2
1.92
2.58
1.58
2.36
3.6
3.1
1.39
1.31
1.615
1.727
2.26
2.46
1.63
2.12
3.6
3.6
1.31
1.31
1.75
1.56
2.64
2.5
1.61
4.85
4.1
1.74
2.14
1.26
1.2
1.7
2.32
2.32
1.7
1.48
4.8
7.1
1.111
1.2
2.74
1.82
2.12
2.52
1.6
2.2
3.65
3.35
1.35
1.3
1.7
1.63
2.46
2.52
1.6
1.4
5.3
8.2
1.085
1.181
3.05
2.15
1.8
2.6
1.571
2.18
3.75
3.35
1.35
1.3
1.71
1.615
2.5
2.46
1.63
4.95
3.75
1.7
2.12
1.26
1.166
1.666
2.24
2.05
1.79
3.45
3.5
2.08
1.72
1.285
1.3
2.54
1.533
1.75
2.1
3.65
3.65
1.96
1.81
1.27
1.27
2.72
1.47
1.91
1.91
2.25
3.15
3.35
1.31
1.34
1.615
1.6
2.375
1.6
2.375
6
3.8
1.59
2.32
1.25
1.125
1.76
2.08
1.65
2.26
2.65
3.15
2.75
1.43
1.34
1.46
1.87
1.952
1.6
2.375
1.5
4.05
6.9
1.09
1.23
2.54
1.89
1.93
1.75
2.1
2.5
3.15
2.94
1.39
1.34
1.51
1.77
2.08
1.68
2.22
2.25
3.1
3.45
1.3
1.35
1.615
1.58
2.42
1.65
2.26
2
3.25
4
1.23
1.333
1.78
2.92
1.42
1.64
2.28
3.85
3.4
1.98
1.8
1.3
1.25
2.82
1.444
1.91
1.91
3.1
3.1
2.42
1.54
1.35
1.35
2.18
1.7
1.8
2.04
2.7
3
3.05
1.41
1.42
1.5
1.85
2.08
1.96
1.96
2.6
3
3.2
1.38
1.42
1.533
1.78
2.18
1.85
2.08
2.78
3
2.96
1.43
1.42
1.48
1.9
2.02
1.9
2.02
3.05
3
2.7
1.5
1.42
1.41
2.08
1.85
1.85
2.08
1.65
4
5.7
1.166
1.27
2.32
2.18
1.78
1.85
2.08
1.75
3.7
5.3
1.181
1.31
2.15
2.32
1.7
1.9
2.02
5.7
4
1.65
2.32
1.27
1.166
1.84
2.1
2.08
1.85
1.94
3.35
4.6
1.222
1.363
1.92
1.39
3.3
1.85
2.08
2.4
3.35
3.05
1.4
1.34
1.59
1.727
2.22
2
1.88
2.9
3.45
2.45
1.571
1.333
1.43
2.12
1.79
2
1.88
2.15
3.45
3.5
1.32
1.333
1.727
1.571
2.54
1.94
1.94
2.15
3.45
3.5
1.32
1.333
1.727
1.571
2.54
2.14
1.78
2.15
3.5
3.45
1.333
1.32
1.727
1.571
2.54
1.94
1.94
1.952
3.5
4.1
1.25
1.32
1.88
2.78
1.49
2.04
1.85
3.15
3.2
2.55
1.54
1.37
1.38
2.2
1.78
1.84
2.12
8.8
4.6
1.45
2.84
1.21
1.08
2.2
1.78
2
1.94
4.6
3.6
1.9
1.94
1.31
1.21
1.56
2.68
1.92
2.02
3.65
3.3
2.25
1.68
1.35
1.3
2.58
1.59
2.04
1.9
1.61
3.95
6.8
1.125
1.27
2.38
2.1
1.85
1.7
2.34
1.952
3.45
4.6
1.21
1.333
1.89
2.8
1.52
1.85
2.1
1.38
5.2
9.7
1.065
1.181
3.15
2.18
1.8
1.9
2.04
1.55
4
8
1.09
1.26
2.52
1.96
1.98
1.92
2.02
5.6
3.95
1.7
2.2
1.27
1.166
1.74
2.26
1.833
2.12
2.22
3.5
3.5
1.32
1.32
1.69
1.61
2.54
1.9
2.04
2.28
3.5
3.4
1.34
1.32
1.66
1.65
2.44
1.97
1.97
1.26
6.4
14
1.03
1.133
4.05
1.78
2.2
2.3
1.72
2.52
3.4
3.05
1.4
1.34
1.55
1.8
2.18
1.94
2
2.42
3.35
3.25
1.363
1.35
1.59
1.74
2.26
1.81
2.16
2.3
3.45
3.4
1.34
1.333
1.65
1.65
2.44
1.8
2.18
1.71
3.65
6.2
1.133
1.3
2.18
2.36
1.69
1.87
2.08
1.9
3.6
4.6
1.21
1.31
1.94
2.68
1.56
1.72
2.3
1.35
5.3
11
1.05
1.181
3.3
2.08
1.87
1.94
2
2.6
3.3
3
1.41
1.35
1.52
1.84
2.12
1.8
2.18
3
3.3
2.6
1.52
1.35
1.41
2.12
1.84
1.92
2.02
4.95
3.6
1.85
2
1.31
1.19
1.59
2.58
1.8
2.18
1.75
3.8
5.4
1.166
1.285
2.12
2.38
1.68
1.77
2.22
1.3
6
12
1.045
1.143
3.65
1.97
1.97
2.02
1.92
9.4
4.45
1.45
2.84
1.222
1.07
2.22
1.77
2.02
1.92
1.25
6.5
12
1.04
1.125
4.1
1.82
2.08
1.68
2.3
2
3.4
4.05
1.25
1.333
1.833
2.92
1.45
1.6
2.46
3.1
3.3
2.4
1.59
1.35
1.39
2.22
1.72
1.65
2.35
1.65
3.9
5.6
1.153
1.27
2.28
2.22
1.727
1.533
2.64
2.4
3.3
3.1
1.39
1.35
1.59
1.72
2.22
1.55
2.6
2.78
3.2
2.7
1.48
1.363
1.46
1.97
1.91
1.6
2.46
2.25
3.3
3.4
1.333
1.35
1.666
1.61
2.44
1.65
2.35
1.9
3.6
4.2
1.24
1.3
1.93
2.72
1.51
1.6
2.46
1.6
4
6
1.143
1.26
2.38
2.1
1.8
1.6
2.46
1.6
3.8
6.5
1.125
1.285
2.38
2.1
1.8
1.7
2.26
4.5
3.4
1.9
1.93
1.333
1.222
1.51
2.72
1.72
2.22
3.7
3.4
2.1
1.76
1.333
1.3
2.68
1.52
1.74
2.2
4
3.15
2.1
1.76
1.38
1.26
2.82
1.48
1.55
2.6
2.55
3.2
2.96
1.41
1.363
1.533
1.81
2.1
1.6
2.46
1.4
4.9
8.1
1.085
1.19
3.05
1.7
2.26
1.63
2.4
1.55
4.1
6.6
1.125
1.25
2.5
2
1.88
1.55
2.6
2.6
3.3
2.82
1.45
1.35
1.51
1.86
2.02
1.6
2.46
2.2
3.4
3.4
1.333
1.333
1.69
1.6
2.46
1.6
2.46
4.2
3.4
1.9
1.87
1.3
1.222
3.05
1.39
1.96
1.86
2.76
3
2.76
1.43
1.37
1.43
1.91
1.91
1.75
2.1
2.06
3.3
3.7
1.27
1.32
1.74
1.49
2.66
1.86
1.96
2.6
3
2.94
1.39
1.37
1.48
1.8
2.04
1.8
2.04
4.2
3.4
1.9
1.87
1.3
1.222
3.05
1.39
1.96
1.86
1.75
3.6
4.8
1.181
1.285
2.04
2.26
1.65
1.86
1.96
2.5
3.1
2.98
1.38
1.35
1.51
1.76
2.08
1.75
2.1
3.3
3.2
2.25
1.615
1.333
1.32
2.35
1.61
1.75
2.1
5.5
3.8
1.63
2.24
1.25
1.143
1.74
2.12
2.1
1.75
4.4
3.7
1.78
2
1.27
1.2
1.58
2.42
2.26
1.65
3
3.7
2.2
1.65
1.27
1.37
2.26
1.65
2.08
1.77
2.12
3.2
3.65
1.27
1.333
1.69
1.51
2.6
1.65
2.26
1.21
6.7
12
1.022
1.095
4.25
2.18
1.7
2.3
1.63
1.8
3.5
4.6
1.181
1.285
1.98
2.48
1.55
1.85
1.97
1.21
6.7
12
1.022
1.095
4.25
2.15
1.72
2.625
1.5
3.85
3.45
2.15
1.77
1.35
1.3
2.75
1.533
1.78
2.2
2.02
3.5
4.25
1.26
1.34
1.87
1.45
3.1
1.58
2.62
1.76
3.8
5.4
1.181
1.3
2.16
2.38
1.68
1.85
2.1
3.3
3.3
2.44
1.61
1.37
1.37
2.32
1.71
1.69
2.36
11
5.5
1.3
3.65
1.166
1.05
1.97
1.909
2.1
1.8
1.2
7.3
14
1.027
1.1
4.75
1.952
1.93
2.54
1.571
3.95
3.5
2.1
1.8
1.34
1.285
2.84
1.51
2.44
1.65
1.75
3.7
5.4
1.166
1.3
2.12
2.34
1.69
2.66
1.55
3.85
3.75
1.94
1.89
1.285
1.285
1.51
2.72
2.68
1.52
3.85
3.7
1.96
1.87
1.3
1.285
1.5
2.75
2.75
1.5
4.15
3.85
1.85
1.98
1.285
1.25
1.571
2.54
2.46
1.6
4
3.8
1.89
1.94
1.285
1.26
1.533
2.64
2.34
1.66
1.533
4.3
6.4
1.125
1.23
2.55
1.91
1.97
2.75
1.5
1.285
5.8
11
1.05
1.153
3.75
1.87
2.02
2.68
1.52
2.35
3.55
3.1
1.4
1.333
1.64
1.72
2.28
2.52
1.6
1.952
3.6
4.15
1.26
1.32
1.909
1.444
3.05
2.34
1.69
1.66
3.8
5.7
1.153
1.285
2.26
2.18
1.75
2.22
1.72
1.93
3.65
4.3
1.24
1.3
1.91
1.42
3.15
2
1.92
1.75
3.85
5.1
1.181
1.285
2.12
2.38
1.666
1.87
2.06
2.3
3.45
3.3
1.35
1.333
1.65
1.66
2.4
1.9
2.02
2.08
3.55
3.8
1.285
1.32
1.78
1.52
2.76
1.9
2.02
2.42
3.4
3
1.41
1.333
1.58
1.75
2.18
1.86
2.02
1.7
3.7
5.5
1.166
1.3
2.18
2.3
1.68
1.8
2.1
1.61
4
5.8
1.153
1.26
2.36
2.1
1.81
2.16
1.76
1.97
3.6
3.65
1.27
1.285
1.8
1.47
2.72
1.97
1.85
3.125
3.3
2.3
1.59
1.32
1.35
2.25
1.66
1.72
2.15
2.65
3.25
2.68
1.45
1.333
1.46
1.9
1.92
1.76
2.08
2.44
3.125
3.05
1.363
1.35
1.533
1.72
2.15
1.9
1.92
3.95
3.4
1.952
1.82
1.3
1.24
2.875
1.43
1.8
2.04
2.88
3.15
2.55
1.49
1.34
1.4
2.04
1.8
1.7
2.18
1.65
3.9
5.9
1.153
1.285
2.32
2.2
1.77
1.6
2.52
1.5
4.1
8.3
1.09
1.26
2.7
1.88
2.05
1.75
2.22
1.8
3.4
5.5
1.181
1.35
2.08
2.5
1.615
1.8
2.15
20
8.7
1.153
5.9
1.085
1.014
2.12
1.82
2.42
1.65
4.9
3.5
1.85
2.02
1.333
1.2
1.58
2.58
2.02
1.9
1.65
3.6
6.8
1.125
1.32
2.32
2.2
1.77
1.72
2.28
10
4.6
1.4
3.1
1.222
1.07
1.75
2.22
2.08
1.85
3.85
3.35
2
1.78
1.31
1.25
2.8
1.45
1.66
2.25
1.61
3.9
5.5
1.143
1.24
2.26
2.12
1.74
1.65
2.26
2.74
3.25
2.6
1.48
1.333
1.444
1.96
1.86
1.72
2.15
7.1
4.15
1.48
2.6
1.222
1.085
1.98
1.84
1.833
1.99
1.952
3.5
3.85
1.25
1.285
1.82
2.82
1.444
1.7
2.18
1.45
4.333
7.3
1.08
1.21
2.68
1.78
2.06
1.99
1.833
1.94
3.5
3.9
1.24
1.285
1.833
2.8
1.45
1.81
2.02
1.444
4.5
7
1.09
1.19
2.7
1.78
2.06
1.75
2.1
1.727
4
3.8
1.2
1.181
1.93
2.34
1.56
2.4
1.533
1.45
4.5
5.5
1.095
1.143
2.46
1.79
1.952
2.4
1.533
1.285
5.9
15
1.036
1.166
3.95
1.87
2.08
2.25
1.75
1.27
6
16
1.035
1.166
4.1
1.81
2.16
2.25
1.75
2.9
3.2
2.8
1.48
1.39
1.46
2
1.94
1.7
2.34
3.6
3.2
2.35
1.65
1.39
1.333
2.48
1.63
1.7
2.34
1.97
3.35
4.8
1.222
1.363
1.91
2.84
1.51
1.74
2.26
2.6
3.2
3.15
1.4
1.39
1.55
1.8
2.18
1.82
2.15
1.58
4
7.6
1.111
1.285
2.52
2.02
1.92
1.8
2.18
2.32
3.2
3.7
1.32
1.39
1.666
1.6
2.56
1.65
2.44
1.5
4.35
8.4
1.095
1.25
2.75
1.85
2.1
1.9
2.04
2.1
3.4
4.1
1.27
1.363
1.8
1.49
2.9
1.833
2.12
3.75
3.3
2.25
1.7
1.37
1.31
2.62
1.58
1.72
2.3
7.8
4.55
1.5
2.75
1.23
1.111
2.1
1.85
1.97
1.97
1.51
4.4
8
1.111
1.25
2.72
1.87
2.08
1.97
1.97
2.1
3.35
4.15
1.27
1.363
1.8
1.48
2.95
1.75
2.25
0
0
0
1.333
1.38
1.65
1.64
2.46
1.65
2.44
2.65
3.2
3.1
1.41
1.39
1.533
1.833
2.12
1.7
2.34
2.25
3.2
3.85
1.3
1.39
1.7
1.56
2.68
1.7
2.34
1.58
4
7.6
1.111
1.285
2.52
2.02
1.92
1.8
2.18
2.4
3.3
3.4
1.363
1.37
1.63
1.68
2.38
1.78
2.2
4.45
3.3
2.05
1.84
1.37
1.24
1.47
2.98
1.8
2.18
1.5
4.5
7.9
1.111
1.24
2.75
1.85
2.1
2.04
1.9
5.1
3.6
1.85
2.04
1.333
1.2
3.7
1.34
1.78
2.2
2.45
3.25
3.35
1.363
1.38
1.61
1.7
2.34
1.7
2.34
2.45
3.25
3.35
1.363
1.38
1.61
1.7
2.34
1.72
2.3
1.65
3.8
6.8
1.133
1.3
2.35
2.16
1.81
1.85
2.1
1.4
5.8
7.8
1.111
1.166
3.15
2.2
1.79
2.1
1.85
1.9
3.55
4.85
1.21
1.333
1.98
1.37
3.5
1.85
2.1
1.9
3.5
4.9
1.21
1.34
1.98
1.37
3.5
1.65
2.44
1.85
3.55
5.2
1.19
1.333
2.04
1.333
3.75
1.7
2.34
1.4
5.8
7.8
1.111
1.166
3.15
2.2
1.79
2.18
1.8
2.1
3.05
4.4
1.24
1.41
1.78
1.45
3.05
1.51
2.8
2.1
3.3
3.95
1.285
1.363
1.78
1.5
2.82
1.75
2.22
1.52
4
8
1.095
1.27
2.64
1.92
2
1.87
2.06
2.5
3.2
3.15
1.39
1.38
1.571
1.76
2.22
1.65
2.42
2.65
3
3.125
1.4
1.42
1.52
1.81
2.14
1.92
2
1.58
3.9
7
1.125
1.285
2.48
2.05
1.88
1.75
2.22
1.6
3.85
6.8
1.125
1.285
2.44
2.08
1.85
1.82
2.12
1.7
3.7
5.8
1.166
1.31
2.24
2.26
1.727
1.98
1.94
2.04
3.2
4.4
1.24
1.38
1.833
1.43
3.125
1.68
2.35
2.5
3.1
3.25
1.37
1.4
1.571
1.74
2.24
1.66
2.4
3.25
3.4
2.2
1.65
1.3
1.333
2.375
1.6
1.85
1.97
3.45
3.4
2.1
1.71
1.3
1.3
2.54
1.533
1.75
2.1
1.6
3.8
5.9
1.125
1.25
2.3
2.08
1.76
1.9
1.92
1.23
5.8
14
1.01
1.125
4
1.74
2.12
2.15
1.72
1.31
5.2
10
1.04
1.153
3.35
1.99
1.84
2.1
1.75
2.55
3.3
2.75
1.43
1.32
1.49
1.84
1.99
1.833
2
2.75
3.3
2.55
1.49
1.32
1.43
1.99
1.84
1.97
1.85
7.1
4.15
1.48
2.6
1.222
1.085
2
1.833
2
1.833
2.55
3.3
2.75
1.43
1.32
1.49
1.84
1.99
1.952
1.87
4.1
3.5
1.89
1.88
1.285
1.222
1.49
2.66
1.91
1.91
2.05
3.3
3.75
1.26
1.32
1.74
1.48
2.7
1.833
2
2.1
3.3
3.6
1.285
1.32
1.71
1.51
2.6
1.91
1.91
1.89
3.5
4.1
1.222
1.285
1.88
1.39
3.05
2
1.833
2.15
3.3
3.8
1.3
1.363
1.75
1.533
2.72
1.833
2.1
1.5
4.25
7.8
1.1
1.25
2.7
1.88
2.05
1.88
2.05
2.5
3.4
2.96
1.43
1.35
1.571
1.81
2.14
1.84
2.1
5
3.8
1.76
2.14
1.3
1.2
1.666
2.38
2.1
1.833
3.1
3.4
2.42
1.6
1.35
1.4
2.24
1.74
2.3
1.71
1.58
4
6.8
1.125
1.27
2.48
2.02
1.9
2.1
1.84
1.727
4
4.95
1.2
1.27
2.18
2.35
1.68
1.87
2.06
2.2
3.4
3.55
1.333
1.35
1.72
1.59
2.55
2.05
1.88
1.99
3.45
4
1.26
1.333
1.84
1.45
2.92
1.85
2.04
1.9
3.55
4.3
1.23
1.31
1.93
1.4
3.15
1.86
2.02
1.85
3.65
4.4
1.222
1.3
1.98
1.38
3.25
2.1
1.8
1.52
4.25
6.7
1.125
1.24
2.58
1.9
1.98
1.94
1.94
2.5
3.35
2.92
1.42
1.34
1.55
1.8
2.1
1.8
2.1
1.81
3.55
4.8
1.2
1.31
2.04
1.333
3.55
2.08
1.82
2.98
3.35
2.45
1.571
1.34
1.41
2.15
1.77
2.1
1.8
2.2
3.4
3.4
1.333
1.333
1.69
1.6
2.46
2.14
1.78
4.6
3.8
1.78
2.08
1.285
1.21
1.68
2.3
2.26
1.7
1.25
6
13
1.035
1.143
4.1
1.77
2.15
2.6
1.55
4.333
3.7
1.85
1.98
1.3
1.23
1.56
2.56
1.94
1.94
1.5
4.5
6.5
1.125
1.222
2.64
1.87
2.02
2.75
1.5
1.45
4.45
7.9
1.09
1.222
2.82
1.77
2.15
2.46
1.6
2.38
3.4
3.2
1.37
1.34
1.61
1.71
2.3
2.05
1.88
11
6
1.25
3.8
1.125
1.03
1.82
2.02
3.25
1.35
1.8
3.8
5.1
1.2
1.3
2.1
2.4
1.68
2.18
1.8
2.56
3.4
2.8
1.45
1.333
1.533
1.86
2.02
1.99
1.89
2.82
3.4
2.54
1.533
1.333
1.45
2.05
1.84
2.35
1.65
9
5.4
1.37
3.2
1.166
1.075
1.833
2.1
2.34
1.69
1.52
4.2
7.6
1.1
1.25
2.6
1.92
2
1.833
2.1
2.5
3.3
3.1
1.39
1.35
1.56
1.77
2.2
1.98
1.94
2.1
3.5
3.8
1.285
1.32
1.77
1.52
2.76
1.8
2.15
1.833
3.65
4.85
1.2
1.3
2.02
2.52
1.6
1.89
2.04
3.1
3.4
2.45
1.58
1.34
1.39
2.22
1.75
1.84
2.1
2.98
3.6
2.25
1.615
1.285
1.38
2.22
1.68
3
1.4
1.333
5
9.2
1.05
1.166
3.2
2.02
1.82
3
1.4
1.143
8.4
16
1.001
1.06
5.4
1.75
2.1
3.7
1.285
2
3.5
3.65
1.27
1.285
1.78
1.48
2.7
2.8
1.45
1.85
3.6
4.15
1.222
1.285
1.92
2.54
1.533
2.8
1.45
1.111
9
21
0
1.05
6.2
2.08
1.76
3.6
1.3
2.4
3.5
2.8
1.42
1.285
1.55
1.77
2.08
2.48
1.55
2.5
3.4
2.75
1.43
1.3
1.51
1.82
2.02
2.35
1.61
2.4
3.5
2.8
1.42
1.285
1.55
1.77
2.08
2.375
1.6
2.75
3.5
2.45
1.533
1.285
1.43
2.02
1.81
2.54
1.533
2.9
3.5
2.34
1.58
1.285
1.4
2.14
1.727
2.48
1.55
2.12
3.6
3.4
1.333
1.3
1.74
1.571
2.54
2.35
1.65
2.6
3.5
2.7
1.48
1.32
1.51
1.9
1.98
2.35
1.65
3.05
3.5
2.35
1.615
1.32
1.4
2.22
1.72
1.9
1.98
2
3.5
3.9
1.27
1.32
1.833
1.47
2.85
2.04
1.85
2.2
3.5
3.3
1.35
1.32
1.69
1.615
2.42
2.24
1.71
1.5
4.25
6.4
1.111
1.21
2.54
1.82
2.02
2.7
1.48
2.9
3.05
2.6
1.48
1.363
1.4
2.02
1.81
1.63
2.3
1.9
3.25
4.45
1.2
1.333
1.87
2.72
1.47
1.65
2.26
2.38
3.1
3.15
1.34
1.35
1.56
1.68
2.22
1.61
2.35
1.86
3.25
4.7
1.181
1.333
1.909
2.66
1.49
1.52
2.56
2.15
3.3
3.8
1.3
1.363
1.75
1.533
2.72
1.68
2.35
2.58
2.98
3.25
1.37
1.43
1.54
1.76
2.22
1.45
3.05
1.34
4.8
13
1.045
1.21
3.45
2.14
1.81
1.666
2.38
2.18
3.15
3.9
1.285
1.39
1.727
1.533
2.72
1.55
2.66
3.6
3.8
1.93
1.84
1.25
1.285
1.48
2.7
2.26
1.65
1.65
4
5.9
1.153
1.26
2.3
2.16
1.79
1.98
1.94
3.6
3.6
2.12
1.75
1.31
1.31
2.64
1.56
2.02
1.9
4.8
3.9
1.78
2.08
1.27
1.2
1.65
2.42
2.5
1.615
2.12
3.6
3.6
1.31
1.31
1.75
1.56
2.64
2.1
1.833
5.4
3.85
1.72
2.18
1.285
1.166
4.1
1.285
2.1
1.833
2.04
3.6
3.9
1.27
1.31
1.81
1.49
2.86
2.28
1.72
3.45
3.45
2.24
1.68
1.333
1.333
2.5
1.615
2.16
1.79
1.89
3.85
4.2
1.25
1.285
1.952
1.42
3.15
2.66
1.55
2.98
3.55
2.45
1.58
1.32
1.42
2.16
1.79
1.96
1.96
2.15
3.6
3.15
1.34
1.285
1.68
1.61
2.35
2.375
1.6
2.4
3.6
2.75
1.43
1.285
1.55
1.79
2.05
2.375
1.6
10
6.3
1.25
3.8
1.111
1.04
1.85
1.98
3.6
1.3
29
13
1.06
8.5
1.016
0
2.25
1.66
5.3
1.166
2.35
3.6
2.96
1.41
1.3
1.615
1.74
2.2
2.6
1.55
1.1
11
23
0
1.05
7.4
2.02
1.87
5.1
1.2
2.62
3.6
2.62
1.51
1.3
1.51
1.94
1.94
2.35
1.65
4.1
3.7
1.9
1.93
1.3
1.25
1.55
2.6
2.35
1.65
1.7
3.9
4.7
1.181
1.24
2.12
2.15
1.72
2.375
1.6
