2.3
3.3
3.3
1.35
1.35
1.64
1.65
2.35
1.6
2.46
2.55
3.6
2.7
1.48
1.3
1.533
1.89
1.99
2.375
1.64
2.7
3.3
2.7
1.48
1.35
1.48
1.94
1.94
1.63
2.4
2.65
3.5
2.65
1.5
1.32
1.5
1.94
1.94
1.8
2.1
10.5
6.2
1.3
3.65
1.133
1.055
2.15
1.8
1.75
2.22
2.95
3.4
2.62
1.54
1.363
1.444
2.1
1.87
2.14
1.85
1.56
4.333
7
1.125
1.25
2.56
1.97
1.99
2.14
1.84
1.68
3.85
6.2
1.153
1.3
2.3
2.22
1.79
2.12
1.86
1.85
3.65
5
1.21
1.32
2.04
2.58
1.61
1.81
2.18
3.15
3.45
2.45
1.61
1.35
1.4
2.26
1.76
1.77
2.24
1.833
3.65
5.1
1.2
1.32
2.06
2.56
1.615
1.86
2.12
6
4
1.666
2.32
1.285
1.166
1.81
2.18
2.12
1.86
1.64
4.15
6.1
1.153
1.27
2.375
2.14
1.85
2.26
1.76
7.3
4.35
1.54
2.62
1.25
1.125
2.02
1.94
2.14
1.84
1.99
3.55
4.333
1.25
1.333
1.89
1.444
3.15
1.96
2
1.87
3.6
4.95
1.21
1.333
2.02
1.363
3.6
1.87
2.1
2.04
3.55
4.1
1.27
1.333
1.85
1.48
2.98
1.91
2.05
7.2
4.1
1.58
2.52
1.27
1.125
1.96
2
2.3
1.74
1.727
3.65
6.2
1.153
1.32
2.22
2.32
1.727
2.06
1.909
1.56
4.2
7.3
1.125
1.26
2.56
1.99
1.97
1.77
2.25
1.97
3.6
4.35
1.25
1.333
1.91
1.444
3.15
2
1.96
2.8
3.4
2.75
1.5
1.363
1.48
2
1.96
1.98
1.98
6.4
3.65
1.71
2.24
1.32
1.143
1.75
2.28
2.06
1.909
1.333
5.5
12
1.055
1.181
3.55
2.02
1.952
2.24
1.77
1.42
4.9
9.4
1.08
1.21
3.05
2.26
1.76
2.14
1.84
2
3.5
4.2
1.25
1.32
1.85
2.86
1.49
1.88
2.05
2.45
3.3
3.2
1.37
1.35
1.58
1.727
2.26
1.96
1.96
2.75
3.4
2.72
1.48
1.34
1.48
1.97
1.952
1.96
1.96
2.62
3.4
2.86
1.444
1.34
1.52
1.88
2.05
1.92
2
2.5
3.45
2.98
1.42
1.333
1.56
1.8
2.15
2.05
1.88
3.3
3.45
2.3
1.65
1.333
1.35
2.4
1.66
1.99
1.93
1.66
3.9
6
1.143
1.27
2.28
2.2
1.77
1.96
1.96
2.3
3.4
3.35
1.35
1.34
1.65
1.65
2.42
1.98
1.94
2.15
3.4
3.75
1.3
1.34
1.74
1.54
2.7
1.96
1.96
2.25
3.4
3.5
1.32
1.34
1.68
1.61
2.5
1.87
2.06
2.375
3.4
3.2
1.37
1.34
1.61
1.71
2.3
1.79
2.16
1.833
3.75
4.7
1.21
1.3
2.02
2.52
1.6
1.96
1.96
7.1
4.3
1.533
2.56
1.24
1.111
2
1.92
2.28
1.72
6.2
4.15
1.6
2.4
1.25
1.133
1.87
2.06
2.15
1.8
4.05
3.6
2
1.85
1.31
1.26
1.5
2.82
2.08
1.85
1.64
3.85
6.4
1.133
1.285
2.32
2.14
1.81
2.02
1.91
3.125
3.5
2.3
1.64
1.32
1.38
2.3
1.68
1.88
2
1.952
3.65
3.9
1.27
1.3
1.88
2.78
1.49
1.88
2
2
3.5
3.9
1.27
1.32
1.833
2.85
1.47
1.94
1.94
2.15
3.6
3.35
1.34
1.3
1.727
3.15
1.4
1.94
1.94
1.37
5.3
8
1.085
1.166
3.2
2.15
1.77
2.32
1.666
2.62
3.4
2.74
1.47
1.333
1.51
1.9
1.98
1.94
1.94
3.8
3.6
2
1.833
1.3
1.285
1.47
2.85
1.94
1.94
1.55
4.5
5.7
1.153
1.222
2.5
1.97
1.91
2.18
1.75
12
6.5
1.25
4.1
1.125
1.04
2.22
1.727
2.75
1.5
1.952
3.6
3.75
1.26
1.285
1.82
2.8
1.45
1.85
1.97
2.75
3.4
2.5
1.51
1.3
1.43
2.02
1.82
1.91
1.91
1.615
4
5.3
1.143
1.23
2.26
2.1
1.75
2.34
1.615
1.91
3.6
3.9
1.24
1.285
1.86
2.72
1.47
1.833
2
2.88
3.5
2.35
1.571
1.285
1.4
2.12
1.74
1.91
1.91
2.2
3.5
3.15
1.34
1.285
1.65
1.615
2.34
1.97
1.85
2.5
3.4
2.75
1.43
1.3
1.51
1.82
2.02
1.833
2
2.6
3.4
2.625
1.47
1.3
1.48
1.9
1.92
2.04
1.8
2.1
3.6
3.3
1.32
1.285
1.71
1.56
2.46
1.91
1.91
1.77
3.75
4.4
1.2
1.26
2.02
2.4
1.59
2.24
1.666
2.1
3.5
3.35
1.31
1.285
1.71
1.55
2.48
1.833
2
1.444
4.5
7
1.09
1.19
2.7
1.75
2.1
2.24
1.666
2.625
3.5
2.55
1.49
1.285
1.47
1.94
1.88
3
1.4
2.56
3.6
2.56
1.49
1.285
1.49
1.91
1.91
1.99
1.833
2.4
3.6
2.75
1.43
1.285
1.55
1.79
2.05
1.91
1.91
2.5
3.6
2.625
1.47
1.285
1.51
1.86
1.96
2.44
1.571
2.4
3.6
2.75
1.43
1.285
1.55
1.79
2.05
2.15
1.72
1.91
3.85
3.65
1.27
1.25
1.86
2.7
1.48
1.952
1.87
1.63
3.7
7
1.111
1.3
2.34
1.21
5.2
1.59
2.56
1.7
3.65
6.1
1.143
1.3
2.2
1.25
4.55
1.66
2.4
2.35
3.05
3.65
1.3
1.4
1.63
1.61
2.5
1.52
2.76
2.15
3.1
4.2
1.25
1.39
1.74
1.48
2.9
1.52
2.76
1.96
3.3
4.7
1.21
1.35
1.88
1.39
3.3
1.59
2.56
2.65
3.3
2.65
1.46
1.32
1.46
1.91
1.91
1.7
2.18
3.25
3.4
2.2
1.65
1.3
1.333
2.375
1.6
1.82
2.02
2.1
3.4
3.45
1.3
1.3
1.71
1.533
2.54
1.7
2.18
2.4
3.2
3.05
1.363
1.333
1.55
1.71
2.16
1.8
2.04
2
3.5
3.65
1.27
1.285
1.78
1.48
2.7
1.8
2.04
1.55
4
6.1
1.125
1.23
2.4
1.99
1.833
1.75
2.1
1.42
4.9
8.5
1.08
1.2
2.96
2.26
1.727
2.4
1.66
2
3.3
3.9
1.24
1.32
1.78
1.444
2.82
1.7
2.18
2.3
3.3
3.125
1.35
1.32
1.59
1.66
2.25
2.18
1.7
1.666
4
4.8
1.181
1.23
2.16
2.18
1.7
2.72
1.47
2.42
3.35
2.88
1.4
1.31
1.54
1.76
2.08
2.48
1.55
2.55
3.25
2.55
1.42
1.27
1.42
1.87
1.87
1.7
2.08
2.4
3.3
3.25
1.363
1.35
1.6
1.7
2.32
1.75
2.22
2.1
3.55
3.75
1.3
1.32
1.77
1.55
2.66
1.9
2.02
1.615
3.9
6.7
1.125
1.27
2.36
2.14
1.81
1.72
2.28
2.375
3.35
3.25
1.363
1.35
1.61
1.7
2.32
1.79
2.16
1.99
3.6
4.1
1.26
1.31
1.85
1.46
2.98
1.88
2.05
2.28
3.25
3.6
1.31
1.363
1.66
3.5
1.363
1.58
2.58
3.4
3.55
2.22
1.69
1.32
1.34
2.5
1.615
1.98
1.94
1.75
3.65
5.5
1.166
1.3
2.12
2.38
1.666
1.833
2.1
2.04
3.45
4.05
1.26
1.333
1.81
2.94
1.47
1.9
2.02
1.444
4.6
8.6
1.08
1.21
2.86
1.77
2.2
2.02
1.9
1.99
3.3
4.25
1.24
1.35
1.84
2.92
1.45
1.77
2.15
2.3
3.35
3.25
1.363
1.34
1.64
1.66
2.34
1.76
2.16
1.52
3.95
7.7
1.095
1.26
2.58
1.91
1.97
2.16
1.76
2.25
3.3
3.4
1.333
1.35
1.666
1.61
2.44
1.8
2.1
1.78
3.7
4.75
1.2
1.3
2.08
2.42
1.615
2.18
1.75
2.4
3.3
3.1
1.39
1.35
1.59
1.72
2.22
1.88
2
2.35
3.3
3.2
1.363
1.35
1.615
1.68
2.3
1.96
1.92
2.35
3.4
3.1
1.39
1.333
1.615
1.7
2.26
2.06
1.833
2.75
3.4
2.6
1.51
1.333
1.47
1.99
1.89
2.12
1.79
1.97
3.35
4.25
1.24
1.34
1.86
2.82
1.48
2.04
1.85
2.12
3.4
3.4
1.3
1.3
1.69
1.55
2.48
2.14
1.72
3.1
3.25
2.35
1.571
1.333
1.35
2.22
1.68
1.63
2.3
1.42
4.55
7.5
1.075
1.19
2.8
2.375
1.6
2.04
1.8
1.51
4.1
6.6
1.1
1.222
2.5
1.91
1.91
1.72
2.15
2.56
3.2
2.82
1.41
1.333
1.49
1.82
2.02
1.58
2.42
3.45
3.3
2.14
1.68
1.32
1.3
2.48
1.55
1.87
1.952
2.1
3.3
3.6
1.285
1.32
1.71
1.51
2.6
1.72
2.15
2.85
3.25
2.5
1.51
1.333
1.41
2.05
1.79
1.63
2.3
2.22
3.6
3.5
1.34
1.333
1.72
1.61
2.54
2.26
1.74
2.42
3.4
3.25
1.38
1.363
1.615
1.72
2.3
2.04
1.9
2.75
3.4
2.8
1.48
1.363
1.5
1.952
1.99
2.34
1.7
2.25
3.5
3.5
1.34
1.34
1.7
1.615
2.52
2.38
1.68
3.4
3.55
2.28
1.69
1.333
1.363
2.44
1.65
2.34
1.7
3.15
3.45
2.45
1.61
1.35
1.4
2.25
1.75
2.12
1.833
2.96
3.45
2.58
1.55
1.35
1.444
2.12
1.833
2.48
1.63
2.12
3.65
3.7
1.32
1.32
1.79
1.55
2.7
2.3
1.72
2.18
3.6
3.6
1.333
1.333
1.75
1.58
2.62
2.26
1.74
1.97
3.85
4.05
1.285
1.3
1.91
1.46
3.05
2.2
1.78
1.1
14
31
1.001
1.04
8.2
1.833
2.12
2
1.94
1.444
4.7
9.1
1.085
1.222
2.95
1.74
2.28
2.44
1.65
2.12
3.65
3.7
1.32
1.32
1.79
1.55
2.7
2.12
1.833
8.2
4.4
1.5
2.75
1.25
1.1
2.12
1.84
2.875
1.5
2.04
3.8
3.8
1.3
1.3
1.85
1.51
2.84
2.52
1.615
1.7
3.9
5.9
1.166
1.3
2.26
2.22
1.77
2.34
1.7
2.25
3.5
3.5
1.34
1.34
1.7
1.615
2.52
2.12
1.833
1.63
4
6.6
1.143
1.285
2.4
2.1
1.85
2.2
1.78
2.04
3.55
3.95
1.27
1.32
1.81
2.94
1.47
2.05
1.88
2.1
3.3
3.6
1.285
1.32
1.71
1.51
2.6
2.15
1.72
2
3.3
3.9
1.24
1.32
1.78
2.875
1.43
1.91
1.91
1.94
3.4
4
1.23
1.3
1.833
2.76
1.46
2.04
1.8
2.1
3.3
3.6
1.285
1.32
1.71
1.51
2.6
1.99
1.833
1.85
3.5
4.3
1.21
1.285
1.92
2.54
1.533
2.18
1.7
1.6
3.9
6.2
1.133
1.27
2.38
2.1
1.81
1.84
2.05
1.63
3.6
6.6
1.125
1.3
2.32
1.21
4.85
1.58
2.5
2.06
3.45
4
1.26
1.333
1.8
1.48
2.9
1.86
2.08
3.05
3.55
2.42
1.59
1.32
1.4
2.22
1.76
1.97
1.952
1.25
6.1
13
1.035
1.133
4.1
1.79
2.12
2.14
1.78
1.75
3.6
5.2
1.181
1.3
2.12
2.4
1.63
1.7
2.26
3.95
3.4
2.14
1.77
1.363
1.285
2.75
1.533
1.85
2.1
12
6.6
1.285
3.95
1.143
1.055
1.64
2.46
1.85
2.1
2.05
3.45
4.2
1.26
1.35
1.84
2.98
1.47
1.85
2.1
1.09
15
34
0
1.036
8.8
1.727
2.3
2.48
1.63
1.65
3.95
6.4
1.143
1.285
2.35
2.15
1.82
2.1
1.85
15
6.7
1.25
4.333
1.133
1.036
2.32
1.71
1.97
1.97
1.3
6
13
1.05
1.166
3.8
1.88
2.08
2.48
1.63
3.3
3.4
2.4
1.63
1.363
1.37
2.34
1.7
1.9
2.04
2.62
3.45
2.9
1.46
1.35
1.54
1.87
2.08
1.89
2.06
2.9
3.5
2.6
1.55
1.34
1.46
2.08
1.87
1.92
2.02
1.65
4.05
6.2
1.153
1.285
2.35
2.12
1.833
2.25
1.75
2.8
3.4
2.75
1.5
1.363
1.48
1.99
1.952
2
1.94
1.9
3.5
4.9
1.21
1.34
1.98
2.68
1.56
1.72
2.3
1.68
3.9
6.1
1.153
1.3
2.3
2.22
1.77
1.9
2.04
7.2
4.333
1.55
2.6
1.25
1.125
1.94
2
1.9
2.04
1.9
3.6
4.75
1.222
1.333
1.98
2.64
1.571
1.9
2.04
1.111
12
31
1.001
1.055
7.6
1.7
2.34
2.3
1.72
2.44
3.3
3.3
1.37
1.37
1.61
1.71
2.32
1.89
2.06
1.952
3.5
4.6
1.23
1.34
1.93
2.75
1.533
1.99
1.952
2.65
3.35
2.95
1.444
1.363
1.533
1.87
2.08
1.9
2.04
1.5
4.6
7.6
1.111
1.23
2.75
1.85
2.1
2.04
1.9
9.7
5.5
1.37
3.3
1.181
1.08
1.88
2.08
2.875
1.5
2.2
3.4
3.55
1.333
1.35
1.72
1.59
2.55
1.88
2.04
1.81
3.5
4.55
1.19
1.285
1.96
2.52
1.54
1.8
2.04
1.45
4.75
8.7
1.09
1.222
2.92
2.34
1.7
2.08
1.87
1.7
3.9
5.9
1.166
1.3
2.26
2.12
1.84
2.15
1.82
1.92
3.6
4.6
1.23
1.333
1.96
2.7
1.55
1.85
2.1
1.51
4.75
7
1.125
1.222
2.72
1.87
2.08
2.08
1.87
1.4
5.2
9.2
1.085
1.19
3.15
2.2
1.79
2.2
1.78
7.7
4.9
1.47
2.85
1.21
1.111
1.666
2.4
2.25
1.75
2.86
3.35
2.72
1.51
1.363
1.47
2.02
1.92
1.85
2.1
2.74
3.35
2.84
1.47
1.363
1.5
1.94
2
1.77
2.22
2
3.4
4.5
1.24
1.363
1.88
1.42
3.2
1.9
2.04
2.88
3.3
2.74
1.5
1.37
1.46
2.02
1.92
1.85
2.1
4.1
3.5
2.06
1.833
1.34
1.27
2.95
1.48
1.952
1.99
1.39
5
10.5
1.07
1.21
3.2
2.16
1.81
2.15
1.82
1.8
3.6
5.5
1.181
1.333
2.1
2.44
1.65
1.9
2.04
2.3
3.3
3.6
1.333
1.37
1.68
1.615
2.52
1.94
2
3.3
3.3
2.45
1.61
1.37
1.37
2.3
1.72
1.92
2.02
3.9
3.4
2.15
1.77
1.363
1.3
2.75
1.533
1.89
2.06
1.4
5
9.9
1.075
1.21
3.15
0
0
2.15
1.82
1.85
3.6
5.1
1.2
1.333
2.04
2.54
1.61
1.97
1.97
2.2
3.3
3.9
1.3
1.37
1.74
1.54
2.74
1.78
2.2
1.3
6
13
1.05
1.166
3.8
1.88
2.08
2.34
1.7
1.51
4.2
8.7
1.09
1.26
2.72
1.85
2.1
2.34
1.7
3.6
3.4
2.26
1.7
1.363
1.333
2.56
1.6
2.02
1.92
3.1
3.1
2.6
1.533
1.4
1.4
2.15
1.8
1.8
2.15
1.125
9.4
16
1.001
1.045
5.8
1.6
2.375
2.76
1.46
11
6.2
1.24
3.9
1.111
1.03
2.08
1.76
2.26
1.65
3.95
3.3
2.1
1.78
1.363
1.285
2.82
1.5
1.94
1.98
2.95
3.2
2.46
1.533
1.333
1.38
2.1
1.75
1.66
2.25
1.56
3.8
6.4
1.111
1.25
2.38
2.04
1.8
1.68
2.22
2.68
3.2
2.68
1.45
1.333
1.45
1.91
1.91
1.727
2.14
2.18
3.2
3.5
1.285
1.333
1.66
1.55
2.48
1.68
2.22
3.75
3.25
2.06
1.74
1.333
1.26
2.7
1.48
1.65
2.26
1.45
4.2
7.7
1.075
1.222
2.68
1.78
2.06
1.87
1.952
1.94
3.45
3.95
1.24
1.3
1.833
2.76
1.46
1.92
1.9
2.32
3.3
3.1
1.35
1.32
1.59
1.666
2.24
2.18
1.7
3.45
3.2
2.2
1.65
1.333
1.3
2.46
1.56
1.75
2.1
2.35
3.2
3.125
1.35
1.333
1.571
1.666
2.24
1.8
2.04
4.2
3.5
2.04
1.85
1.34
1.26
3.05
1.46
1.85
2.1
1.8
3.7
5.3
1.19
1.32
2.1
1.32
3.9
1.7
2.34
1.9
4
4.2
1.26
1.285
1.98
2.64
1.571
1.97
1.97
1.51
4.35
8.1
1.1
1.25
2.72
1.87
2.08
2.02
1.92
1.6
4.1
6.8
1.133
1.27
2.46
2.02
1.92
2.25
1.75
2.98
3.4
2.6
1.55
1.363
1.444
2.12
1.84
1.9
2.04
4.2
3.5
2.04
1.85
1.34
1.26
3.05
1.46
1.9
2.04
2.25
3.35
3.65
1.32
1.363
1.7
1.59
2.58
1.7
2.34
2
3.5
4.35
1.25
1.34
1.88
2.875
1.5
1.85
2.1
2.6
3.55
2.86
1.47
1.333
1.55
1.88
2.08
1.91
2.04
1.45
5.2
7.5
1.125
1.19
2.92
1.75
2.25
2.1
1.85
2.25
3.45
3.55
1.333
1.35
1.7
1.61
2.54
1.97
1.97
1.55
4.3
7.4
1.125
1.25
2.6
1.96
1.98
1.85
2.1
9.2
5.5
1.38
3.25
1.181
1.085
1.833
2.12
2.25
1.75
2.875
3.3
2.74
1.5
1.37
1.46
2.02
1.92
1.9
2.04
2.6
3.35
3
1.43
1.363
1.55
1.84
2.12
1.85
2.1
1.38
4.75
9.4
1.065
1.2
3.125
1.64
2.38
2.02
1.87
4
3.6
2.05
1.84
1.333
1.285
2.9
1.49
1.85
2.1
5.2
3.5
1.77
2.08
1.32
1.181
3.8
1.3
1.96
1.92
2.15
3.45
3.85
1.3
1.35
1.77
1.533
2.75
1.88
2.08
1.9
3.85
4.35
1.25
1.3
1.98
2.64
1.571
1.9
2.04
1.7
3.85
6
1.166
1.3
2.26
2.26
1.74
1.75
2.25
5.9
4.3
1.63
2.4
1.25
1.166
1.909
2.04
2.34
1.7
2
3.5
4.35
1.25
1.34
1.88
2.84
1.51
2.1
1.85
2.2
3.5
3.65
1.32
1.34
1.74
1.58
2.62
1.8
2.18
1.24
6.3
13
1.035
1.133
4.2
1.79
2.12
2.18
1.75
12
5.9
1.31
3.75
1.166
1.055
1.952
1.99
2.4
1.666
4.5
3.9
1.86
2.02
1.3
1.24
1.6
2.56
2.08
1.88
1.571
4.65
6.2
1.153
1.23
2.54
1.96
1.98
2.68
1.56
1.143
11
20
1.019
1.065
6.4
2.34
1.7
1.75
2.25
3.3
3.4
2.4
1.63
1.363
1.37
2.34
1.7
1.87
2.08
3.7
3.55
2.16
1.76
1.333
1.32
2.68
1.56
1.94
2
7.1
4.35
1.49
2.68
1.23
1.111
1.63
2.4
2.44
1.61
4.3
3.55
2
1.88
1.333
1.25
3.1
1.444
1.85
2.1
2.38
3.6
3.15
1.4
1.333
1.64
1.727
2.3
2.1
1.85
1.125
9
23
0
1.07
6.4
2.34
1.66
1.8
2.1
1.39
5
10.5
1.07
1.21
3.2
2.15
1.82
2.34
1.7
1.181
8.5
19
1.022
1.095
5.4
1.94
2
1.97
1.97
1.65
4.1
6.1
1.153
1.27
2.35
2.15
1.82
2.02
1.92
1.166
9
21
1.017
1.085
5.8
1.81
2.16
2.7
1.55
3.3
2.76
2.54
1.5
1.43
1.32
2.2
1.69
1.42
2.92
3
3.2
2.24
1.54
1.285
1.31
2.2
1.63
1.7
2.08
3.85
3.35
2.12
1.77
1.363
1.285
2.76
1.52
1.76
2.22
3.3
3.4
2.16
1.666
1.3
1.32
2.42
1.58
1.85
1.97
1.58
3.85
6
1.125
1.25
2.34
2.04
1.8
1.92
1.9
2.24
3.2
3.35
1.31
1.333
1.63
1.59
2.4
1.65
2.26
1.81
3.4
4.75
1.181
1.3
1.96
1.32
3.45
1.533
2.55
2.66
3.125
2.76
1.43
1.35
1.46
1.87
1.952
1.59
2.4
2.1
3.45
3.4
1.3
1.3
1.71
1.54
2.52
2.08
1.77
1.94
3.35
4.6
1.222
1.363
1.92
1.39
3.3
1.85
2.08
8.2
4.5
1.43
2.9
1.222
1.085
2.18
1.75
1.94
1.94
3.5
3.2
2.25
1.666
1.363
1.32
2.48
1.59
1.89
1.99
2.1
3.35
3.75
1.285
1.34
1.76
1.51
2.72
1.98
1.9
1.6
4.2
5.6
1.153
1.24
2.38
2.04
1.85
1.94
1.94
2.4
3.35
3.05
1.4
1.34
1.59
1.727
2.22
1.85
2.04
2
3.35
4.1
1.25
1.34
1.833
2.86
1.47
2
1.88
2.98
3.45
2.4
1.59
1.333
1.41
2.18
1.75
2.08
1.82
1.85
3.7
4.333
1.23
1.3
1.98
2.6
1.55
1.94
1.94
5.6
3.95
1.7
2.2
1.27
1.166
1.72
2.3
1.78
2.2
2.22
3.5
3.5
1.32
1.32
1.69
1.61
2.54
1.9
2.04
2.28
3.5
3.4
1.34
1.32
1.66
1.65
2.44
1.97
1.97
1.25
6.5
15
1.025
1.125
4.15
1.78
2.2
2.3
1.72
2.45
3.45
3.1
1.39
1.333
1.58
1.76
2.24
1.92
2.02
2.5
3.35
3.1
1.39
1.35
1.56
1.78
2.2
1.78
2.2
2.3
3.5
3.35
1.35
1.32
1.65
1.66
2.42
1.75
2.25
1.71
3.65
6.2
1.133
1.3
2.18
2.36
1.69
1.87
2.08
2
3.55
4.2
1.25
1.32
1.85
2.9
1.49
1.68
2.38
1.35
5.3
11
1.05
1.181
3.3
2.08
1.87
1.94
2
2.6
3.3
3
1.41
1.35
1.52
1.84
2.12
1.8
2.18
3
3.3
2.6
1.52
1.35
1.41
2.12
1.84
1.92
2.02
4.95
3.6
1.85
2
1.31
1.19
1.59
2.58
1.8
2.18
1.8
3.7
5.1
1.181
1.3
2.06
2.48
1.63
1.75
2.25
1.3
6
12
1.045
1.143
3.65
1.97
1.97
2.02
1.92
9.4
4.45
1.45
2.84
1.222
1.07
2.25
1.75
2.08
1.87
1.6
3.8
6.5
1.125
1.285
2.38
2.1
1.8
1.7
2.26
4.25
3.4
1.952
1.88
1.333
1.24
1.48
2.82
1.72
2.22
3.7
3.4
2.1
1.76
1.333
1.3
2.68
1.52
1.74
2.2
4
3.15
2.1
1.76
1.38
1.26
2.82
1.48
1.55
2.6
2.55
3.2
2.96
1.41
1.363
1.533
1.81
2.1
1.6
2.46
1.4
4.9
8.1
1.085
1.19
3.05
1.7
2.26
1.63
2.4
1.6
4.1
5.8
1.153
1.25
2.38
2.1
1.8
1.55
2.6
2.6
3.3
2.82
1.45
1.35
1.51
1.86
2.02
1.6
2.46
2.2
3.4
3.4
1.333
1.333
1.69
1.6
2.46
1.6
2.46
3.6
3.3
2.1
1.71
1.32
1.285
2.6
1.51
1.91
1.91
1.65
3.8
5.3
1.143
1.25
2.2
2.1
1.75
1.86
1.96
2.68
3
2.84
1.41
1.37
1.45
1.86
1.96
1.75
2.1
3.75
3.3
2.04
1.75
1.32
1.26
2.72
1.47
1.75
2.1
1.38
5
8.5
1.08
1.181
3.125
2.04
1.85
1.94
1.94
4.15
3.45
1.952
1.88
1.333
1.25
3
1.43
1.94
1.94
1.952
3.35
4.333
1.23
1.34
1.88
1.41
3.1
1.65
2.35
1.87
3.55
4.45
1.222
1.31
1.96
1.38
3.25
1.98
1.9
1.6
3.8
6.5
1.125
1.285
2.38
2.1
1.8
1.65
2.35
4.15
3.4
2.08
1.82
1.363
1.27
2.95
1.48
1.75
2.25
2.02
3.5
4.25
1.26
1.34
1.87
1.45
3.1
1.58
2.62
1.76
3.8
5.4
1.181
1.3
2.16
2.38
1.68
1.85
2.1
3.3
3.3
2.44
1.61
1.37
1.37
2.32
1.71
1.69
2.36
14
6.3
1.23
4.3
1.133
1.027
2.2
1.74
2.1
1.8
1.2
7.3
14
1.027
1.1
4.75
2
1.88
2.54
1.571
3.75
3.5
2.05
1.79
1.32
1.285
2.75
1.5
2.95
1.444
1.5
4.333
6.9
1.111
1.23
2.64
1.84
2.05
3.35
1.363
1.222
6.5
14
1.027
1.125
4.4
2.16
1.76
3.35
1.363
2.35
3.5
3.05
1.4
1.32
1.615
1.72
2.22
2.26
1.7
2.12
3.4
3.85
1.285
1.34
1.75
1.52
2.76
1.78
2.18
2.3
3.2
3.2
1.333
1.333
1.59
1.64
2.28
1.91
1.91
1.43
4.45
7.4
1.08
1.2
2.76
1.75
2.1
1.89
1.93
10.5
5.1
1.35
3.4
1.19
1.065
1.77
2.2
2
1.92
2.94
3.45
2.5
1.571
1.34
1.444
2.14
1.81
1.7
2.32
2.78
3.4
2.65
1.52
1.35
1.48
2.02
1.91
1.6
2.52
1.125
9
31
0
1.08
6.8
2.15
1.8
2.82
1.5
2.6
3.4
2.84
1.46
1.35
1.533
1.88
2.05
1.84
2.1
1.4
4.5
10.5
1.065
1.23
3.1
2.26
1.727
1.96
1.96
2.84
3.4
2.6
1.533
1.35
1.46
2.05
1.88
1.65
2.42
1.222
7
14
1.036
1.125
4.6
2.24
1.74
2.15
1.8
5.6
3.8
1.7
2.24
1.3
1.166
1.74
2.24
2.15
1.8
2.02
3.45
3.65
1.27
1.3
1.76
2.96
1.41
1.7
2.18
1.63
3.85
5.4
1.143
1.25
2.24
2.16
1.71
1.99
1.833
1.97
3.4
3.9
1.24
1.3
1.8
2.82
1.444
1.81
2.02
1.38
4.65
8.4
1.06
1.181
2.96
1.64
2.28
2
1.833
5.5
4.333
1.615
2.4
1.24
1.181
4.3
1.27
2.38
1.666
1.333
6
8.8
1.085
1.153
3.5
1.98
1.94
3.5
1.363
2.08
3.4
4.2
1.26
1.363
1.82
1.47
2.98
1.9
2.04
3.75
3.3
2.25
1.7
1.37
1.31
2.62
1.58
1.72
2.3
7.8
4.55
1.5
2.75
1.23
1.111
2.1
1.85
1.97
1.97
1.51
4.4
8
1.111
1.25
2.72
1.87
2.08
1.97
1.97
2.1
3.35
4.15
1.27
1.363
1.8
1.48
2.95
1.75
2.25
0
0
0
1.333
1.38
1.65
1.64
2.46
1.65
2.44
2.5
3.3
3.2
1.39
1.37
1.58
1.75
2.25
1.7
2.34
2.3
3.2
3.75
1.31
1.39
1.68
1.59
2.58
1.7
2.34
1.58
4
7.6
1.111
1.285
2.52
2.02
1.92
1.8
2.18
2.4
3.3
3.4
1.363
1.37
1.63
1.68
2.38
1.78
2.2
4.25
3.3
2.1
1.8
1.37
1.26
1.45
3.1
1.8
2.18
1.5
4.5
7.9
1.111
1.24
2.75
1.85
2.1
2.04
1.9
5.1
3.6
1.85
2.04
1.333
1.2
3.7
1.34
1.78
2.2
2.45
3.25
3.35
1.363
1.38
1.61
1.7
2.34
1.7
2.34
2.45
3.25
3.35
1.363
1.38
1.61
1.7
2.34
1.72
2.3
1.65
3.8
6.8
1.133
1.3
2.35
2.16
1.81
1.85
2.1
1.4
5.8
7.8
1.111
1.166
3.15
2.2
1.79
2.1
1.85
1.9
3.55
4.85
1.21
1.333
1.98
1.37
3.5
1.85
2.1
1.9
3.5
4.9
1.21
1.34
1.98
1.37
3.5
1.65
2.44
1.85
3.55
5.2
1.19
1.333
2.04
1.333
3.75
1.7
2.34
1.4
5.8
7.8
1.111
1.166
3.15
2.2
1.79
2.18
1.8
2.28
3.2
3.55
1.333
1.38
1.68
1.61
2.5
1.66
2.4
1.26
5.5
12
1.022
1.143
3.75
1.84
1.99
2.1
1.75
4.65
3.75
1.82
2.05
1.3
1.222
1.6
2.52
2.15
1.8
2.2
3.4
3.55
1.333
1.35
1.72
1.59
2.55
2.05
1.88
2.1
3.5
3.55
1.31
1.32
1.76
1.54
2.62
2.26
1.7
1.45
4.45
7.9
1.09
1.222
2.82
1.77
2.15
2.46
1.6
2.55
3.45
2.9
1.444
1.333
1.54
1.84
2.1
2.02
1.9
2.75
3.6
2.4
1.55
1.285
1.43
2.05
1.79
2.82
1.444
1.8
3.6
4.45
1.2
1.285
1.98
2.46
1.56
2.24
1.666
1.952
3.6
3.75
1.26
1.285
1.82
2.72
1.47
2.18
1.7
2
3.5
3.65
1.27
1.285
1.78
1.48
2.7
2.8
1.45
2.3
3.6
2.9
1.4
1.285
1.59
1.71
2.16
2.8
1.45
1.952
3.6
3.75
1.26
1.285
1.82
2.72
1.47
2.625
1.5
1.45
5
5.9
1.125
1.166
2.68
1.77
2.08
2.625
1.5
2.3
3.6
2.9
1.4
1.285
1.59
1.71
2.16
2.18
1.7
2.55
3.5
2.625
1.47
1.285
1.49
1.88
1.94
2.82
1.444
1.5
4.8
5.5
1.143
1.181
2.54
1.86
1.96
2.24
1.666
1.94
3.35
4.1
1.222
1.31
1.833
1.41
2.96
1.72
2.15
6.8
3.85
1.533
2.44
1.25
1.095
1.86
1.96
1.7
2.18
1.65
3.7
5.5
1.143
1.27
2.2
2.2
1.69
1.72
2.15
1.52
4.4
5.8
1.125
1.2
2.48
1.82
2.02
2.375
1.6
