2.35
3.95
2.75
1.47
1.26
1.615
1.8
2.1
2.22
1.72
2.32
3.55
3.05
1.4
1.31
1.63
1.71
2.24
2.15
1.77
2.65
3.15
2.88
1.43
1.38
1.5
1.86
2.02
1.45
2.92
2.42
3.6
2.85
1.444
1.3
1.58
1.79
2.12
2.12
1.79
2.24
3.2
3.55
1.31
1.363
1.666
1.58
2.52
1.71
2.24
2.35
3.5
3.05
1.4
1.32
1.615
1.72
2.22
2.16
1.76
2.4
3.5
2.95
1.42
1.32
1.59
1.76
2.16
2.54
1.571
2.68
3.1
2.9
1.43
1.39
1.49
1.87
2.02
1.571
2.54
2.625
3.55
2.625
1.51
1.31
1.51
1.94
1.94
2.18
1.75
2.34
3.45
3.1
1.39
1.333
1.615
1.7
2.26
2.08
1.82
2.42
3.4
3
1.41
1.333
1.58
1.75
2.18
2.02
1.87
1.952
3.95
3.6
1.3
1.26
1.88
2.72
1.51
2.22
1.727
2.48
3.6
2.78
1.46
1.3
1.56
1.833
2.06
2.42
1.615
2.55
3.4
2.82
1.45
1.333
1.533
1.85
2.04
1.74
2.2
2.6
3.3
2.82
1.45
1.35
1.51
1.86
2.02
1.81
2.1
2.45
3.5
2.875
1.444
1.32
1.571
1.8
2.1
1.76
2.16
2.32
3.6
3
1.41
1.3
1.63
1.72
2.22
1.952
1.93
2.55
3.05
3.1
1.39
1.4
1.533
1.77
2.15
1.48
2.82
2.35
3.45
3.05
1.4
1.333
1.615
1.72
2.22
2.35
1.65
1.85
3.45
4.4
1.2
1.3
1.92
2.54
1.533
2.18
1.7
2.3
3.4
3.05
1.363
1.3
1.59
1.68
2.22
1.88
1.94
2
3.45
3.75
1.26
1.3
1.78
1.46
2.76
2.1
1.75
2.78
3.45
2.45
1.533
1.3
1.43
2.04
1.8
1.91
1.91
2.35
3.45
2.92
1.39
1.3
1.571
1.727
2.14
1.86
1.96
2.18
3.45
3.6
1.333
1.35
1.75
1.58
2.62
2.24
1.76
5.8
3.85
1.69
2.28
1.3
1.166
1.82
2.15
2.42
1.66
1.571
4.35
6.3
1.153
1.25
2.54
1.99
1.952
2.42
1.66
2.06
3.55
3.85
1.3
1.333
1.833
1.51
2.84
2.32
1.71
1.166
9.8
15
1.036
1.075
5.8
1.82
2.14
2.02
1.92
2.7
3.45
2.52
1.5
1.3
1.444
1.97
1.85
2.38
1.6
2.88
3.4
2.4
1.55
1.3
1.4
2.1
1.75
2.28
1.64
20
12
1.08
7.4
1.022
0
2.1
1.75
2.26
1.65
1.75
3.35
5.3
1.143
1.31
2.04
2.44
1.571
1.55
2.48
2.9
3.3
2.72
1.51
1.37
1.46
2.04
1.92
1.88
2.1
7
4.25
1.571
2.54
1.26
1.125
1.98
1.98
2.32
1.727
1.31
5.9
12
1.055
1.166
3.75
1.93
2.04
2.48
1.65
1.5
4.45
8
1.111
1.24
2.75
1.8
2.2
1.9
2.06
2.14
3.4
3.95
1.285
1.363
1.77
1.52
2.84
1.86
2.12
2.46
3.3
3.25
1.38
1.37
1.6
1.74
2.3
1.78
2.24
3.55
3.45
2.25
1.7
1.35
1.333
2.56
1.615
2.15
1.833
2.05
3.4
4.3
1.25
1.363
1.84
3.05
1.47
1.74
2.3
6.3
3.9
1.666
2.32
1.3
1.153
1.8
2.2
1.93
2.04
1.615
4.1
6.5
1.143
1.27
2.42
2.08
1.89
2.08
1.89
1.533
4.35
7.5
1.125
1.25
2.64
1.92
2.04
2.1
1.87
2.42
3.4
3.25
1.38
1.363
1.615
1.727
2.32
1.833
2.15
1.26
6.5
15
1.036
1.143
4.2
1.77
2.25
2.34
1.72
2.15
3.4
3.9
1.3
1.363
1.77
1.533
2.8
1.81
2.18
2.58
3.35
3.05
1.42
1.363
1.55
1.833
2.15
1.833
2.15
7.5
4.333
1.533
2.64
1.25
1.125
2.05
1.91
2.06
1.9
7
4.2
1.58
2.52
1.26
1.125
1.94
2.02
1.94
2.02
2.12
3.35
4.1
1.27
1.363
1.79
1.5
2.92
1.86
2.12
4.9
3.7
1.85
2.04
1.32
1.21
1.63
2.52
2.15
1.833
1.52
4.333
7.8
1.111
1.25
2.68
1.9
2.06
2.04
1.92
3.7
3.4
2.22
1.72
1.363
1.32
2.65
1.58
1.833
2.15
1.285
6.5
13
1.05
1.143
3.95
1.833
2.15
2.52
1.63
1.38
5.2
10
1.075
1.19
3.25
2.14
1.85
2.4
1.68
2.22
3.35
3.75
1.31
1.363
1.72
1.58
2.65
1.74
2.3
1.72
3.75
6
1.166
1.31
2.22
2.28
1.75
2.06
1.9
1.3
6
13
1.05
1.166
3.8
1.89
2.08
2.45
1.66
1.5
4.3
8.5
1.095
1.25
2.75
1.87
2.1
1.86
2.12
5.5
3.8
1.75
2.18
1.3
1.181
1.71
2.35
2.02
1.952
4.35
3.5
2
1.88
1.34
1.25
1.51
2.875
1.81
2.18
2.85
3.4
2.7
1.51
1.363
1.47
2.04
1.93
1.87
2.1
2.4
3.5
3.1
1.41
1.34
1.63
1.75
2.25
1.909
2.04
2.15
3.5
3.65
1.32
1.34
1.77
1.56
2.68
2.04
1.9
1.88
3.6
4.6
1.23
1.333
2
2.64
1.571
1.94
2
1.76
3.75
5.2
1.19
1.31
2.16
2.38
1.68
2.08
1.87
2.4
3.5
3.1
1.41
1.34
1.63
1.75
2.25
1.94
2
2.6
3.4
2.88
1.46
1.363
1.55
1.87
2.08
1.85
2.1
1.8
3.7
5
1.21
1.32
2.1
2.48
1.63
1.85
2.1
1.55
4.05
7.5
1.125
1.285
2.6
1.91
2.04
2.32
1.71
2.5
3.45
2.98
1.444
1.35
1.58
1.81
2.16
1.85
2.1
1.88
3.6
4.65
1.23
1.333
2
2.64
1.571
1.94
2
2.2
3.4
3.6
1.333
1.363
1.74
1.59
2.58
2.12
1.833
2.16
3.5
3.6
1.333
1.34
1.76
1.58
2.62
1.85
2.1
1.99
3.5
4.2
1.25
1.32
1.85
2.82
1.5
2
1.92
1.74
3.8
5.3
1.181
1.285
2.14
2.34
1.69
2.08
1.85
1.75
3.8
5.2
1.181
1.285
2.12
2.35
1.68
2
1.92
2.55
3.4
2.95
1.42
1.34
1.54
1.833
2.1
2
1.92
1.91
3.6
4.45
1.222
1.31
1.93
2.66
1.55
2.05
1.88
2.45
3.4
3.1
1.39
1.34
1.58
1.75
2.22
2.08
1.85
1.85
3.6
4.8
1.2
1.31
2
2.55
1.59
2
1.92
1.72
3.8
5.5
1.166
1.285
2.18
2.32
1.7
1.88
2.05
2.2
3.4
3.6
1.31
1.34
1.7
1.58
2.58
2
1.92
2.86
3.4
2.62
1.52
1.34
1.444
2.05
1.88
2.1
1.833
2.35
3.4
3.25
1.363
1.34
1.63
1.69
2.34
2.02
1.9
2.4
3.4
3.2
1.37
1.34
1.6
1.71
2.3
2.1
1.84
3.55
3.6
2.15
1.77
1.333
1.333
2.62
1.58
2.04
1.909
2.7
3.4
2.76
1.5
1.363
1.51
1.952
1.99
2.1
1.86
2.04
3.6
3.9
1.3
1.333
1.85
1.5
2.875
2.02
1.92
2.02
3.55
4
1.285
1.333
1.87
1.48
2.95
2.34
1.7
1.24
6.5
15
1.036
1.143
4.45
1.615
2.52
2.95
1.48
1.71
4
5.2
1.19
1.285
2.24
2.25
1.75
2.64
1.571
1.333
5.6
10.5
1.07
1.181
3.55
1.45
3.1
2.7
1.55
9.1
5.5
1.363
3.35
1.181
1.085
1.96
1.98
2.52
1.615
2.46
3.5
3
1.43
1.34
1.6
1.79
2.2
2.3
1.727
1.93
3.65
4.3
1.25
1.32
1.952
2.75
1.533
1.99
1.952
3.3
3.5
2.3
1.68
1.34
1.37
2.4
1.666
2.1
1.85
4.75
3.85
1.8
2.1
1.3
1.222
1.64
2.46
2.12
1.84
2.25
3.5
3.4
1.363
1.34
1.7
1.64
2.46
2.08
1.88
1.75
3.9
5.3
1.19
1.3
2.18
2.32
1.71
2.3
1.727
5.5
3.9
1.7
2.26
1.3
1.181
1.74
2.26
2
1.94
3.7
3.65
2.08
1.82
1.32
1.32
2.74
1.54
2.25
1.75
2.15
3.45
3.7
1.3
1.333
1.74
1.55
2.66
1.92
2
1.952
3.6
4.25
1.24
1.31
1.89
2.8
1.51
1.85
2.08
2.375
3.45
3.2
1.37
1.333
1.61
1.71
2.3
1.9
2.02
2.35
3.5
3.2
1.37
1.32
1.63
1.7
2.32
1.96
1.96
2.86
3.4
2.62
1.52
1.34
1.444
2.05
1.88
1.87
2.06
2.45
3.4
3.1
1.39
1.34
1.58
1.75
2.22
2
1.92
1.952
3.5
4.4
1.23
1.32
1.89
2.8
1.51
1.89
2.04
1.79
3.6
5.3
1.181
1.31
2.08
2.46
1.63
1.84
2.1
2.1
3.5
3.8
1.285
1.32
1.77
1.52
2.76
2.06
1.87
1.833
3.65
4.85
1.2
1.3
2.02
2.52
1.6
1.96
1.96
3.2
3.45
2.375
1.61
1.333
1.37
2.3
1.71
1.96
1.96
2.4
3.4
3.2
1.37
1.34
1.6
1.71
2.3
1.92
2
1.31
5.5
8.8
1.055
1.143
3.35
1.94
1.88
3
1.4
2.25
3.7
2.92
1.39
1.27
1.615
1.69
2.2
1.91
1.91
2.9
3.6
2.3
1.59
1.285
1.4
2.16
1.71
1.97
1.85
2.75
3.6
2.4
1.55
1.285
1.43
2.05
1.79
2.15
1.72
2.72
3.65
2.4
1.55
1.27
1.444
2.04
1.8
1.92
1.9
1.32
5.5
8.4
1.06
1.143
3.3
1.96
1.86
3
1.4
3.45
3.75
2
1.78
1.26
1.3
2.6
1.51
1.91
1.91
2.4
3.6
2.75
1.43
1.285
1.55
1.79
2.05
2.1
1.75
2.92
3.7
2.25
1.615
1.27
1.39
2.2
1.69
2.82
1.444
2.2
3.7
3
1.37
1.27
1.65
1.65
2.26
2.26
1.65
1.666
3.75
5.2
1.153
1.26
2.16
2.2
1.69
1.97
1.85
2.55
3.5
2.625
1.47
1.285
1.49
1.88
1.94
1.75
2.1
1.615
3.75
5.8
1.125
1.26
2.26
2.12
1.74
1.75
2.1
2.08
3.5
3.45
1.3
1.285
1.72
1.533
2.54
1.72
2.15
1.65
3.75
5.4
1.143
1.26
2.2
2.16
1.71
2.15
1.72
2.2
3.4
3.25
1.333
1.3
1.65
1.6
2.375
1.78
2.06
2.55
3.4
2.68
1.45
1.3
1.49
1.86
1.96
1.97
1.85
1.65
3.75
5.4
1.143
1.26
2.2
2.16
1.71
2.04
1.8
3.15
3.5
2.2
1.65
1.285
1.34
2.34
1.615
1.833
2
2.58
3.4
2.66
1.46
1.3
1.48
1.88
1.94
1.79
2.05
1.51
4
6.9
1.09
1.23
2.5
1.88
1.94
1.99
1.833
2.58
3.45
2.62
1.47
1.3
1.48
1.89
1.93
1.75
2.1
1.5
4
7.1
1.085
1.23
2.54
1.86
1.96
2.375
1.6
2.1
3.5
3.35
1.31
1.285
1.71
1.55
2.48
2.375
1.6
1.5
4
7.1
1.085
1.23
2.54
1.86
1.96
2.18
1.7
2.4
3.75
2.66
1.46
1.26
1.55
1.82
2.02
3
1.4
1.85
3.85
3.9
1.24
1.25
1.92
2.52
1.54
2.82
1.444
2.75
3.6
2.4
1.55
1.285
1.43
2.05
1.79
3
1.4
4.2
4
1.75
2.04
1.23
1.222
1.6
2.375
2.1
1.75
2
3.7
3.45
1.3
1.27
1.78
1.51
2.6
2.04
1.8
2.1
3.7
3.2
1.333
1.27
1.71
1.58
2.42
2.48
1.55
1.952
3.75
3.6
1.285
1.26
1.82
2.72
1.47
2.82
1.444
2
3.75
3.45
1.3
1.26
1.78
1.51
2.6
2.15
1.72
2.12
3.1
4.333
1.25
1.41
1.79
1.47
2.98
1.56
2.68
2.375
3
3.7
1.32
1.43
1.64
1.615
2.52
1.56
2.68
2.48
3.05
3.4
1.363
1.42
1.59
1.7
2.34
1.56
2.68
2.02
3.1
4.8
1.222
1.41
1.87
1.4
3.35
1.56
2.68
1.96
3.15
5.1
1.2
1.4
1.92
1.363
3.55
1.56
2.68
2.3
3.05
3.8
1.3
1.42
1.68
1.58
2.62
1.55
2.7
2.02
3.1
4.8
1.222
1.41
1.87
1.4
3.35
1.571
2.64
1.82
3.3
5.8
1.166
1.37
2.08
2.56
1.6
1.571
2.64
1.61
3.6
7.9
1.111
1.333
2.44
2.12
1.84
1.56
2.68
2.28
3.1
3.8
1.3
1.41
1.69
1.58
2.62
1.55
2.7
2.05
3.75
3.7
1.32
1.31
1.84
1.533
2.75
2.18
1.8
3.9
3.7
2
1.88
1.32
1.3
2.9
1.49
2.3
1.72
1.51
4.5
7.1
1.125
1.24
2.72
1.87
2.08
2.48
1.63
1.72
3.6
6
1.166
1.333
2.22
2.3
1.727
2.12
1.84
6.7
4.15
1.571
2.54
1.27
1.133
1.952
1.99
2.58
1.59
2.32
3.6
3.15
1.4
1.333
1.666
1.71
2.32
2.04
1.9
1.2
7.5
17
1.03
1.125
5.1
2.02
1.92
2.98
1.47
8
4.2
1.51
2.72
1.26
1.111
2.06
1.89
2.2
1.78
1.56
4
6
1.125
1.23
2.38
1.91
1.91
2.375
1.6
1.94
3.65
3.7
1.27
1.27
1.833
2.76
1.46
1.88
1.94
1.86
3.55
4.2
1.222
1.285
1.909
2.6
1.51
1.86
1.96
2.12
3.4
3.4
1.3
1.3
1.69
1.55
2.48
1.59
2.4
1.98
3.4
3.85
1.25
1.3
1.8
2.82
1.444
1.91
1.909
2.92
3.35
2.6
1.55
1.363
1.45
2.1
1.86
1.97
1.97
1.38
5.1
9.5
1.08
1.2
3.25
2.06
1.89
2.08
1.87
2.54
3.35
3
1.43
1.363
1.571
1.82
2.15
1.72
2.3
3.05
3.3
2.52
1.58
1.37
1.42
2.18
1.8
1.74
2.26
1.35
5.1
11
1.065
1.2
3.45
2.18
1.8
1.94
2
2.3
3.45
3.3
1.37
1.35
1.68
1.666
2.4
1.78
2.2
3.35
3.3
2.36
1.65
1.37
1.363
2.38
1.68
1.66
2.42
2.1
3.45
3.85
1.3
1.35
1.8
1.52
2.8
1.72
2.3
1.666
3.75
6.3
1.153
1.31
2.32
2.2
1.78
2.12
1.833
1.75
3.75
5.3
1.19
1.31
2.18
2.38
1.68
1.92
2.02
1.5
4.333
7.8
1.111
1.25
2.75
1.87
2.08
1.94
2
2.72
3.3
2.82
1.48
1.37
1.51
1.94
2
1.8
2.18
2.98
3.45
2.4
1.59
1.333
1.41
2.18
1.75
2.02
1.87
1.88
3.45
4.55
1.21
1.333
1.952
2.62
1.54
2.12
1.79
1.66
3.8
5.7
1.153
1.285
2.26
2.22
1.727
1.833
2.06
1.9
3.55
4.3
1.23
1.31
1.93
2.68
1.52
1.9
1.98
2
3.45
3.95
1.26
1.333
1.833
2.85
1.47
2.06
1.833
2.6
3.25
2.86
1.444
1.363
1.51
1.85
2.04
1.87
2.02
1.76
3.7
4.9
1.19
1.3
2.1
2.4
1.63
2.02
1.87
1.31
5.2
12
1.04
1.181
3.55
1.952
1.93
2.26
1.7
1.94
3.55
4.1
1.25
1.31
1.89
2.82
1.48
1.833
2.06
2.92
3.35
2.5
1.55
1.34
1.42
2.1
1.8
1.9
1.98
4.3
3.55
1.84
1.93
1.285
1.21
1.533
2.54
1.87
1.952
1.52
3.85
7.1
1.085
1.25
2.48
1.91
1.91
1.99
1.84
2.18
3.35
3.3
1.32
1.31
1.66
1.59
2.4
1.833
2
2.02
3.35
3.8
1.25
1.31
1.76
1.46
2.76
2.04
1.8
1.45
4.15
7.8
1.07
1.222
2.68
1.79
2.05
1.97
1.85
1.952
3.35
4.05
1.23
1.31
1.82
2.82
1.444
1.66
2.25
1.97
3.35
3.95
1.24
1.31
1.8
2.82
1.444
1.84
1.98
2.55
3.35
2.72
1.444
1.31
1.49
1.85
1.97
1.61
2.35
2.5
3.35
2.78
1.43
1.31
1.51
1.81
2.02
2.12
1.74
2.5
3.4
3
1.43
1.363
1.58
1.81
2.16
2.04
1.9
1.143
9
26
1.008
1.085
6.4
1.7
2.35
2.15
1.82
1.4
4.9
9.3
1.085
1.21
3.15
2
1.94
1.8
2.18
1.181
8.4
17
1.03
1.095
5.4
1.97
1.97
1.97
1.97
2.25
3.6
3.3
1.37
1.333
1.7
1.64
2.46
2.04
1.9
3.05
3.5
2.42
1.615
1.34
1.42
2.18
1.8
2.56
1.6
1.9
3.8
4.25
1.26
1.3
1.98
2.64
1.571
2.34
1.7
2.2
3.5
3.5
1.34
1.34
1.74
1.6
2.56
2.04
1.9
3.8
3.6
2.06
1.833
1.333
1.3
2.8
1.52
2.04
1.9
2.3
3.4
3.35
1.363
1.363
1.68
1.66
2.42
2.25
1.75
6
3.95
1.65
2.35
1.285
1.166
1.81
2.16
2.34
1.7
1.38
5
9.9
1.075
1.21
3.25
2.15
1.82
2.34
1.7
2.2
3.4
3.6
1.333
1.363
1.74
1.59
2.58
2.38
1.68
1.5
4.3
7.9
1.111
1.25
2.75
1.85
2.1
2.34
1.7
2.1
3.5
3.8
1.3
1.34
1.8
1.533
2.75
2.44
1.65
4.9
3.75
1.8
2.1
1.31
1.21
1.64
2.46
2.34
1.7
2.5
3.45
2.98
1.444
1.35
1.58
1.81
2.16
2.04
1.9
2.7
3.45
2.74
1.5
1.35
1.51
1.952
1.99
2.04
1.9
3.45
3.55
2.2
1.74
1.333
1.35
2.52
1.615
2.875
1.5
4
3.7
1.98
1.9
1.32
1.285
2.98
1.47
2.12
1.833
2.06
3.5
3.95
1.285
1.34
1.833
1.5
2.875
2
1.94
1.125
10.5
23
1.013
1.07
7
1.97
1.97
1.97
1.97
1.2
7.7
16
1.035
1.111
5.1
2
1.94
1.85
2.1
2.18
3.5
3.55
1.333
1.34
1.75
1.59
2.58
2.16
1.81
2.3
3.45
3.3
1.37
1.35
1.68
1.666
2.4
2.2
1.78
2.28
3.45
3.35
1.363
1.35
1.69
1.65
2.44
2.26
1.74
2.2
3.5
3.5
1.34
1.34
1.74
1.6
2.56
2.2
1.78
5.9
4.15
1.615
2.4
1.26
1.153
1.85
2.08
2.26
1.727
1.222
7.4
13
1.045
1.111
4.6
1.65
2.42
1.98
1.94
13
6.6
1.25
4.25
1.133
1.045
1.8
2.15
1.833
2.1
5.5
4.05
1.66
2.3
1.27
1.181
1.78
2.18
2.18
1.78
8
5.2
1.4
3.1
1.19
1.095
1.8
2.15
1.833
2.1
1.75
4
4.75
1.21
1.27
2.15
2.35
1.68
2.52
1.6
1.7
4.1
5
1.2
1.26
2.24
2.32
1.7
2.35
1.68
1.49
4.7
6.8
1.125
1.222
2.74
1.84
2.1
1.72
2.28
1.39
5.1
8.7
1.085
1.19
3.15
2.08
1.85
2.7
1.54
2.96
3.45
2.48
1.58
1.34
1.43
2.15
1.8
2.02
1.9
3.2
3.5
2.32
1.65
1.333
1.38
2.34
1.69
2.05
1.88
2.1
3.5
3.7
1.31
1.333
1.78
1.533
2.72
1.99
1.93
1.111
11
26
1.002
1.06
7.3
1.78
2.18
2.28
1.72
11
6.5
1.27
4
1.133
1.06
2.15
1.8
1.77
2.2
3.15
3.45
2.36
1.63
1.34
1.39
2.3
1.71
2.05
1.88
2.62
3.55
2.72
1.5
1.333
1.533
1.96
1.96
2.38
1.666
3.6
3.4
2.2
1.74
1.363
1.333
2.58
1.59
1.81
2.16
2.04
3.65
3.8
1.3
1.32
1.85
1.51
2.84
2.12
1.833
3.1
3.3
2.5
1.58
1.37
1.41
2.2
1.78
1.833
2.12
2.74
3.3
2.8
1.48
1.37
1.5
1.952
1.99
1.92
2.02
1.7
3.9
5.5
1.181
1.3
2.26
2.26
1.74
2.02
1.92
3.25
3.35
2.38
1.64
1.363
1.38
2.32
1.71
1.89
2.06
2.74
3.3
2.8
1.48
1.37
1.5
1.952
1.99
1.85
2.1
1.98
3.65
4.05
1.285
1.32
1.9
1.47
2.98
1.94
2
1.666
3.9
5.9
1.166
1.3
2.32
2.2
1.78
2.18
1.8
1.615
3.85
4.65
1.133
1.2
2.1
2.05
1.72
2.25
1.6
1.47
4.3
5.5
1.095
1.166
2.4
1.833
1.909
2.16
1.65
1.23
5.7
9.5
1.009
1.085
3.55
1.727
2.04
2.25
1.6
1.89
3.4
3.7
1.21
1.25
1.76
2.65
1.444
2.12
1.666
1.61
3.75
4.9
1.125
1.21
2.1
2.05
1.72
2.16
1.65
2.42
3.35
2.62
1.4
1.25
1.46
1.8
1.94
1.92
1.82
2.625
3.35
2.42
1.46
1.25
1.4
1.94
1.8
2
1.75
2.32
3.5
2.66
1.39
1.23
1.5
1.75
2
1.93
1.81
2.3
3.35
3.4
1.363
1.363
1.68
1.65
2.44
1.97
1.97
3.6
3.55
2.15
1.77
1.333
1.333
2.64
1.571
2.1
1.85
2
3.55
4.1
1.27
1.333
1.88
1.47
2.98
2.1
1.85
2.1
3.55
3.75
1.31
1.333
1.8
1.54
2.74
2.44
1.65
3.35
3.55
2.25
1.7
1.333
1.363
2.44
1.65
2.08
1.87
2.25
3.45
3.45
1.35
1.35
1.7
1.63
2.48
2.18
1.8
4.85
3.8
1.7
2.12
1.25
1.166
1.65
2.26
2.04
1.8
2.92
3.55
2.3
1.59
1.285
1.39
2.16
1.71
2.56
1.52
13
7.5
1.181
4.65
1.075
1.016
1.97
1.85
2.1
1.75
7.7
4.9
1.38
2.96
1.166
1.075
1.85
1.97
2.8
1.45
11
5.9
1.25
3.8
1.125
1.03
2.18
1.7
2.04
1.8
5.9
4.7
1.48
2.6
1.181
1.125
2
1.833
2.625
1.5
5.7
4.45
1.52
2.48
1.2
1.133
1.94
1.88
2.48
1.55
3.9
3.65
1.9
1.87
1.27
1.24
2.92
1.42
2.56
1.52
2.94
3.65
2.25
1.615
1.27
1.39
2.2
1.69
2.48
1.55
2.94
3.65
2.25
1.615
1.27
1.39
2.2
1.69
2.375
1.6
13
7.5
1.181
4.65
1.075
1.016
1.97
1.85
2.1
1.75
26
10.5
1.08
7.4
1.035
0
1.91
1.91
2.625
1.5
3.1
3.55
2.2
1.65
1.285
1.35
2.3
1.63
2.18
1.7
6.9
4.8
1.42
2.8
1.181
1.09
2.18
1.7
2.625
1.5
2.58
3.55
2.58
1.48
1.285
1.48
1.91
1.91
2.1
1.75
2.25
3.55
3
1.37
1.285
1.615
1.666
2.24
2.42
1.58
1.65
3.7
5.5
1.143
1.27
2.2
2.2
1.69
1.7
2.18
4.55
3.65
1.77
2.02
1.27
1.19
1.571
2.44
1.75
2.1
3.05
3.05
2.48
1.52
1.363
1.363
2.14
1.727
1.58
2.42
2.45
2.95
3.2
1.333
1.38
1.533
1.69
2.2
1.6
2.375
3.75
3.45
2
1.78
1.3
1.26
2.76
1.46
1.75
2.1
4.7
3.65
1.75
2.04
1.27
1.181
1.59
2.4
1.8
2.04
3.75
3.25
2.06
1.74
1.333
1.26
2.7
1.48
1.8
2.04
2.45
3.05
3.1
1.35
1.363
1.533
1.71
2.16
1.75
2.1
2.15
3.4
3.55
1.31
1.333
1.727
1.56
2.56
1.84
2.05
4.6
3.6
1.833
2
1.3
1.21
1.56
2.56
1.833
2.06
1.125
10
26
1.008
1.075
7
1.666
2.4
2.4
1.666
2.14
3.4
3.8
1.3
1.363
1.77
3.1
1.444
1.7
2.34
1.21
7.1
17
1.03
1.125
4.9
2.12
1.833
2.44
1.65
1.666
4
5.7
1.166
1.285
2.32
2.3
1.727
2.4
1.666
3.3
3.4
2.34
1.66
1.363
1.37
2.38
1.68
1.833
2.12
1.5
4.4
7.6
1.111
1.25
2.75
1.84
2.12
2.55
1.6
13
6.5
1.26
4.2
1.143
1.05
2.2
1.78
3.2
1.42
1.92
3.6
4.4
1.25
1.333
1.96
2.7
1.55
2.04
1.9
1.72
3.8
5.5
1.181
1.3
2.22
2.32
1.71
1.87
2.08
2.18
3.4
3.65
1.32
1.363
1.75
1.55
2.7
1.77
2.22
2.7
3.3
2.84
1.47
1.37
1.51
1.92
2.02
1.75
2.25
1.5
4.333
7.8
1.111
1.25
2.75
1.87
2.08
2.15
1.82
13
6.9
1.25
4.333
1.133
1.05
2.25
1.75
3.5
1.37
2.18
3.35
3.75
1.31
1.363
1.75
1.56
2.68
1.94
2
1.56
4.05
7.3
1.125
1.285
2.56
1.952
1.99
3.1
1.444
2.14
3.4
3.8
1.3
1.363
1.77
1.55
2.7
1.7
2.34
1.88
3.7
4.5
1.24
1.32
2
2.7
1.55
1.8
2.18
1.9
3.6
4.5
1.24
1.333
1.98
2.875
1.5
1.75
2.25
2.4
3.4
3.2
1.39
1.363
1.63
1.727
2.3
1.833
2.12
2.55
3.3
3.05
1.42
1.37
1.571
1.81
2.16
1.9
2.04
1.77
3.65
5.4
1.181
1.32
2.15
2.44
1.65
1.82
2.15
3.55
3.4
2.22
1.72
1.363
1.333
2.56
1.6
1.87
2.08
8.4
4.6
1.45
2.92
1.23
1.095
2.22
1.77
2.08
1.87
1.64
3.95
6.1
1.153
1.285
2.375
2.16
1.81
1.92
2.02
2.64
3.2
3
1.43
1.39
1.533
1.89
2.06
1.8
2.18
1.143
8.6
29
1.004
1.095
6.4
1.77
2.22
2.74
1.54
1.92
3.4
4.75
1.222
1.363
1.96
1.38
3.45
1.833
2.12
4
3.6
2.02
1.87
1.333
1.285
2.95
1.48
2
1.94
2.08
3.3
4.15
1.27
1.37
1.82
3.1
1.45
1.76
2.24
2.04
3.5
4
1.285
1.34
1.85
1.49
2.9
2.02
1.92
4.55
3.7
1.87
2.02
1.32
1.23
1.58
2.62
2.16
1.81
1.47
4.25
9.1
1.085
1.26
2.85
1.81
2.16
2.06
1.89
7.2
4
1.571
2.54
1.285
1.125
1.94
2
2.08
1.87
2.68
3.2
2.94
1.45
1.39
1.52
1.88
2.08
1.74
2.26
2.05
3.5
3.95
1.285
1.34
1.84
1.5
2.875
1.9
2.04
3.7
3.45
2.15
1.77
1.35
1.32
2.68
1.56
2
1.94
2.1
3.3
4.05
1.285
1.37
1.8
1.5
2.875
1.72
2.3
4.7
3.5
1.9
1.98
1.34
1.222
3.45
1.38
1.99
1.952
1.38
5
10
1.075
1.21
3.25
2.16
1.81
2.25
1.75
1.5
4.5
7.3
1.125
1.24
2.75
1.87
2.08
2.1
1.85
2.4
3.25
3.3
1.37
1.38
1.63
1.7
2.34
1.75
2.25
2.25
3.4
3.5
1.34
1.363
1.7
1.615
2.52
2.04
1.9
1.55
4.3
6.8
1.133
1.25
2.6
1.97
1.97
1.9
2.04
2.35
3.3
3.35
1.363
1.37
1.65
1.68
2.38
1.85
2.1
2.4
3.25
3.3
1.37
1.38
1.63
1.7
2.34
1.8
2.18
1.3
6
11
1.065
1.166
3.8
1.92
2.02
2.44
1.65
2.3
3.3
3.45
1.35
1.37
1.68
1.64
2.46
1.85
2.1
1.8
3.6
5.2
1.19
1.333
2.1
2.48
1.63
1.97
1.97
2.5
3.3
3.1
1.41
1.37
1.58
1.78
2.2
1.9
2.04
1.55
4.3
6.8
1.133
1.25
2.6
1.96
1.98
2.1
1.85
3.45
3.15
2.35
1.64
1.39
1.34
2.42
1.65
1.727
2.26
1.87
3.35
5.1
1.19
1.363
1.99
2.64
1.56
1.85
2.08
3.65
3.25
2.22
1.71
1.37
1.31
2.58
1.58
1.77
2.2
2.4
3.125
3.4
1.35
1.4
1.615
1.666
2.38
1.8
2.15
1.61
3.8
6.8
1.125
1.3
2.4
2.1
1.84
1.8
2.15
1.833
3.45
5.1
1.19
1.34
2.04
1.333
3.7
1.78
2.18
1.81
3.55
5.1
1.19
1.333
2.06
2.5
1.61
1.9
2.02
2.42
3.05
3.45
1.34
1.41
1.6
1.666
2.38
1.66
2.4
2.2
3.15
3.85
1.285
1.39
1.72
1.54
2.7
1.9
2.02
2.3
3.2
3.55
1.333
1.38
1.66
3.45
1.37
1.97
1.952
2.28
3.25
3.5
1.333
1.37
1.68
1.615
2.5
1.77
2.2
2.75
2.9
2.6
1.41
1.333
1.363
1.92
1.82
1.6
2.25
3.3
3
2.2
1.56
1.31
1.26
2.34
1.56
1.61
2.22
1.76
3.65
4.65
1.181
1.27
2.02
2.24
1.666
1.75
2.1
1.8
3.35
4.9
1.166
1.31
1.98
1.31
3.5
1.75
2.1
2.12
3.25
3.6
1.285
1.333
1.69
1.52
2.56
1.75
2.1
1.55
3.8
6.7
1.095
1.25
2.4
1.97
1.85
1.85
1.97
1.84
3.35
4.6
1.181
1.31
1.93
1.34
3.3
1.75
2.1
2.94
3.15
2.5
1.51
1.34
1.39
2.08
1.77
1.81
2.02
2.15
3.15
3.65
1.27
1.34
1.68
1.52
2.56
1.7
2.18
2.4
3.25
3
1.37
1.333
1.55
1.72
2.15
2.18
1.7
2.5
3.3
2.82
1.41
1.32
1.51
1.8
2.04
1.91
1.91
1.45
4.333
7.3
1.08
1.21
2.68
1.77
2.08
2.26
1.65
3.2
3.2
2.3
1.59
1.333
1.333
2.28
1.64
2.1
1.75
4.45
3
2
1.78
1.37
1.2
3.1
1.38
1.59
2.4
15
8
1.153
5.1
1.07
1.005
2.1
1.75
2.7
1.48
7.3
4.5
1.5
2.75
1.24
1.125
2.08
1.87
2.12
1.833
3.25
3.45
2.34
1.66
1.35
1.38
2.36
1.69
1.85
2.1
1.55
4.15
7.2
1.125
1.27
2.6
1.97
1.97
1.85
2.1
3.3
3.3
2.375
1.64
1.37
1.37
2.36
1.69
1.85
2.1
2.05
3.6
3.85
1.3
1.333
1.84
1.51
2.84
1.9
2.04
1.8
3.9
4.7
1.222
1.3
2.1
2.46
1.64
2.1
1.85
1.6
4.2
6.2
1.153
1.26
2.46
2.04
1.9
1.85
2.1
1.55
4.3
6.8
1.133
1.25
2.6
1.97
1.97
2.04
1.91
3.8
3.5
2.1
1.8
1.34
1.3
1.444
3.1
1.89
2.06
5.7
3.8
1.7
2.26
1.3
1.166
1.75
2.25
2.08
1.87
1.55
4.35
6.6
1.143
1.25
2.6
1.96
1.98
2.34
1.7
1.952
3.65
4.2
1.26
1.32
1.93
1.444
3.1
1.85
2.1
3.1
3.3
2.5
1.58
1.37
1.41
2.2
1.78
1.85
2.1
2.2
3.3
3.75
1.31
1.37
1.74
3.35
1.4
2
1.94
3.9
3.3
2.15
1.77
1.37
1.3
1.42
3.2
1.85
2.1
1.94
3.7
4.15
1.27
1.32
1.94
2.75
1.533
1.85
2.1
2.55
3.55
2.84
1.47
1.333
1.571
1.87
2.08
2.02
1.92
2.35
3.6
3.1
1.41
1.333
1.65
1.727
2.3
1.85
2.1
2.25
3.4
3.5
1.34
1.363
1.7
1.615
2.52
1.85
2.1
1.45
4.65
8.3
1.1
1.23
2.92
2.38
1.68
2.25
1.75
1.6
3.9
6.9
1.133
1.3
2.46
2.08
1.87
1.94
2
3.25
3.5
2.32
1.666
1.34
1.38
2.36
1.69
1.85
2.1
3
3.4
2.5
1.58
1.363
1.43
2.16
1.81
2
1.94
3.2
3.5
2.35
1.65
1.34
1.39
2.32
1.71
2.18
1.8
4.05
3.6
2
1.88
1.333
1.285
1.5
2.875
2.12
1.84
1.7
3.75
5.9
1.166
1.31
2.26
2.3
1.727
1.63
2.48
1.1
12
20
1.005
1.04
7.4
1.52
2.68
3.45
1.35
2.2
3.4
3.4
1.333
1.333
1.69
1.6
2.46
1.72
2.22
1.285
5.8
11
1.05
1.153
3.75
1.91
1.97
1.94
1.94
1.31
5.3
11
1.05
1.166
3.55
1.99
1.89
1.92
1.96
6.3
4.2
1.55
2.5
1.24
1.133
1.909
1.97
1.9
1.98
1.35
5
9.9
1.06
1.181
3.3
2.08
1.82
2.35
1.65
1.45
4.3
8.4
1.08
1.23
2.82
1.77
2.15
2.1
1.8
1.35
5
9.9
1.06
1.181
3.3
1.58
2.5
2.35
1.65
1.3
5.7
13
1.05
1.166
3.8
1.94
2
2.24
1.76
1.99
3.55
4.15
1.27
1.333
1.89
1.46
3.05
2.1
1.85
3.2
3.4
2.375
1.64
1.363
1.39
2.3
1.72
2.06
1.89
2.84
3.55
2.55
1.571
1.333
1.47
2.08
1.87
2.12
1.833
1.285
5.8
13
1.05
1.166
3.95
1.86
2.1
2.68
1.56
2.55
3.3
3.05
1.42
1.37
1.571
1.81
2.16
1.85
2.1
11
6.4
1.285
3.95
1.143
1.065
2.12
1.833
3.1
1.444
5.2
3.95
1.72
2.22
1.285
1.19
1.71
2.32
2.02
1.92
1.45
4.65
8.3
1.1
1.23
2.92
2.58
1.59
1.99
1.952
2.4
3.45
3.125
1.41
1.35
1.63
1.74
2.26
1.87
2.08
1.84
3.85
4.5
1.24
1.3
2.05
1.39
3.4
2.1
1.85
3.35
3.55
2.24
1.71
1.333
1.363
2.46
1.64
2.18
1.8
1.8
3.75
4.9
1.21
1.31
2.1
2.62
1.58
1.952
1.99
1.07
16
36
0
1.035
10.5
1.97
1.97
2.05
1.9
2.74
3.4
2.74
1.5
1.363
1.5
1.97
1.97
2.06
1.89
1.25
6.7
13
1.05
1.133
4.333
1.77
2.22
2.36
1.69
1.82
3.3
4.85
1.166
1.32
1.952
1.31
3.5
1.96
1.86
2.65
3.3
2.65
1.46
1.32
1.46
1.91
1.91
1.91
1.91
2
3.3
3.9
1.24
1.32
1.78
1.444
2.82
1.8
2.04
2.3
3.3
3.125
1.35
1.32
1.59
1.66
2.25
1.86
1.96
2
3.3
3.9
1.24
1.32
1.78
2.875
1.43
1.91
1.91
1.952
3.35
4.05
1.23
1.31
1.82
2.8
1.45
1.86
1.96
1.88
3.4
4.3
1.21
1.3
1.89
2.66
1.49
1.86
1.96
1.88
3.55
4.1
1.222
1.285
1.89
2.66
1.49
1.8
2.04
2.18
3.3
3.35
1.31
1.32
1.66
1.58
2.42
1.86
1.96
2.35
3.3
3.05
1.363
1.32
1.571
1.69
2.2
1.8
2.04
2.65
3.3
2.65
1.46
1.32
1.46
1.91
1.91
1.85
1.97
2.4
3.3
2.95
1.38
1.32
1.55
1.727
2.14
1.86
1.96
2.25
3.3
3.2
1.333
1.32
1.615
1.63
2.3
1.87
1.952
2.5
3.3
2.82
1.41
1.32
1.51
1.8
2.04
1.8
2.04
2.3
3.3
3.125
1.35
1.32
1.59
1.66
2.25
1.99
1.84
3.1
3.2
2.52
1.56
1.38
1.4
2.18
1.78
1.94
1.98
2.38
3.35
3.2
1.38
1.363
1.63
1.71
2.3
1.93
1.99
4.55
3.5
1.9
1.96
1.333
1.222
3.3
1.39
2.04
1.89
2.5
3.3
3.05
1.41
1.363
1.571
1.78
2.18
1.833
2.1
1.833
3.6
4.8
1.21
1.32
2.04
2.55
1.59
1.833
2.1
2.2
3.4
3.55
1.333
1.35
1.72
1.59
2.55
1.9
2.02
2.6
3.25
2.95
1.43
1.37
1.533
1.84
2.1
1.92
2
1.68
3.8
5.8
1.166
1.3
2.26
2.24
1.74
1.9
2.02
2
3.4
4.2
1.25
1.35
1.86
2.9
1.48
1.85
2.08
3.7
3.6
2.1
1.8
1.333
1.32
2.74
1.54
2.68
1.56
2.15
3.7
3.45
1.35
1.32
1.77
1.6
2.56
2.44
1.65
1.94
3.6
4.3
1.25
1.333
1.94
1.43
3.15
2.54
1.61
1.285
6.1
12
1.055
1.153
3.95
1.79
2.2
1.97
1.97
1.86
3.75
4.5
1.24
1.31
2.02
1.39
3.4
2.38
1.68
3.65
3.65
2.1
1.8
1.32
1.32
2.7
1.55
2.58
1.59
1.285
6.1
12
1.055
1.153
3.95
1.8
2.18
3.1
1.45
1.56
4.333
6.5
1.143
1.25
2.56
1.96
1.98
1.97
1.97
1.38
5
9.9
1.075
1.21
3.25
2.12
1.833
2.95
1.48
2.85
3.65
2.4
1.59
1.3
1.444
2.12
1.79
2.85
1.47
31
18
1.05
11
1.011
0
2.05
1.84
2.82
1.48
23
14
1.08
8.4
1.027
0
1.94
1.94
1.85
2.04
13
7.5
1.2
4.75
1.095
1.035
1.84
2.05
2.08
1.82
1.45
4.5
7.7
1.095
1.222
2.82
1.75
2.18
2.16
1.76
14
5.9
1.25
4.1
1.143
1.027
2.18
1.75
1.9
1.98
26
13
1.08
8.4
1.035
0
2.05
1.84
2.75
1.5
1.65
4
5.4
1.166
1.26
2.28
2.15
1.77
2.68
1.52
17
8.6
1.153
5.6
1.075
1.014
2.16
1.76
2.46
1.6
5.2
3.85
1.7
2.18
1.285
1.181
1.71
2.24
2.62
1.54
6.6
4.75
1.47
2.74
1.2
1.125
2.12
1.79
2.85
1.47
14
5.9
1.25
4.1
1.143
1.027
2.18
1.75
2.02
1.86
13
6
1.25
4.1
1.143
1.035
2.2
1.74
2.4
1.63
2.2
3.65
3.2
1.363
1.3
1.69
1.64
2.375
2.42
1.615
10
5.8
1.3
3.65
1.153
1.06
2
1.88
4.1
1.27
26
15
1.07
9.1
1.022
0
1.833
2.06
2.92
1.45
12
6.3
1.25
4.1
1.133
1.04
2.2
1.74
2.46
1.6
15
7
1.2
4.75
1.111
1.022
2.1
1.8
4.333
1.25
1.1
12
20
1.005
1.04
7.4
1.75
2.18
2.6
1.55
1.3
5.8
10
1.06
1.153
3.65
1.91
1.97
2.85
1.47
4.2
3.8
1.85
1.98
1.285
1.24
1.571
2.54
3.45
1.35
4.2
3.8
1.85
1.98
1.285
1.24
1.571
2.54
2.92
1.45
1.35
5.2
9.2
1.07
1.181
3.3
1.94
1.94
2.92
1.45
1.5
4.333
6.9
1.111
1.23
2.64
1.84
2.05
3.15
1.4
3.95
3.8
1.9
1.93
1.285
1.26
1.54
2.62
2.75
1.5
1.143
9
18
1.011
1.07
5.9
2
1.88
2.35
1.65
3.25
3.65
2.18
1.71
1.3
1.363
2.42
1.615
2.9
1.46
1.26
6.1
12
1.04
1.133
4
1.78
2.14
3.45
1.35
1.46
4.6
8.1
1.1
1.23
2.88
1.76
2.24
2.7
1.55
2.86
3.4
2.62
1.54
1.363
1.47
2.06
1.89
2.34
1.7
4.45
3.9
1.84
2.05
1.3
1.24
1.615
2.52
2.26
1.74
3.75
3.65
2.06
1.833
1.32
1.31
2.8
1.52
2
1.94
1.86
3.85
4.4
1.25
1.3
2.02
2.56
1.6
2.68
1.56
2.7
3.5
2.7
1.51
1.34
1.51
1.97
1.97
2.12
1.833
2.15
3.5
3.65
1.32
1.34
1.77
1.56
2.68
2.26
1.74
2.22
3.5
3.45
1.35
1.34
1.72
1.615
2.52
2.02
1.92
1.86
3.75
4.5
1.24
1.31
2.02
2.56
1.6
2.3
1.72
4.95
3.9
1.76
2.16
1.3
1.21
1.69
2.36
2.44
1.65
2.4
3.75
2.66
1.46
1.26
1.55
1.82
2.02
2.05
1.79
2.25
3.75
2.88
1.4
1.26
1.615
1.7
2.18
2
1.833
4
3.85
1.82
1.952
1.25
1.23
1.56
2.46
2.35
1.61
3.85
3.95
1.833
1.94
1.24
1.25
1.56
2.46
2.15
1.72
4.05
3.85
1.81
1.96
1.25
1.23
1.571
2.44
2
1.833
2
3.5
3.65
1.27
1.285
1.78
1.48
2.7
2
1.833
2.66
3.15
2.74
1.444
1.34
1.46
1.88
1.94
1.96
1.86
5.8
3.95
1.58
2.34
1.24
1.125
1.8
2.04
2.1
1.75
2.2
3.85
2.9
1.4
1.25
1.65
1.68
2.22
1.91
1.91
2.16
3.65
3.125
1.35
1.27
1.666
1.615
2.34
1.75
2.1
3.95
3.65
1.88
1.89
1.27
1.24
1.49
2.66
1.75
2.1
2.35
3.45
2.92
1.39
1.3
1.571
1.727
2.14
1.68
2.22
2.55
3.55
2.6
1.48
1.285
1.49
1.89
1.93
1.7
2.18
1.7
3.85
4.75
1.181
1.25
2.12
2.28
1.64
1.91
1.91
2.2
3.2
3.45
1.3
1.333
1.65
1.56
2.46
1.59
2.4
2.18
3.25
3.45
1.3
1.333
1.66
1.56
2.46
1.7
2.18
2.22
3.2
3.75
1.3
1.38
1.71
1.56
2.64
1.75
2.22
2.12
3.35
3.85
1.285
1.363
1.77
1.52
2.76
1.7
2.32
2.32
3.25
3.4
1.35
1.37
1.65
1.65
2.42
1.85
2.08
1.55
4.3
6.5
1.133
1.25
2.56
1.98
1.94
1.85
2.08
4.55
3.5
1.9
1.96
1.333
1.222
3.3
1.39
1.9
2.02
3.15
3.2
2.5
1.571
1.38
1.39
2.22
1.76
1.85
2.08
3.15
3.45
2.3
1.64
1.333
1.38
2.3
1.68
1.94
1.94
2
3.45
3.95
1.26
1.333
1.833
2.85
1.47
1.94
1.94
2.05
3.45
3.8
1.285
1.333
1.79
1.49
2.78
1.94
1.94
2.98
3.35
2.45
1.571
1.34
1.41
2.15
1.77
1.8
2.1
2.1
3.5
3.55
1.31
1.32
1.76
1.54
2.62
1.96
1.92
2.1
3.35
3.75
1.285
1.34
1.76
1.51
2.72
1.85
2.04
9.3
4.9
1.41
3
1.2
1.07
1.7
2.34
2.02
1.92
1.59
4.15
6.6
1.125
1.25
2.42
2.02
1.92
2.04
1.9
1.7
3.9
5.7
1.153
1.27
2.2
2.26
1.74
1.89
2.06
1.3
5.5
14
1.03
1.166
3.65
2.04
1.9
2.04
1.9
2.55
3.25
3.125
1.39
1.363
1.54
1.78
2.2
1.85
2.1
2.3
3.35
3.5
1.32
1.35
1.65
1.63
2.48
1.833
2.12
6.9
4.4
1.54
2.55
1.23
1.125
1.99
1.952
1.952
1.99
2.44
3.25
3.3
1.35
1.363
1.58
1.71
2.32
1.82
2.15
4.9
3.6
1.86
1.98
1.31
1.2
1.59
2.58
1.85
2.1
1.9
3.5
4.8
1.2
1.32
1.94
2.8
1.52
1.94
2
1.35
5.1
12
1.045
1.181
3.3
2.1
1.85
1.952
1.99
3.8
3.3
2.2
1.7
1.35
1.285
2.7
1.55
1.85
2.1
2.8
3.3
2.8
1.46
1.35
1.46
1.97
1.97
1.7
2.34
2.66
3.4
2.85
1.45
1.34
1.5
1.9
2.04
1.85
2.1
1.32
5.7
12
1.045
1.153
3.5
1.98
1.96
1.952
1.99
1.65
3.8
6.6
1.125
1.285
2.3
2.2
1.79
1.85
2.1
2
3.5
4.25
1.24
1.32
1.85
0
0
1.8
2.18
8
4.1
1.533
2.56
1.26
1.09
2
1.94
1.952
1.99
1.84
3.65
4.95
1.19
1.3
2
2.58
1.59
1.87
2.08
1.32
5.5
13
1.036
1.166
3.5
2.06
1.89
1.96
1.98
2.36
3.35
3.35
1.35
1.35
1.615
1.68
2.38
1.97
1.97
2.15
3.3
3.65
1.3
1.35
1.727
1.55
2.58
1.6
2.46
2.4
3.2
3.2
1.363
1.363
1.59
1.7
2.25
1.5
2.74
1.6
3.8
6.5
1.125
1.285
2.38
2.1
1.8
1.8
2.1
1.55
3.9
7.1
1.111
1.27
2.5
2
1.88
1.6
2.46
1.5
4.05
7.8
1.09
1.25
2.64
1.9
1.98
1.8
2.1
2.15
3.3
3.65
1.3
1.35
1.727
1.55
2.58
1.6
2.46
2.95
3.3
2.5
1.55
1.35
1.42
2.1
1.8
1.6
2.46
2.35
3.2
3.3
1.35
1.363
1.615
1.65
2.35
1.5
2.74
2.6
3.2
2.9
1.43
1.363
1.51
1.85
2.04
1.5
2.74
1.3
5.6
10.5
1.055
1.153
3.65
1.98
1.9
1.9
1.98
1.52
4.333
6.5
1.125
1.23
2.58
1.92
1.96
1.8
2.1
4.5
3.4
1.9
1.93
1.333
1.222
1.51
2.72
1.65
2.35
1.9
3.4
4.5
1.222
1.333
1.93
2.72
1.51
1.65
2.35
2.2
3.3
3.5
1.32
1.35
1.69
1.58
2.52
1.7
2.26
3.05
3.4
2.4
1.59
1.333
1.4
2.22
1.727
1.77
2.15
3.9
3.5
2
1.833
1.32
1.27
1.45
2.92
1.75
2.18
1.8
3.5
5
1.181
1.32
2.04
2.52
1.58
1.75
2.18
3.3
3.5
2.2
1.69
1.32
1.35
2.42
1.615
1.85
2.04
1.9
3.5
4.35
1.23
1.32
1.93
2.72
1.51
1.6
2.46
1.8
3.75
4.25
1.21
1.26
1.98
1.37
3.15
2.8
1.45
1.3
5.3
10
1.04
1.143
3.4
1.909
1.909
2.8
1.45
2.1
3.65
3.25
1.333
1.27
1.71
1.59
2.4
2.375
1.6
2.4
3.45
2.85
1.41
1.3
1.55
1.75
2.1
2.1
1.75
2.4
3.45
2.85
1.41
1.3
1.55
1.75
2.1
2.1
1.75
2.65
3.65
2.45
1.533
1.27
1.46
1.97
1.85
2.8
1.45
2.85
3.45
2.4
1.55
1.3
1.41
2.1
1.75
2.1
1.75
2.25
3.55
3
1.37
1.285
1.615
1.66
2.25
2.26
1.65
4.45
3.6
1.8
1.98
1.285
1.2
3.3
1.34
1.86
1.96
1.181
7
14
1.01
1.09
4.65
2.04
1.8
2.42
1.58
7.1
4.4
1.45
2.68
1.2
1.085
2.06
1.78
1.96
1.86
7.1
4.4
1.45
2.68
1.2
1.085
2.1
1.75
1.91
1.91
1.6
4
5.5
1.143
1.23
2.3
2.08
1.77
1.96
1.86
7.6
4.7
1.4
2.88
1.181
1.075
2.22
1.68
2.18
1.7
1.1
10
20
0
1.04
6.6
1.91
1.91
1.91
1.91
2.62
3.4
2.86
1.47
1.363
1.54
1.89
2.06
1.666
2.4
2.35
3.5
3.2
1.39
1.34
1.65
1.71
2.32
1.615
2.52
5.1
3.5
1.833
2.06
1.34
1.2
1.59
2.58
1.72
2.3
1.41
4.85
9
1.085
1.21
3.1
1.71
2.32
1.87
2.08
46
19
1.05
13
1.022
0
2.1
1.85
2.7
1.55
3.25
3.7
2.24
1.71
1.32
1.38
2.4
1.666
1.85
2.1
1.05
21
41
0
1.017
13
1.8
2.18
2.1
1.85
1.2
8
15
1.036
1.111
5.1
1.94
2
1.97
1.97
1.5
4.5
7.3
1.125
1.24
2.75
1.86
2.1
1.7
2.34
2.55
3.6
2.82
1.48
1.333
1.571
1.88
2.08
1.85
2.1
1.38
4.9
10.5
1.07
1.21
3.25
2.2
1.79
1.92
2.02
1.07
17
31
1.001
1.03
10.5
1.7
2.34
2.7
1.55
2.3
3.35
3.4
1.363
1.363
1.68
1.65
2.44
1.7
2.34
20
8.4
1.166
5.8
1.095
1.019
2.1
1.85
2.56
1.6
1.065
14
67
0
1.04
11
2.15
1.82
1.65
2.44
1.45
4.65
8.3
1.1
1.23
2.92
2.36
1.69
2.44
1.65
1.25
6.3
15
1.036
1.153
4.333
1.85
2.1
2.2
1.79
2.1
3.4
3.9
1.3
1.363
1.8
1.51
2.84
1.75
2.25
1.8
3.6
5.2
1.19
1.333
2.1
2.48
1.63
1.76
2.24
4.6
3.8
1.833
2.06
1.3
1.23
1.6
2.56
1.99
1.952
1.76
3.9
4.95
1.21
1.3
2.16
2.4
1.666
1.97
1.97
5.1
3.85
1.75
2.18
1.3
1.2
1.68
2.38
1.9
2.04
26
13
1.1
8.2
1.05
1.008
1.78
2.2
2.875
1.5
1.92
3.65
4.333
1.25
1.32
1.96
2.75
1.533
1.666
2.4
1.2
7.2
19
1.022
1.125
5.1
1.99
1.952
2.3
1.72
1.99
3.45
4.3
1.25
1.35
1.89
2.95
1.48
1.78
2.2
1.77
3.65
5.4
1.181
1.32
2.15
2.44
1.65
1.77
2.22
2.1
3.45
3.85
1.3
1.35
1.8
1.52
2.8
1.75
2.25
3.85
3.7
1.952
1.88
1.3
1.285
2.88
1.46
2.6
1.55
2.55
3.55
2.72
1.48
1.31
1.533
1.88
2
2.16
1.76
3.25
3.6
2.2
1.69
1.3
1.363
2.4
1.63
2.52
1.58
1.75
3.65
5.1
1.181
1.3
2.12
2.35
1.65
2.46
1.6
2.1
3.55
3.5
1.32
1.31
1.76
1.55
2.6
2.35
1.65
4.05
3.55
1.952
1.88
1.31
1.25
2.95
1.444
2.35
1.65
1.27
6.1
11
1.05
1.133
3.9
1.08
9.5
2.5
1.58
1.2
7.2
14
1.027
1.111
4.75
1.055
12
2.68
1.52
1.45
4.5
7.6
1.095
1.222
2.82
1.153
6.1
2.18
1.75
1.5
4.3
7
1.111
1.23
2.64
1.181
5.4
2.22
1.72
1.72
3.75
5.6
1.181
1.31
2.22
2.32
1.71
1.98
1.96
2.1
3.45
3.85
1.3
1.35
1.8
1.52
2.8
1.92
2.02
2.3
3.4
3.35
1.363
1.363
1.68
1.66
2.42
2.04
1.9
2.16
3.45
3.65
1.32
1.35
1.76
1.571
2.64
1.92
2.02
2
3.5
4.15
1.27
1.34
1.88
1.46
3.05
2.04
1.9
2.22
3.45
3.5
1.34
1.35
1.72
1.61
2.54
2
1.94
2
3.6
4.05
1.285
1.333
1.88
2.875
1.5
2
1.94
1.9
4
4
1.285
1.285
1.98
2.68
1.56
2.02
1.92
3.35
3.4
2.3
1.68
1.363
1.363
2.42
1.66
2
1.94
2.2
3.125
3.5
1.285
1.35
1.65
1.55
2.48
1.5
2.625
4.15
3.5
1.88
1.89
1.285
1.222
1.49
2.66
1.59
2.4
2.46
3.5
2.74
1.444
1.285
1.533
1.81
2.02
1.61
2.35
4.7
3.6
1.76
2.02
1.285
1.181
1.571
2.44
1.6
2.375
1.96
3.5
3.8
1.25
1.285
1.81
2.8
1.45
1.88
1.94
4.05
3.5
1.9
1.87
1.285
1.23
1.47
2.72
1.68
2.22
2.15
3.6
3.15
1.34
1.285
1.68
1.61
2.35
1.7
2.18
2.92
3.45
2.35
1.571
1.3
1.39
2.14
1.727
1.55
2.48
1.85
3.35
4.55
1.19
1.31
1.92
1.34
3.3
1.5
2.625
1.63
3.8
6.4
1.143
1.3
2.36
1.23
4.8
1.78
2.18
1.91
3.5
4.5
1.23
1.333
1.952
1.4
3.25
1.71
2.3
1.75
3.6
5.5
1.181
1.32
2.15
1.285
4.1
1.71
2.3
1.82
3.5
5.1
1.19
1.333
2.05
1.333
3.7
1.63
2.45
1.2
7
18
1.02
1.125
4.95
1.045
16
2.22
1.75
13
6.5
1.25
4.25
1.133
1.045
11
1.075
2.58
1.58
6.8
4.2
1.55
2.56
1.25
1.125
1.952
1.97
2
1.92
2.3
3.5
2.96
1.38
1.285
1.59
1.7
2.18
1.833
2
2.65
3.3
2.65
1.46
1.32
1.46
1.91
1.91
1.85
1.97
2.3
3.5
2.96
1.38
1.285
1.59
1.7
2.18
1.85
1.97
4.9
3.55
1.75
2.04
1.285
1.166
1.59
2.4
1.8
2.04
17
7.5
1.153
5.1
1.075
0
2.06
1.78
2.625
1.5
2.25
3.5
3.05
1.363
1.285
1.615
1.66
2.25
1.75
2.1
7.6
4.5
1.42
2.8
1.19
1.075
2.14
1.727
1.91
1.91
12
5.3
1.27
3.65
1.143
1.022
1.93
1.89
1.952
1.87
2.78
3.35
2.5
1.51
1.31
1.43
1.27
3.85
1.99
1.833
2.96
3.5
2.3
1.59
1.285
1.38
2.18
1.7
1.833
2
15
6.9
1.181
4.65
1.09
1.005
2.4
1.59
2.375
1.6
1.85
3.5
4.3
1.21
1.285
1.92
2.6
1.51
1.833
2
1.45
4.6
6.6
1.1
1.181
2.68
1.79
2.05
1.89
1.93
17
7.5
1.153
5.1
1.075
0
1.99
1.833
2.625
1.5
2.3
3.4
3.05
1.363
1.3
1.59
1.68
2.22
1.8
2.04
2.15
3.4
3.35
1.31
1.3
1.68
1.571
2.44
1.833
2
3.65
3.5
2
1.78
1.285
1.27
1.444
2.82
2.54
1.533
3.75
3.6
1.952
1.82
1.285
1.26
1.47
2.72
2.44
1.571
1.833
3.75
4.05
1.23
1.26
1.94
1.39
3.05
2.24
1.666
5.8
4
1.571
2.35
1.23
1.125
1.833
1.99
2.82
1.444
3.95
3.9
1.82
1.952
1.24
1.24
1.56
2.46
1.87
1.952
1.615
3.9
6.7
1.133
1.3
2.42
1.222
5.1
1.8
2.18
2.08
3.25
4.2
1.26
1.38
1.82
1.47
2.98
1.72
2.3
3.9
3.3
2.15
1.77
1.37
1.3
2.75
1.533
1.7
2.34
1.74
3.8
5.3
1.19
1.3
2.2
1.31
3.95
1.7
2.34
10
4.5
1.42
3.05
1.24
1.075
2.3
1.72
1.85
2.1
1.952
3.45
4.45
1.24
1.35
1.93
1.42
3.2
1.666
2.4
2.3
3.25
3.55
1.333
1.38
1.68
1.63
2.48
1.65
2.44
2.14
3.25
4
1.285
1.38
1.77
1.51
2.84
1.65
2.44
1.31
5.5
13
1.05
1.181
3.75
1.96
1.98
2
1.94
2.2
3.25
3.8
1.3
1.38
1.74
1.55
2.7
1.68
2.38
3.15
3.25
2.5
1.58
1.38
1.4
2.22
1.77
1.72
2.3
1.3
5.5
14
1.04
1.181
3.8
1.92
2.02
2.18
1.8
2.25
3.35
3.55
1.333
1.363
1.7
1.61
2.54
1.65
2.44
1.75
3.55
5.8
1.166
1.333
2.18
2.4
1.666
1.68
2.38
1.58
3.8
7.7
1.111
1.3
2.52
2.04
1.909
1.75
2.25
2.3
3.15
3.65
1.32
1.4
1.68
1.61
2.54
1.6
2.56
2.68
3.15
2.98
1.444
1.4
1.52
1.87
2.08
1.65
2.44
1.9
3.45
4.75
1.222
1.35
1.98
1.38
3.45
1.68
2.38
2.8
3.15
2.85
1.47
1.4
1.48
1.96
1.98
1.615
2.52
4.8
3.6
1.85
2.04
1.333
1.222
3.55
1.363
1.85
2.1
2.5
3.25
3.15
1.4
1.38
1.58
1.77
2.22
1.75
2.25
1.952
3.3
4.75
1.222
1.37
1.93
2.8
1.52
1.75
2.25
2.25
3.2
3.7
1.32
1.39
1.7
1.58
2.62
1.8
2.18
2.98
3.2
2.65
1.533
1.39
1.444
2.1
1.86
1.65
2.44
1.4
4.8
9.7
1.08
1.222
3.15
2.25
1.75
1.94
2
2
3.3
4.5
1.24
1.37
1.88
2.9
1.49
1.75
2.25
2.7
3.2
2.92
1.45
1.39
1.51
1.9
2.04
1.75
2.25
2.86
3.2
2.75
1.5
1.39
1.47
2.02
1.93
1.85
2.1
1.7
3.5
6.6
1.143
1.34
2.26
2.26
1.74
1.85
2.1
3
3.25
2.6
1.55
1.38
1.43
2.12
1.84
1.8
2.18
1.85
3.35
5.2
1.19
1.363
2.02
1.333
3.7
1.615
2.5
1.7
3.75
5.7
1.166
1.3
2.24
1.27
4.3
1.72
2.28
2.92
3
2.82
1.47
1.42
1.444
1.99
1.93
1.66
2.4
2.45
3.15
3.3
1.363
1.39
1.59
1.71
2.3
1.75
2.22
2.75
3.05
2.95
1.43
1.41
1.49
1.89
2.04
1.68
2.35
2.35
3.15
3.45
1.34
1.39
1.64
1.65
2.42
1.65
2.42
2.15
3.15
4.05
1.27
1.39
1.75
1.5
2.82
1.68
2.35
1.63
3.6
7.2
1.125
1.32
2.36
2.16
1.79
1.65
2.42
2.2
3.15
3.85
1.285
1.39
1.72
1.54
2.7
1.65
2.42
1.85
3.45
5
1.2
1.34
2.02
1.34
3.65
1.75
2.22
1.85
3.45
5
1.2
1.34
2.02
1.34
3.65
1.75
2.22
2.35
3.15
3.45
1.34
1.39
1.64
1.65
2.42
1.7
2.32
2.55
3.15
3.1
1.4
1.39
1.55
1.79
2.16
1.65
2.42
2.35
3.15
3.45
1.34
1.39
1.64
1.65
2.42
1.65
2.42
2
3.25
4.5
1.23
1.37
1.86
1.42
3.15
1.68
2.35
1.9
3.25
5.1
1.19
1.37
1.96
1.34
3.65
1.72
2.28
2.3
3.15
3.6
1.32
1.39
1.66
1.61
2.5
1.65
2.42
2.4
3.15
3.35
1.363
1.39
1.615
1.68
2.35
1.68
2.35
2
3.25
4.5
1.23
1.37
1.86
1.42
3.15
1.615
2.5
6.5
4.1
1.58
2.48
1.26
1.133
1.909
2.02
2.46
1.63
4.75
3.9
1.77
2.12
1.285
1.21
1.64
2.44
1.75
2.22
2.45
3.25
3.2
1.38
1.37
1.59
1.727
2.26
2
1.92
2
3.6
3.95
1.285
1.32
1.86
2.86
1.49
2.42
1.65
1.7
4.2
4.9
1.2
1.25
2.24
2.24
1.74
2.6
1.571
5.5
4.1
1.65
2.32
1.26
1.181
1.8
2.15
2.44
1.64
1.55
4.3
6.5
1.133
1.25
2.56
1.952
1.97
2.32
1.7
1.5
4.5
7
1.125
1.23
2.7
1.87
2.06
2.05
1.88
2.375
3.4
3.2
1.39
1.363
1.64
1.72
2.3
2
1.94
2.58
3.4
2.9
1.46
1.363
1.55
1.85
2.1
1.85
2.1
1.63
4
6.1
1.153
1.285
2.4
2.12
1.833
1.85
2.1
4.2
3.7
1.93
1.952
1.32
1.26
3.1
1.444
2.05
1.89
1.7
4.1
5.2
1.19
1.27
2.26
2.25
1.75
2.44
1.65
2.32
3.45
3.3
1.37
1.35
1.666
1.68
2.38
1.75
2.25
3.55
3.6
2.15
1.77
1.333
1.333
2.62
1.58
2.08
1.88
1.3
5.6
13
1.05
1.181
3.8
1.79
2.2
2.56
1.6
2.5
3.45
2.98
1.444
1.35
1.58
1.81
2.16
2.1
1.85
1.5
5
6.3
1.153
1.21
2.75
1.87
2.08
2.2
1.78
2.1
3.55
3.75
1.31
1.333
1.8
1.54
2.74
1.94
2
1.952
3.55
4.35
1.25
1.333
1.93
1.43
3.15
2.04
1.9
2.76
3.5
2.65
1.533
1.34
1.5
2.02
1.93
1.9
2.04
3.55
3.45
2.2
1.74
1.35
1.333
2.58
1.59
1.97
1.97
3.4
3.35
2.3
1.68
1.363
1.363
2.44
1.65
1.85
2.1
3.3
3.45
2.3
1.68
1.35
1.37
2.4
1.666
1.88
2.08
2.05
3.6
3.85
1.3
1.333
1.84
2.95
1.48
2.34
1.7
1.35
5.7
9.1
1.085
1.166
3.45
2.08
1.87
2.25
1.75
2.7
3.5
2.7
1.51
1.34
1.51
1.97
1.97
1.97
1.97
1.4
5
9
1.085
1.21
3.15
2.2
1.78
2.34
1.7
2.15
3.4
3.75
1.31
1.363
1.77
1.55
2.7
2.18
1.8
1.181
7.8
15
1.022
1.09
5
1.94
1.94
3.1
1.41
3.8
3.45
2.05
1.79
1.333
1.285
1.444
2.95
2.12
1.79
8.6
5.4
1.38
3.25
1.181
1.095
2.48
1.63
2.3
1.72
1.84
3.7
4.7
1.222
1.32
2.05
2.56
1.6
1.99
1.952
1.85
3.6
4.8
1.222
1.333
2.04
2.58
1.59
1.9
2.04
2.02
3.55
4
1.285
1.333
1.87
2.95
1.48
1.87
2.08
2.72
3.5
2.68
1.52
1.34
1.51
2.02
1.92
2
1.94
3.8
3.5
2.1
1.8
1.34
1.3
2.75
1.533
1.833
2.12
3.25
3.4
2.2
1.65
1.3
1.333
2.375
1.6
1.86
1.96
1.166
7
17
0
1.09
4.9
1.75
2.1
3.05
1.39
4.1
3.5
1.89
1.88
1.285
1.222
3.05
1.39
1.97
1.85
1.2
6.5
14
1.01
1.1
4.4
1.54
2.52
2.8
1.45
4
3.5
1.909
1.86
1.285
1.23
1.48
2.7
1.91
1.91
1.952
3.5
3.85
1.25
1.285
1.82
2.8
1.45
1.79
2.05
5.5
3.9
1.615
2.26
1.24
1.143
1.75
2.1
2.2
1.69
1.8
3.8
4.2
1.222
1.25
1.98
2.46
1.56
1.91
1.91
2.4
3.5
2.8
1.42
1.285
1.55
1.77
2.08
1.8
2.04
1.3
4.9
12
1.022
1.166
3.4
1.96
1.86
3
1.4
2.72
3.25
2.62
1.47
1.333
1.444
1.952
1.87
1.72
2.15
2.6
3.1
2.85
1.41
1.35
1.48
1.82
2.02
1.58
2.42
2.4
3.25
2.98
1.38
1.333
1.55
1.727
2.14
1.75
2.1
2.18
3.3
3.55
1.31
1.35
1.71
1.571
2.54
2.15
1.77
1.45
4.4
8
1.085
1.222
2.82
1.79
2.12
1.76
2.16
1.45
4.3
8.4
1.08
1.23
2.82
1.79
2.12
1.75
2.18
1.8
3.55
4.9
1.19
1.31
2.04
1.32
3.65
1.72
2.22
1.7
3.7
5.5
1.166
1.3
2.18
2.3
1.68
1.79
2.12
1.69
3.6
5.8
1.153
1.3
2.2
2.26
1.7
1.75
2.18
1.61
3.75
6.5
1.125
1.285
2.36
2.1
1.8
1.89
1.99
2.82
3.35
2.68
1.52
1.363
1.48
2.02
1.92
2
1.94
2.3
3.45
3.3
1.37
1.35
1.68
1.666
2.4
2.16
1.81
2.78
3.35
2.72
1.51
1.363
1.49
1.99
1.952
2.04
1.9
2.16
3.55
3.55
1.333
1.333
1.76
1.58
2.62
2.3
1.72
1.32
5.7
11
1.065
1.166
3.65
1.952
1.99
2.7
1.55
5.3
3.9
1.72
2.22
1.3
1.19
1.727
2.3
2.38
1.68
1.74
3.9
5.1
1.2
1.3
2.2
2.36
1.69
1.99
1.952
3.55
3.45
2.2
1.74
1.35
1.333
2.58
1.59
2.04
1.9
2.66
3.4
2.82
1.48
1.363
1.533
1.9
2.04
2.38
1.68
41
26
1.005
15
0
0
1.91
1.91
1.91
1.91
1.65
3.8
5.3
1.143
1.25
2.2
2.14
1.727
2.48
1.55
1.4
5.3
6.4
1.111
1.143
2.88
1.68
2.22
2.625
1.5
3.2
3.45
2.2
1.65
1.3
1.333
2.35
1.61
2.26
1.65
29
19
1.03
11
0
0
1.91
1.91
1.91
1.91
2.4
3.55
2.78
1.43
1.285
1.55
1.78
2.06
2.26
1.65
1.005
26
41
0
0
15
1.91
1.91
1.91
1.91
