2.5
3.35
2.92
1.42
1.34
1.55
1.8
2.1
1.87
2.02
2.48
3.15
3.125
1.38
1.38
1.56
1.74
2.2
1.54
2.62
2.3
3.6
3.05
1.4
1.3
1.64
1.7
2.26
2.14
1.78
2.52
3.5
2.78
1.46
1.32
1.54
1.85
2.04
2.04
1.85
2.88
3.5
2.44
1.571
1.32
1.43
2.12
1.79
1.55
2.6
2.7
3.5
2.6
1.51
1.32
1.48
1.98
1.9
2.02
1.87
2.82
3.3
2.6
1.51
1.35
1.45
2.02
1.86
1.55
2.6
3
3.15
2.55
1.533
1.38
1.41
2.12
1.79
1.75
2.18
2.45
3.85
2.68
1.49
1.285
1.571
1.86
2.02
1.68
2.3
3.05
3.45
2.35
1.615
1.333
1.4
2.22
1.72
2.1
1.8
2.62
3.6
2.62
1.51
1.3
1.51
1.94
1.94
2.08
1.82
2.2
3.5
3.3
1.35
1.32
1.69
1.615
2.42
2.26
1.75
1.85
3.45
4.4
1.2
1.3
1.92
2.54
1.533
2.18
1.7
2.3
3.4
3.05
1.363
1.3
1.59
1.68
2.22
1.82
2.02
2
3.45
3.75
1.26
1.3
1.78
1.46
2.76
2.1
1.75
2.78
3.45
2.45
1.533
1.3
1.43
2.04
1.8
1.91
1.91
2.35
3.45
2.92
1.39
1.3
1.571
1.727
2.14
1.86
1.96
4.75
3.6
1.9
1.98
1.333
1.222
3.45
1.39
2.22
1.79
1.3
6
13
1.05
1.166
3.8
1.89
2.08
2.35
1.71
1.533
4.4
7.4
1.125
1.25
2.64
2.04
1.92
2.2
1.8
2.25
3.4
3.6
1.333
1.363
1.7
1.61
2.58
1.81
2.18
1.571
4.2
7.1
1.125
1.26
2.54
2.02
1.952
2.06
1.909
1.285
6
14
1.04
1.166
3.95
1.85
2.14
2.375
1.7
1.45
4.45
10
1.075
1.24
2.92
1.75
2.28
2.08
1.89
6
3.85
1.7
2.26
1.3
1.166
1.77
2.25
2.14
1.85
4.7
3.6
1.909
1.97
1.333
1.222
1.571
2.68
2
1.96
2.85
3.4
2.7
1.51
1.363
1.47
2.04
1.93
1.86
2.12
7.5
4.35
1.533
2.64
1.25
1.125
2.08
1.89
2.26
1.76
3.4
3.45
2.32
1.666
1.35
1.363
2.44
1.666
1.86
2.12
1.4
5.1
9.7
1.08
1.2
3.15
2.18
1.81
2.375
1.7
1.31
5.9
12
1.055
1.166
3.75
1.93
2.04
2.375
1.7
2.12
3.35
4.1
1.27
1.363
1.79
1.5
2.92
1.86
2.12
1.88
3.65
4.8
1.222
1.32
2
1.38
3.5
2
1.96
2.4
3.3
3.4
1.363
1.37
1.63
1.69
2.38
1.94
2.02
1.94
3.55
4.55
1.23
1.333
1.94
1.41
3.35
1.81
2.18
1.363
5.5
10
1.075
1.181
3.35
2.12
1.86
1.98
1.98
2.28
3.35
3.6
1.333
1.363
1.69
1.615
2.56
2.14
1.85
6
3.6
1.75
2.18
1.333
1.166
1.71
2.35
2.04
1.92
1.72
3.7
6.1
1.153
1.32
2.22
2.3
1.74
1.94
2.02
2.15
3.45
3.85
1.3
1.35
1.77
1.54
2.78
1.92
2.04
1.24
6.8
16
1.035
1.133
4.45
1.7
2.375
2.44
1.666
2.68
3.25
3
1.43
1.38
1.52
1.87
2.1
1.72
2.34
6.2
3.85
1.68
2.3
1.3
1.153
1.79
2.22
2.14
1.84
2.12
3.35
4.1
1.27
1.363
1.79
1.5
2.92
1.79
2.22
2.2
3.4
3.75
1.31
1.363
1.74
1.571
2.68
2.26
1.76
2.3
3.35
3.55
1.333
1.363
1.68
1.63
2.52
2.2
1.8
2.72
3.3
2.9
1.46
1.37
1.51
1.92
2.04
1.88
2.1
1.952
3.6
3.75
1.26
1.285
1.82
2.76
1.46
2.04
1.8
1.65
3.8
5.3
1.143
1.25
2.2
2.16
1.71
2.1
1.75
3.35
3.5
2.1
1.71
1.285
1.31
2.48
1.55
2.1
1.75
2.68
3.5
2.5
1.51
1.285
1.45
1.97
1.85
2.08
1.76
2.58
3.5
2.6
1.48
1.285
1.48
1.9
1.92
1.91
1.91
1.952
3.6
3.75
1.26
1.285
1.82
2.8
1.45
1.952
1.87
2
3.6
3.55
1.285
1.285
1.78
1.49
2.66
2.15
1.72
1.66
3.8
5.2
1.153
1.25
2.18
2.2
1.69
2.04
1.8
1.666
3.75
5.2
1.153
1.26
2.16
2.2
1.69
2.04
1.8
2.1
3.6
3.3
1.32
1.285
1.71
1.56
2.46
2.22
1.68
2.1
3.6
3.3
1.32
1.285
1.71
1.56
2.46
2.24
1.666
2.2
3.5
3.15
1.34
1.285
1.65
1.615
2.34
1.94
1.88
2.1
3.5
3.35
1.31
1.285
1.71
1.55
2.48
1.91
1.91
3.65
3.5
2
1.78
1.285
1.27
1.43
2.875
1.9
1.92
1.5
4.2
6.5
1.1
1.222
2.54
1.88
1.94
2.04
1.8
3.05
3.5
2.25
1.615
1.285
1.363
2.25
1.66
2.15
1.72
4.15
3.6
1.85
1.92
1.285
1.222
1.52
2.56
2.14
1.727
1.9
3.6
3.95
1.24
1.285
1.87
2.625
1.5
2.18
1.7
2.05
3.5
3.5
1.285
1.285
1.74
1.51
2.6
1.91
1.91
3.65
3.6
1.97
1.8
1.285
1.27
2.72
1.47
2.04
1.8
2.2
3.4
3.25
1.333
1.3
1.65
1.6
2.375
2.1
1.75
2.4
3.4
2.88
1.4
1.3
1.55
1.75
2.1
1.91
1.91
3.05
3.4
2.3
1.59
1.3
1.363
2.22
1.68
1.87
1.952
2.15
3.5
3.25
1.333
1.285
1.68
1.59
2.4
2.15
1.72
1.7
3.75
4.9
1.166
1.26
2.12
2.26
1.65
2.08
1.76
2.15
3.5
3.25
1.333
1.285
1.68
1.59
2.4
1.84
1.98
3.05
3.4
2.3
1.59
1.3
1.363
2.22
1.68
1.85
1.97
1.833
3.6
4.25
1.21
1.285
1.94
2.54
1.533
1.87
1.952
3.1
3.5
2.22
1.64
1.285
1.35
2.28
1.64
2.04
1.8
2.1
3.5
3.35
1.31
1.285
1.71
1.55
2.48
2.54
1.533
2
3.6
3.55
1.285
1.285
1.78
1.49
2.66
2.44
1.571
3
3.5
2.28
1.6
1.285
1.37
2.22
1.68
2.44
1.571
2.6
3.5
2.58
1.48
1.285
1.48
1.92
1.9
2.54
1.533
2.5
3.45
2.72
1.444
1.3
1.51
1.833
1.99
2.375
1.6
3.95
3.6
1.9
1.87
1.285
1.24
1.5
2.625
2.44
1.571
2.5
3.4
2.75
1.43
1.3
1.51
1.82
2.02
2.35
1.61
2.35
3.5
2.88
1.4
1.285
1.571
1.74
2.12
2.44
1.571
2.6
3.5
2.58
1.48
1.285
1.48
1.92
1.9
2.1
1.75
2.68
3.6
2.45
1.533
1.285
1.45
1.99
1.833
2.54
1.533
4.05
3.75
1.833
1.94
1.26
1.23
1.54
2.52
2.54
1.533
2.3
3.6
2.9
1.4
1.285
1.59
1.71
2.16
1.833
2
2.9
3.6
2.3
1.59
1.285
1.4
2.16
1.71
1.91
1.91
2.1
3.6
3.3
1.32
1.285
1.71
1.56
2.46
2.04
1.8
1.7
4
4.55
1.19
1.23
2.12
2.24
1.666
2.54
1.533
3.05
3.6
2.2
1.65
1.285
1.363
2.28
1.64
3
1.4
1.533
4.5
5.4
1.143
1.19
2.44
1.92
1.9
2.8
1.45
1.727
3.75
4.7
1.181
1.26
2.08
2.3
1.63
2.24
1.666
1.952
3.6
3.75
1.26
1.285
1.82
2.72
1.47
2.8
1.45
3.3
3.6
2.1
1.71
1.285
1.32
2.46
1.56
3
1.4
2.375
3.6
2.78
1.43
1.285
1.56
1.77
2.08
2.54
1.533
1.45
4.8
6.2
1.111
1.181
2.68
1.77
2.08
2.8
1.45
2.2
3.6
3.05
1.363
1.285
1.65
1.64
2.28
2.34
1.615
3.1
3
2.72
1.51
1.43
1.41
2.1
1.85
1.49
2.9
2.1
3.2
4.2
1.26
1.39
1.8
1.48
2.95
1.52
2.8
2.95
2.98
2.85
1.47
1.444
1.444
2
1.94
1.5
2.875
3.15
3
2.66
1.533
1.43
1.4
2.15
1.82
1.52
2.8
2.36
3
3.5
1.32
1.41
1.61
1.63
2.4
1.6
2.46
1.85
3.15
5.4
1.166
1.38
1.98
2.64
1.533
1.56
2.56
1.46
4.5
8.4
1.095
1.24
2.88
1.81
2.16
1.75
2.25
2.42
3.3
3.25
1.38
1.37
1.615
1.72
2.3
1.75
2.25
2.72
3.25
2.85
1.47
1.38
1.51
1.92
2.02
1.833
2.12
3.95
3.5
2.06
1.833
1.34
1.285
2.875
1.5
1.85
2.1
3
3.25
2.6
1.55
1.38
1.43
2.12
1.84
1.87
2.08
1.833
3.65
4.85
1.21
1.32
2.06
2.56
1.6
1.78
2.2
1.833
3.65
4.85
1.21
1.32
2.06
2.56
1.6
1.9
2.04
5.4
3.7
1.75
2.18
1.32
1.181
1.68
2.38
1.833
2.12
2.3
3.3
3.45
1.35
1.37
1.68
1.64
2.46
1.9
2.04
2.3
3.3
3.45
1.35
1.37
1.68
1.64
2.46
1.9
2.04
2.5
3.35
2.92
1.42
1.34
1.55
1.8
2.1
1.93
1.952
1.75
3.7
5
1.181
1.3
2.12
2.35
1.65
2.04
1.85
1.82
3.45
4.95
1.19
1.333
2.02
2.54
1.571
1.952
1.93
1.4
4.7
8.7
1.075
1.2
3.05
2.22
1.72
2.35
1.65
2.35
3.35
3.15
1.38
1.34
1.615
1.69
2.28
2.14
1.78
2.18
3.3
3.55
1.31
1.35
1.71
1.571
2.54
1.88
2
2.5
3.35
2.92
1.42
1.34
1.55
1.8
2.1
1.77
2.15
1.71
3.65
5.5
1.166
1.3
2.18
2.28
1.69
2.04
1.85
2.3
3.3
3.3
1.35
1.35
1.64
1.65
2.35
1.74
2.2
1.94
3.35
4.4
1.222
1.34
1.89
2.82
1.48
1.7
2.25
3.6
3.55
2.15
1.77
1.333
1.333
2.64
1.571
2.875
1.5
5.5
3.95
1.69
2.28
1.285
1.181
1.76
2.24
2.12
1.833
1.82
3.85
4.6
1.23
1.3
2.08
2.52
1.615
2.1
1.85
1.125
10.5
23
1.013
1.07
7
1.97
1.97
1.97
1.97
1.222
7.5
14
1.04
1.125
4.7
2
1.94
1.94
2
2.18
3.5
3.55
1.333
1.34
1.75
1.59
2.58
2.16
1.81
2.44
3.4
3.1
1.41
1.363
1.61
1.76
2.24
2.2
1.78
2.4
3.4
3.2
1.39
1.363
1.63
1.727
2.3
2.26
1.74
2.45
3.4
3.1
1.41
1.363
1.61
1.76
2.24
2.2
1.78
1.8
3.85
4.75
1.222
1.3
2.1
2.46
1.64
2.08
1.87
1.133
10.5
21
1.017
1.07
6.7
2
1.94
1.94
2
1.58
4.2
6.5
1.143
1.26
2.52
1.97
1.97
2.48
1.63
2.32
3.5
3.25
1.38
1.34
1.666
1.69
2.36
2.4
1.666
1.4
4.7
10
1.075
1.222
3.15
2.2
1.78
2.3
1.72
3.9
3.7
2
1.88
1.32
1.3
1.5
2.875
2.52
1.615
1.92
3.9
4.05
1.285
1.3
1.96
2.68
1.56
2.34
1.7
2.3
3.45
3.3
1.37
1.35
1.68
1.666
2.4
2.24
1.76
1.98
3.75
3.95
1.285
1.31
1.9
1.48
2.95
2.38
1.68
2.48
3.4
3.05
1.42
1.363
1.59
1.79
2.2
1.9
2.04
2.42
3
3.4
1.333
1.41
1.58
1.66
2.34
1.5
2.74
1.615
4
6.4
1.143
1.285
2.42
2.1
1.85
2.18
1.8
2.25
3.55
3
1.37
1.285
1.615
1.666
2.24
2.42
1.58
1.181
8.2
17
1.03
1.1
5.4
1.89
2.06
2.25
1.75
1.75
3.8
5.2
1.19
1.3
2.18
2.36
1.69
2.25
1.75
18
8.1
1.181
5.4
1.1
1.025
1.98
1.96
2.04
1.9
4.75
3.75
1.82
2.08
1.31
1.222
1.615
2.52
2.04
1.9
2.28
3.4
3.4
1.363
1.363
1.69
1.65
2.44
1.85
2.1
2.05
3.5
3.95
1.285
1.34
1.84
2.95
1.48
2.1
1.85
1.71
3.85
5.5
1.181
1.3
2.24
2.3
1.727
2
1.94
3.25
3.45
2.35
1.65
1.35
1.38
2.34
1.7
1.97
1.97
2.1
3.35
4
1.285
1.363
1.8
1.5
2.875
1.85
2.1
2.26
3.45
3.4
1.363
1.35
1.7
1.64
2.46
2.15
1.82
1.37
5.3
9.5
1.08
1.19
3.3
2.1
1.85
2.44
1.65
1.87
3.85
4.333
1.25
1.3
2.02
2.56
1.6
1.68
2.38
2.35
3.35
3.3
1.37
1.363
1.65
1.69
2.36
2.1
1.85
2.35
3.35
3.3
1.37
1.363
1.65
1.69
2.36
1.85
2.1
1.75
3.7
5.4
1.181
1.32
2.18
2.38
1.68
1.9
2.04
2.18
3.45
3.6
1.333
1.35
1.75
1.58
2.62
1.94
2
1.77
3.8
5.1
1.2
1.3
2.15
2.42
1.66
2
1.94
1.45
4.95
7.5
1.125
1.21
2.92
1.77
2.22
2.18
1.8
2.55
3.35
2.98
1.444
1.363
1.571
1.833
2.12
1.97
1.97
2.12
3.4
3.85
1.3
1.363
1.79
1.533
2.75
1.85
2.1
2.05
3.4
4.1
1.27
1.363
1.84
1.48
2.95
1.85
2.1
2.4
3.4
3.2
1.39
1.363
1.63
1.727
2.3
2.25
1.75
1.68
4
5.5
1.181
1.285
2.3
2.24
1.76
2.18
1.8
3
3.25
2.6
1.55
1.38
1.43
2.12
1.84
1.85
2.1
2.35
3.3
3.35
1.363
1.37
1.65
1.68
2.38
1.8
2.18
2
3.5
4.15
1.27
1.34
1.88
1.46
3.05
1.85
2.1
2.25
3.35
3.55
1.333
1.363
1.7
1.61
2.54
1.75
2.25
2.8
3.2
2.8
1.48
1.39
1.48
1.97
1.97
1.9
2.04
3.7
3.45
2.15
1.77
1.35
1.32
2.68
1.56
1.97
1.97
3.95
3.5
2.06
1.833
1.34
1.285
2.875
1.5
2
1.94
2.36
3.2
3.45
1.35
1.39
1.65
1.66
2.42
1.72
2.3
1.34
5.3
11
1.065
1.19
3.5
2.08
1.88
2.04
1.9
1.32
5.6
11
1.065
1.181
3.65
1.99
1.952
2.25
1.75
2.14
3.3
3.95
1.285
1.37
1.77
1.52
2.8
1.8
2.18
1.72
3.9
5.3
1.19
1.3
2.22
2.32
1.71
2.02
1.92
3.95
3.55
2.04
1.85
1.333
1.285
2.9
1.49
1.89
2.06
3.75
3.3
2.2
1.74
1.37
1.31
2.68
1.56
1.92
2.02
3.85
3.3
2.16
1.76
1.37
1.3
2.74
1.54
2.08
1.87
1.25
6.6
14
1.04
1.143
4.333
1.76
2.24
2.3
1.72
1.727
3.9
5.2
1.19
1.3
2.22
2.34
1.7
1.97
1.97
2.16
3.3
3.75
1.3
1.363
1.74
1.54
2.7
1.78
2.18
1.153
8.7
13
1.016
1.055
5.1
1.87
1.952
2.18
1.7
4.2
3.4
1.9
1.87
1.3
1.222
3.05
1.39
1.7
2.18
1.8
3.75
4.9
1.21
1.31
2.1
1.35
3.65
1.78
2.2
3.65
3.4
2.18
1.75
1.363
1.32
2.64
1.571
2.04
1.9
4.15
3.5
2
1.88
1.34
1.27
3.05
1.46
1.9
2.04
1.5
4.5
7.3
1.125
1.24
2.75
1.87
2.08
2.25
1.75
1.85
3.7
4.65
1.23
1.32
2.04
2.58
1.59
1.99
1.952
1.42
4.9
8.5
1.095
1.21
3.05
1.71
2.32
2.44
1.65
1.4
5.2
8.4
1.095
1.19
3.15
1.68
2.38
2.04
1.9
1.58
4.3
6.2
1.153
1.25
2.52
2.08
1.88
1.97
1.97
4.05
3.6
2
1.88
1.333
1.285
2.98
1.47
1.97
1.97
1.65
4
5.9
1.166
1.285
2.35
2.2
1.79
1.85
2.1
1.7
3.8
5.7
1.166
1.3
2.26
1.285
4.2
2.18
1.8
9.6
5.1
1.38
3.25
1.2
1.08
1.81
2.16
2.08
1.87
1.5
4.5
7.3
1.125
1.24
2.75
1.87
2.08
2.18
1.8
2.15
3.3
3.9
1.3
1.37
1.77
3.2
1.42
1.85
2.1
1.38
5.1
9.5
1.08
1.2
3.25
2.15
1.82
2.34
1.7
3.95
3.65
2
1.88
1.32
1.285
2.95
1.48
1.82
2.15
1.65
3.9
6.1
1.153
1.3
2.35
2.16
1.81
2.25
1.75
4.8
3.6
1.85
2.04
1.333
1.222
1.59
2.58
1.97
1.97
1.65
4.3
5.3
1.19
1.25
2.35
2.16
1.81
2.34
1.7
1.72
3.9
5.3
1.19
1.3
2.22
2.32
1.71
1.97
1.97
3.35
3.45
2.28
1.69
1.35
1.363
2.44
1.65
1.85
2.1
1.35
5.5
9.7
1.08
1.181
3.45
2.08
1.87
2.25
1.75
2.45
3.5
3
1.43
1.34
1.61
1.79
2.2
1.85
2.1
2.1
3.6
3.7
1.32
1.333
1.8
1.54
2.74
2.1
1.85
3.6
3.4
2.2
1.74
1.363
1.333
2.58
1.59
2.02
1.92
2.54
3.55
2.85
1.47
1.333
1.571
1.86
2.1
2.52
1.615
9
4.5
1.444
2.95
1.24
1.085
1.69
2.36
2.12
1.833
3.1
3.4
2.45
1.61
1.363
1.41
2.24
1.76
1.85
2.1
5.5
3.9
1.7
2.26
1.3
1.181
1.72
2.3
2.3
1.72
1.82
3.6
5
1.21
1.333
2.08
2.52
1.615
1.8
2.18
2.5
3.45
2.98
1.444
1.35
1.58
1.81
2.16
1.99
1.952
2.88
3.4
2.6
1.55
1.363
1.46
2.08
1.87
2.12
1.833
2.98
3.4
2.52
1.58
1.363
1.444
2.15
1.82
2.12
1.833
5.2
4
1.71
2.24
1.285
1.19
1.72
2.3
2.2
1.78
7.6
4.5
1.49
2.78
1.24
1.111
2.12
1.84
2.44
1.65
1.055
19
41
0
1.022
12
2.625
1.58
2.36
1.69
1.909
3.65
4.4
1.25
1.32
1.97
1.41
3.25
2.2
1.79
1.75
3.8
5.2
1.19
1.3
2.18
2.36
1.69
2.1
1.85
1.38
5.1
9.5
1.08
1.2
3.25
2.2
1.79
2.44
1.65
1.49
4.5
7.6
1.111
1.24
2.78
1.84
2.12
2.1
1.86
1.54
4.35
6.8
1.133
1.25
2.62
1.92
2.02
2.7
1.55
3.75
3.7
1.92
1.85
1.27
1.26
2.82
1.444
2.7
1.48
2.96
2.85
2.7
1.444
1.41
1.38
2.02
1.82
1.4
3
2.75
3.6
2.5
1.55
1.3
1.47
2.04
1.85
2.8
1.48
3.25
3.6
2.2
1.69
1.3
1.363
2.4
1.63
2.4
1.63
1.571
3.75
6.4
1.111
1.26
2.35
2.05
1.79
1.65
2.26
1.9
3.25
4.45
1.2
1.333
1.87
2.7
1.48
1.75
2.1
2.1
3.35
3.9
1.285
1.363
1.78
1.51
2.8
1.82
2.12
2.45
3.1
3.2
1.363
1.39
1.571
1.71
2.24
1.55
2.6
2.3
3.2
3.4
1.333
1.363
1.64
1.63
2.4
1.55
2.6
1.4
4.65
8.9
1.07
1.21
3.05
1.69
2.28
1.99
1.89
2.28
3.2
3.65
1.32
1.39
1.69
1.6
2.56
1.74
2.26
2.98
3.35
2.45
1.571
1.34
1.41
2.15
1.77
1.85
2.04
1.75
3.7
5
1.181
1.3
2.12
2.4
1.63
1.85
2.04
2
3.55
3.85
1.285
1.31
1.833
2.85
1.47
2.1
1.8
1.6
3.8
6.5
1.125
1.285
2.38
2.06
1.833
2.18
1.75
2.3
3.4
3.2
1.363
1.333
1.64
1.666
2.32
1.8
2.1
3.5
3.6
2.1
1.76
1.3
1.32
2.6
1.55
2.18
1.75
2.45
3.45
2.78
1.43
1.3
1.533
1.8
2.04
2.04
1.8
7.6
4.333
1.52
2.6
1.23
1.1
1.58
2.62
1.94
2
5.3
3.5
1.833
2.02
1.32
1.181
1.6
2.56
1.75
2.25
1.75
3.7
5.6
1.166
1.3
2.12
3.1
1.444
1.952
1.99
1.52
4.55
7
1.111
1.222
2.6
2.56
1.6
2.12
1.833
1.51
4.333
7.8
1.095
1.23
2.64
2.56
1.6
1.98
1.96
1.46
4.4
9.2
1.07
1.23
2.8
2.44
1.65
2.1
1.85
1.84
3.65
4.95
1.19
1.3
2
2.56
1.6
1.9
2.04
1.51
4.25
8.1
1.09
1.24
2.64
2.62
1.58
1.92
2.02
3.85
3.4
2.15
1.74
1.34
1.285
2.75
1.533
1.85
2.1
2.2
3.35
3.75
1.3
1.35
1.7
1.56
2.68
1.77
2.22
1.55
4
8
1.09
1.26
2.52
1.96
1.98
1.9
2.04
2.4
3.3
3.35
1.35
1.35
1.6
1.69
2.36
1.75
2.25
1.6
3.9
7.2
1.111
1.27
2.4
2.06
1.89
2
1.94
2.5
3.3
3.15
1.38
1.35
1.56
1.77
2.22
1.77
2.22
9.7
4.45
1.444
2.86
1.222
1.065
2.25
1.75
2.1
1.85
1.85
3.6
4.95
1.19
1.31
2
2.58
1.59
1.85
2.1
1.87
3.45
4.65
1.21
1.333
1.96
2.64
1.533
1.68
2.3
4.1
3.4
1.98
1.85
1.333
1.25
1.45
2.92
1.65
2.35
3.05
3.4
2.4
1.59
1.333
1.4
2.22
1.727
1.74
2.2
3.125
3.2
2.44
1.571
1.363
1.38
2.22
1.727
1.85
2.04
1.78
3.5
5.2
1.181
1.32
2.08
2.46
1.6
1.6
2.46
1.51
4.333
6.7
1.125
1.23
2.62
1.9
1.98
1.8
2.1
1.72
3.65
5.4
1.166
1.3
2.16
2.32
1.666
1.75
2.18
3.9
3.5
2
1.833
1.32
1.27
1.45
2.92
1.75
2.18
1.9
3.4
4.5
1.222
1.333
1.93
2.72
1.51
1.65
2.35
1.48
4.3
6.7
1.095
1.21
2.6
1.84
1.98
1.8
2.04
1.65
3.9
5.1
1.153
1.24
2.2
2.1
1.75
1.75
2.1
3.05
3.55
2.4
1.63
1.333
1.42
2.24
1.76
1.78
2.2
2.22
3.4
3.55
1.333
1.363
1.72
1.6
2.56
1.65
2.44
2.42
3.3
3.25
1.38
1.37
1.615
1.74
2.26
1.533
2.75
1.075
14
41
0
1.04
9.9
2.2
1.79
1.65
2.44
2.42
3.4
3.15
1.4
1.363
1.615
1.74
2.26
1.6
2.55
3.9
3.65
2.02
1.87
1.32
1.3
1.48
2.95
1.75
2.25
20
8.4
1.166
5.8
1.095
1.019
2
1.94
2.56
1.6
1.03
26
61
0
1.008
17
1.7
2.34
2.56
1.6
1.84
3.55
5
1.21
1.333
2.05
2.7
1.55
1.69
2.36
2.36
3.55
3.125
1.41
1.333
1.65
1.727
2.3
1.8
2.18
5.1
3.5
1.833
2.06
1.34
1.2
1.59
2.58
1.72
2.3
56
23
1.036
15
1.013
0
2.44
1.65
2.95
1.48
31
14
1.085
9.2
1.04
1.001
1.81
2.16
2.8
1.52
1.42
5
8.2
1.1
1.21
3.05
2.25
1.75
2.58
1.59
8.3
4.45
1.47
2.85
1.24
1.1
2.16
1.81
1.9
2.04
1.2
8
15
1.036
1.111
5.1
1.94
2
1.97
1.97
1.5
4.5
7.3
1.125
1.24
2.75
1.92
2.02
1.7
2.34
1.38
5.2
9.2
1.085
1.19
3.25
2.26
1.74
1.92
2.02
2.35
3.45
3.25
1.38
1.35
1.65
1.7
2.34
1.7
2.34
2.15
3.5
3.65
1.32
1.34
1.77
1.56
2.68
1.65
2.44
1.76
3.9
4.95
1.21
1.3
2.16
2.4
1.666
1.97
1.97
1.4
4.85
9.5
1.08
1.21
3.15
2.24
1.76
2.05
1.9
1.19
7.5
19
1.022
1.125
5.2
2.58
1.59
2.58
1.59
1.07
17
31
1.001
1.03
10.5
1.65
2.44
3.1
1.45
1.952
3.35
4.333
1.23
1.34
1.88
1.41
3.1
1.55
2.6
1.24
6.3
13
1.035
1.133
4.2
1.9
1.98
1.833
2.06
1.4
4.5
9.5
1.065
1.222
3.05
1.72
2.22
1.8
2.1
1.9
3.45
4.75
1.222
1.35
1.98
2.68
1.56
1.75
2.25
2
3.3
4.5
1.24
1.37
1.88
1.42
3.2
1.77
2.22
2.1
3.45
3.85
1.3
1.35
1.8
1.52
2.8
1.75
2.25
1.26
6.2
14
1.04
1.153
4.2
2.34
1.7
2.62
1.58
2.15
3.4
3.35
1.31
1.3
1.68
3.1
1.38
2.375
1.6
2.56
3.45
2.9
1.46
1.35
1.56
1.85
2.1
1.78
2.2
1.86
3.7
4.6
1.23
1.32
2.02
1.38
3.45
1.8
2.18
2.02
3.5
4.1
1.27
1.34
1.87
1.47
2.98
1.81
2.16
1.86
3.65
4.65
1.23
1.32
2.02
1.38
3.45
1.87
2.08
3.4
3.35
2.32
1.666
1.363
1.363
2.42
1.66
1.8
2.18
1.99
3.5
4.2
1.26
1.34
1.89
1.45
3.1
1.97
1.97
2.22
3.45
3.5
1.34
1.35
1.72
1.61
2.54
1.82
2.15
2.3
3.15
3.25
1.333
1.34
1.59
1.63
2.3
1.91
1.91
9
6.2
1.32
3.6
1.143
1.08
1.93
1.99
2.08
1.85
2.98
3.2
2.65
1.533
1.39
1.444
2.1
1.86
1.7
2.34
2.75
3.2
2.86
1.47
1.39
1.5
1.93
2.02
1.65
2.44
1.181
7.7
20
1.019
1.111
5.4
2
1.94
2.56
1.6
2.86
3.25
2.72
1.51
1.38
1.47
2.02
1.92
1.7
2.34
3.2
3.2
2.5
1.58
1.39
1.39
2.25
1.75
1.8
2.18
1.727
3.6
5.9
1.166
1.333
2.22
2.34
1.7
1.75
2.25
2.42
3.2
3.35
1.363
1.39
1.615
1.7
2.34
1.8
2.18
8.3
4.2
1.5
2.75
1.26
1.1
2.08
1.87
1.9
2.04
1.65
3.8
6.4
1.143
1.3
2.35
2.2
1.79
1.85
2.1
2.1
3.3
4.05
1.285
1.37
1.8
1.5
2.875
1.75
2.25
2.75
3.35
2.75
1.5
1.363
1.5
1.97
1.97
1.7
2.34
1.8
3.55
5.3
1.19
1.333
2.1
1.32
3.9
1.78
2.2
2.35
3.25
3.4
1.363
1.38
1.65
1.666
2.4
1.63
2.48
2.25
3.25
3.65
1.32
1.38
1.7
1.59
2.58
1.65
2.44
2.25
3.25
3.65
1.32
1.38
1.7
1.59
2.58
1.65
2.44
2.5
3.25
3.15
1.4
1.38
1.58
1.77
2.22
1.7
2.34
2.3
3.25
3.55
1.333
1.38
1.68
1.63
2.48
1.68
2.38
1.85
3.55
4.9
1.21
1.333
2.04
1.363
3.55
1.65
2.44
1.9
3.45
4.75
1.222
1.35
1.98
1.38
3.45
1.8
2.18
5
3.35
1.9
1.98
1.363
1.21
3.55
1.363
1.8
2.18
2.46
3.15
3.25
1.37
1.39
1.59
1.72
2.28
1.68
2.35
3.8
3.6
2
1.833
1.3
1.285
1.47
2.85
2.18
1.75
2.2
3.6
3.25
1.363
1.3
1.69
1.63
2.4
2.26
1.7
1.38
5
8.6
1.075
1.181
3.125
1.64
2.38
2.35
1.65
2.3
3.4
3.2
1.363
1.333
1.64
1.666
2.32
2.26
1.7
2.5
3.3
3.1
1.41
1.37
1.58
1.78
2.2
1.8
2.18
2.75
3.6
2.4
1.55
1.285
1.43
2.05
1.79
2.1
1.75
1.615
4
5.3
1.143
1.23
2.26
2.08
1.77
2.8
1.45
2.1
3.6
3.3
1.32
1.285
1.71
1.56
2.46
2.34
1.615
2.2
3.6
3.05
1.363
1.285
1.65
1.64
2.28
3.2
1.363
1.444
4.333
7.4
1.08
1.21
2.7
1.75
2.1
3.2
1.363
2.5
3.6
2.625
1.47
1.285
1.51
1.86
1.96
2.8
1.45
1.666
4
4.8
1.181
1.23
2.16
2.2
1.69
2.44
1.571
