2.55
3.50
2.75
1.47
1.32
1.533
1.87
2.02
2.375
1.64
2.72
3.35
2.55
1.49
1.31
1.444
1.97
1.85
2.48
1.55
2.25
3.35
3.15
1.34
1.31
1.615
1.64
2.28
2.70
1.48
2.92
3.45
2.35
1.571
1.30
1.39
2.14
1.727
2.70
1.48
3.00
3.45
2.30
1.59
1.30
1.37
2.20
1.69
2.80
1.45
1.58
3.95
7.10
1.125
1.285
2.52
2.02
1.93
1.64
2.46
2.98
3.20
2.65
1.533
1.39
1.444
2.10
1.86
2.04
1.90
2.08
3.50
3.85
1.30
1.34
1.82
1.52
2.80
2.30
1.72
4.50
4.00
1.81
2.10
1.285
1.24
1.64
2.46
2.44
1.65
1.55
4.00
6.10
1.125
1.23
2.40
1.99
1.833
1.61
2.35
2.50
3.25
2.85
1.41
1.333
1.51
3.95
1.26
1.70
2.18
2.25
3.10
3.45
1.30
1.35
1.615
1.58
2.42
1.55
2.48
1.75
3.30
5.40
1.143
1.32
2.04
2.44
1.571
1.55
2.48
1.85
3.30
4.65
1.181
1.32
1.92
2.60
1.51
1.65
2.26
1.70
3.50
5.40
1.143
1.285
2.12
2.30
1.63
1.533
2.54
2.40
3.10
3.125
1.35
1.35
1.55
1.69
2.20
1.571
2.44
3.55
3.50
2.24
1.77
1.34
1.333
2.52
1.63
1.833
2.16
1.833
3.70
5.00
1.21
1.32
2.06
2.56
1.615
1.86
2.12
3.50
3.50
2.25
1.70
1.34
1.34
2.52
1.63
1.89
2.08
2.50
3.25
3.25
1.38
1.38
1.58
1.75
2.28
1.91
2.05
1.97
3.55
4.45
1.24
1.333
1.91
1.43
3.20
1.96
2.00
2.96
3.40
2.60
1.55
1.363
1.444
2.12
1.86
1.89
2.08
1.39
5.20
9.70
1.08
1.19
3.20
2.15
1.833
2.30
1.74
1.833
3.60
5.20
1.19
1.333
2.06
1.34
3.80
2.00
1.96
1.285
6.50
12.00
1.055
1.143
3.95
1.87
2.10
2.26
1.76
1.31
5.90
12.00
1.055
1.166
3.75
1.94
2.02
2.18
1.81
3.20
3.40
2.45
1.61
1.363
1.39
2.28
1.75
1.96
2.00
4.25
3.60
1.99
1.89
1.333
1.26
3.125
1.45
2.05
1.91
2.16
3.55
3.70
1.32
1.333
1.76
1.571
2.68
2.26
1.76
3.50
3.35
2.32
1.666
1.363
1.34
2.48
1.65
2.10
1.87
6.60
4.00
1.63
2.40
1.285
1.143
1.94
2.02
2.32
1.727
1.285
6.20
13.00
1.05
1.153
3.95
1.85
2.14
2.40
1.69
1.74
3.65
6.00
1.166
1.32
2.20
2.35
1.71
1.84
2.14
1.833
3.65
5.10
1.20
1.32
2.06
1.35
3.70
1.952
2.02
3.00
3.25
2.68
1.52
1.38
1.43
2.10
1.87
1.94
2.02
4.00
3.50
2.08
1.82
1.34
1.285
1.48
2.98
2.25
1.77
2.06
3.30
4.40
1.25
1.37
1.833
3.05
1.47
1.74
2.30
4.45
3.70
1.92
1.96
1.32
1.24
3.25
1.42
1.96
2.00
1.69
3.75
6.40
1.143
1.31
2.28
2.25
1.77
2.06
1.909
2.25
3.40
3.50
1.34
1.363
1.70
1.615
2.52
1.909
2.04
2.05
3.45
4.05
1.285
1.35
1.84
2.98
1.47
1.89
2.06
2.375
3.40
3.20
1.39
1.363
1.64
1.72
2.30
1.909
2.04
1.98
3.50
4.25
1.26
1.34
1.90
2.84
1.51
2.00
1.94
1.72
3.80
5.50
1.181
1.30
2.22
2.32
1.71
1.97
1.97
1.90
3.50
4.70
1.222
1.34
1.98
2.68
1.56
1.97
1.97
2.75
3.40
2.72
1.51
1.363
1.50
1.98
1.96
1.97
1.97
1.85
3.50
5.00
1.21
1.34
2.04
2.58
1.59
1.94
2.00
1.66
3.80
6.20
1.153
1.30
2.34
2.18
1.80
2.25
1.75
2.25
3.40
3.50
1.34
1.363
1.70
1.615
2.52
1.85
2.10
1.85
3.60
4.80
1.222
1.333
2.04
2.58
1.59
1.85
2.10
2.05
3.50
3.95
1.285
1.34
1.84
1.50
2.875
1.85
2.10
1.70
3.85
5.60
1.166
1.285
2.20
2.24
1.74
2.22
1.75
1.63
4.00
6.20
1.153
1.285
2.40
2.15
1.82
1.77
2.22
2.35
2.88
3.95
1.285
1.46
1.65
1.571
2.64
1.48
2.95
1.99
3.05
5.10
1.20
1.42
1.89
1.37
3.50
1.58
2.62
3.15
2.90
2.75
1.50
1.46
1.40
2.12
1.84
1.51
2.82
3.125
2.85
2.82
1.48
1.47
1.41
2.08
1.87
1.54
2.72
2.10
3.15
4.30
1.25
1.40
1.80
1.47
2.98
1.63
2.50
2.76
2.98
3.05
1.42
1.444
1.50
1.88
2.08
1.59
2.60
1.90
3.30
5.10
1.20
1.37
1.98
1.35
3.65
1.55
2.70
2.40
2.95
3.50
1.32
1.42
1.59
1.63
2.40
1.49
2.78
1.94
3.125
4.85
1.19
1.38
1.89
1.363
3.35
1.55
2.60
2.18
3.05
3.90
1.27
1.40
1.71
1.51
2.72
1.59
2.48
2.52
3.00
3.20
1.363
1.41
1.54
1.74
2.20
1.615
2.42
2.82
2.90
2.92
1.42
1.43
1.45
1.909
1.97
1.50
2.75
2.24
2.85
4.10
1.25
1.444
1.666
1.50
2.75
1.59
2.48
2.36
2.95
3.60
1.30
1.42
1.61
1.61
2.44
1.52
2.68
1.94
3.05
5.00
1.181
1.40
1.89
1.35
3.45
1.533
2.64
2.40
2.88
3.60
1.30
1.43
1.59
1.615
2.42
1.47
2.85
1.45
4.00
8.40
1.06
1.23
2.68
1.79
2.05
1.85
1.97
1.85
3.60
4.15
1.222
1.285
1.92
2.60
1.51
1.70
2.18
1.45
4.00
8.40
1.06
1.23
2.68
1.79
2.05
1.75
2.10
2.35
3.20
3.125
1.35
1.333
1.571
1.666
2.24
1.65
2.26
2.10
3.60
3.50
1.32
1.30
1.76
1.55
2.60
1.90
1.98
2.00
3.40
4.05
1.25
1.333
1.833
1.45
2.92
1.88
2.00
5.60
3.90
1.65
2.28
1.27
1.153
1.76
2.16
2.24
1.71
7.70
4.50
1.45
2.82
1.222
1.095
2.15
1.77
2.35
1.65
5.30
4.00
1.66
2.26
1.26
1.166
1.74
2.20
2.00
1.88
1.72
3.75
5.20
1.181
1.285
2.16
2.32
1.666
1.84
2.05
2.24
3.60
3.15
1.38
1.30
1.666
1.66
2.34
2.10
1.80
1.85
3.60
4.50
1.222
1.30
1.98
1.37
3.30
2.26
1.70
3.35
3.45
2.20
1.69
1.333
1.34
2.44
1.61
1.88
2.00
1.363
5.40
9.30
1.085
1.181
3.35
2.04
1.90
2.62
1.58
2.08
3.65
3.70
1.32
1.32
1.82
1.54
2.74
2.38
1.68
1.40
5.20
8.40
1.095
1.19
3.15
2.20
1.79
2.64
1.571
3.30
3.60
2.24
1.71
1.333
1.37
2.44
1.65
1.97
1.97
1.48
4.60
7.50
1.125
1.23
2.82
1.82
2.15
2.38
1.68
1.88
3.70
4.45
1.24
1.32
2.00
1.40
3.35
2.20
1.78
6.20
4.25
1.59
2.48
1.26
1.153
1.909
2.04
2.18
1.80
1.85
3.70
4.65
1.23
1.32
2.04
1.38
3.45
2.30
1.72
1.50
4.00
7.10
1.085
1.23
2.54
1.88
1.94
1.91
1.91
2.35
3.30
3.05
1.363
1.32
1.571
1.69
2.20
1.65
2.26
2.25
3.20
3.30
1.32
1.333
1.615
1.61
2.35
1.65
2.26
1.87
3.50
4.20
1.222
1.285
1.90
1.38
3.10
2.26
1.65
1.39
4.65
8.10
1.065
1.181
2.92
1.63
2.30
2.42
1.58
3.40
3.25
2.20
1.65
1.333
1.30
2.44
1.571
2.26
1.65
1.50
4.55
5.80
1.125
1.19
2.54
1.70
2.18
2.26
1.65
1.833
3.60
4.25
1.21
1.285
1.94
2.52
1.54
2.375
1.60
2.30
3.40
3.05
1.363
1.30
1.59
1.68
2.22
2.26
1.65
1.35
5.00
8.50
1.06
1.166
3.125
2.08
1.76
2.18
1.70
2.82
3.20
2.55
1.49
1.333
1.41
2.02
1.82
1.75
2.10
1.52
4.25
7.50
1.125
1.26
2.68
1.89
2.06
2.34
1.70
1.68
3.80
6.00
1.166
1.30
2.34
2.40
1.666
1.87
2.08
2.70
3.25
2.875
1.46
1.38
1.51
1.91
2.04
1.87
2.08
1.60
4.00
6.60
1.143
1.285
2.46
2.10
1.86
1.70
2.34
1.77
3.80
5.10
1.20
1.30
2.15
2.44
1.65
1.68
2.38
3.60
3.30
2.25
1.70
1.37
1.333
2.56
1.60
2.02
1.92
3.05
3.25
2.56
1.56
1.38
1.42
2.16
1.81
1.72
2.30
1.76
3.70
5.30
1.19
1.32
2.16
2.40
1.666
1.87
2.08
1.952
3.55
4.30
1.25
1.333
1.93
2.80
1.52
1.68
2.38
2.64
3.25
2.95
1.444
1.38
1.533
1.87
2.08
1.80
2.18
1.59
3.85
6.50
1.125
1.285
2.40
2.05
1.84
2.14
1.78
4.40
3.65
1.85
1.98
1.30
1.222
3.25
1.38
2.10
1.80
1.77
3.70
4.85
1.19
1.30
2.08
2.40
1.63
2.08
1.82
1.78
3.75
4.70
1.20
1.285
2.08
2.40
1.63
2.28
1.69
2.30
3.35
3.25
1.363
1.34
1.64
3.50
1.34
1.85
2.04
2.15
3.35
3.60
1.30
1.34
1.727
1.55
2.60
1.70
2.25
1.52
4.20
6.10
1.125
1.222
2.48
1.91
1.91
2.30
1.63
5.40
4.00
1.60
2.30
1.23
1.143
4.15
1.24
1.86
1.96
2.74
3.30
2.55
1.49
1.32
1.444
1.98
1.84
2.04
1.79
3.10
3.40
2.26
1.615
1.30
1.35
2.26
1.65
2.04
1.79
3.30
3.35
2.20
1.65
1.31
1.32
2.40
1.59
1.72
2.15
3.40
3.25
2.20
1.65
1.333
1.30
2.44
1.571
1.70
2.18
2.40
3.30
2.95
1.38
1.32
1.55
1.727
2.14
1.75
2.10
2.00
3.35
3.85
1.25
1.31
1.78
1.45
2.80
1.72
2.15
3.90
3.30
2.00
1.78
1.32
1.24
2.82
1.444
1.81
2.02
1.45
4.333
7.30
1.08
1.21
2.68
1.78
2.06
2.00
1.833
1.50
4.10
6.80
1.095
1.222
2.54
1.88
1.94
2.02
1.81
2.22
3.25
3.35
1.31
1.333
1.64
1.59
2.40
1.70
2.18
1.75
3.60
4.80
1.181
1.285
2.04
2.375
1.60
1.90
1.92
1.21
7.50
15.00
1.036
1.125
4.90
1.59
2.58
2.04
1.90
2.75
3.50
2.65
1.533
1.34
1.50
2.02
1.93
2.48
1.63
2.82
3.35
2.68
1.52
1.363
1.48
2.02
1.92
1.81
2.16
1.46
4.60
8.10
1.10
1.23
2.88
1.78
2.20
2.20
1.78
1.98
3.60
4.10
1.27
1.333
1.90
1.46
3.05
2.26
1.74
2.30
3.35
3.40
1.363
1.363
1.68
1.65
2.44
2.30
1.72
2.20
3.40
3.60
1.333
1.363
1.74
1.59
2.58
2.08
1.87
3.55
3.45
2.20
1.74
1.35
1.333
2.58
1.59
2.30
1.72
7.90
4.85
1.444
2.95
1.21
1.111
2.30
1.72
2.48
1.63
6.00
4.00
1.64
2.375
1.285
1.166
1.833
2.12
1.78
2.20
2.48
3.50
2.96
1.444
1.34
1.59
1.81
2.16
2.30
1.72
2.22
3.40
3.55
1.333
1.363
1.72
1.60
2.56
2.04
1.90
2.60
3.40
2.88
1.46
1.363
1.55
1.87
2.08
2.04
1.90
1.20
8.00
15.00
1.036
1.111
5.10
2.00
1.94
1.97
1.97
1.35
5.20
11.00
1.065
1.19
3.45
1.90
2.04
1.80
2.18
1.20
8.00
15.00
1.036
1.111
5.10
2.08
1.88
1.952
1.99
2.50
3.45
2.98
1.444
1.35
1.58
1.81
2.16
2.18
1.80
3.20
3.50
2.35
1.65
1.34
1.39
2.32
1.71
2.56
1.60
2.00
3.60
4.05
1.285
1.333
1.88
2.875
1.50
2.25
1.75
1.75
4.00
4.90
1.21
1.285
2.18
2.34
1.70
2.34
1.70
3.30
3.50
2.30
1.68
1.34
1.37
2.40
1.666
2.10
1.85
1.80
4.00
4.55
1.23
1.285
2.10
2.48
1.63
1.98
1.96
2.60
3.50
2.82
1.48
1.34
1.55
1.89
2.06
2.08
1.88
1.60
4.20
6.20
1.153
1.26
2.46
2.06
1.89
2.05
1.90
2.68
3.40
2.80
1.48
1.363
1.52
1.93
2.02
1.87
2.08
2.18
3.50
2.86
1.34
1.23
1.571
1.65
2.16
1.49
2.50
2.15
3.30
3.10
1.30
1.26
1.58
1.571
2.30
1.909
1.833
2.35
3.30
2.75
1.363
1.26
1.49
1.75
2.00
1.96
1.79
1.35
4.55
7.50
1.036
1.143
2.82
2.12
1.666
2.82
1.40
1.80
3.45
4.05
1.181
1.24
1.85
3.35
1.30
2.15
1.65
2.10
3.40
3.10
1.30
1.25
1.61
1.571
2.30
2.48
1.50
1.87
3.50
3.65
1.222
1.23
1.78
2.60
1.46
2.30
1.571
1.30
4.85
8.50
1.022
1.125
3.05
1.82
1.92
2.82
1.40
2.70
3.45
2.30
1.51
1.24
1.38
2.04
1.727
2.48
1.50
1.55
3.90
5.20
1.111
1.19
2.22
1.97
1.78
2.00
1.75
1.75
3.70
4.00
1.181
1.21
1.909
2.25
1.60
2.10
1.68
1.952
3.40
3.50
1.23
1.25
1.71
2.82
1.40
1.96
1.79
2.20
3.50
2.84
1.34
1.23
1.56
1.68
2.10
2.10
1.69
2.80
3.40
2.26
1.533
1.25
1.35
2.14
1.66
1.94
1.80
1.58
4.00
4.75
1.133
1.181
2.16
1.89
1.85
2.48
1.50
2.20
3.40
2.90
1.333
1.25
1.56
1.615
2.22
1.97
1.78
1.93
3.50
3.45
1.24
1.23
1.727
1.46
2.60
1.727
2.04
1.82
3.50
4.50
1.19
1.285
1.952
2.52
1.54
1.91
1.91
2.10
3.30
3.60
1.285
1.32
1.71
1.51
2.60
1.91
1.91
2.22
3.30
3.30
1.32
1.32
1.64
1.60
2.375
1.75
2.10
2.95
3.30
2.40
1.55
1.32
1.38
2.14
1.727
1.91
1.91
1.88
3.55
4.10
1.222
1.285
1.89
2.60
1.51
2.10
1.75
1.23
6.10
15.00
1.022
1.133
4.30
1.72
2.22
2.25
1.70
2.42
3.00
3.40
1.333
1.41
1.58
1.66
2.34
1.48
2.80
2.26
3.10
3.60
1.30
1.39
1.66
1.58
2.50
1.48
2.80
3.00
3.00
2.66
1.49
1.41
1.41
2.06
1.833
1.48
2.80
2.22
3.10
3.70
1.30
1.39
1.68
1.55
2.58
1.51
2.70
3.10
3.10
2.52
1.54
1.39
1.39
2.16
1.76
1.55
2.58
3.10
3.00
2.58
1.52
1.41
1.39
2.14
1.77
1.46
2.88
1.75
3.90
5.10
1.20
1.30
2.18
2.34
1.70
2.34
1.70
2.78
3.45
2.65
1.533
1.35
1.49
2.02
1.92
1.80
2.18
2.40
3.45
3.125
1.41
1.35
1.63
1.74
2.26
2.08
1.88
2.04
3.65
3.80
1.30
1.32
1.85
2.95
1.48
2.10
1.85
1.38
4.90
8.90
1.07
1.19
3.125
2.16
1.76
2.46
1.60
1.90
3.50
4.35
1.23
1.32
1.93
1.39
3.20
2.60
1.55
3.05
3.50
2.35
1.615
1.32
1.40
2.22
1.72
2.26
1.70
2.56
3.60
2.56
1.49
1.285
1.49
1.91
1.91
2.375
1.60
2.45
3.50
2.75
1.43
1.285
1.533
1.81
2.02
2.18
1.70
1.35
5.50
7.40
1.08
1.143
3.125
2.05
1.79
3.00
1.40
2.00
3.60
3.55
1.285
1.285
1.78
1.49
2.66
2.26
1.65
2.00
3.70
3.45
1.30
1.27
1.78
1.51
2.60
2.18
1.70
2.00
3.60
3.55
1.285
1.285
1.78
1.49
2.66
2.26
1.65
2.00
3.60
3.55
1.285
1.285
1.78
1.49
2.66
2.18
1.70
1.615
3.70
6.60
1.125
1.30
2.35
2.12
1.79
1.727
2.22
2.92
3.45
2.35
1.571
1.30
1.39
2.14
1.727
2.40
1.59
1.31
5.30
9.40
1.045
1.143
3.35
1.952
1.87
1.65
2.26
2.20
3.40
3.25
1.333
1.30
1.65
1.60
2.375
1.74
2.12
1.59
3.95
5.70
1.133
1.24
2.32
2.04
1.80
2.20
1.69
3.05
3.45
2.26
1.615
1.30
1.363
2.25
1.66
1.92
1.90
1.363
5.30
7.30
1.08
1.143
3.05
2.12
1.74
1.68
2.22
3.25
3.40
2.35
1.65
1.363
1.38
2.32
1.71
1.833
2.12
1.133
9.90
23.00
1.013
1.075
6.70
1.615
2.52
2.32
1.71
5.30
4.20
1.666
2.32
1.26
1.19
1.76
2.24
2.74
1.54
2.42
3.30
3.25
1.38
1.37
1.615
1.72
2.30
1.72
2.30
2.05
3.45
4.05
1.285
1.35
1.84
3.10
1.444
1.72
2.30
1.94
3.70
4.15
1.27
1.32
1.94
2.74
1.54
2.10
1.85
2.78
3.40
2.68
1.52
1.363
1.49
2.00
1.94
1.97
1.97
2.28
3.40
3.40
1.363
1.363
1.69
1.65
2.44
1.75
2.25
1.72
3.80
5.50
1.181
1.30
2.22
2.25
1.75
2.10
1.85
2.12
3.40
3.85
1.30
1.363
1.79
1.533
2.75
1.80
2.18
1.74
3.80
5.30
1.19
1.30
2.20
2.34
1.70
2.10
1.85
2.25
3.35
3.55
1.333
1.363
1.70
1.61
2.54
1.90
2.04
15.00
6.50
1.24
4.45
1.143
1.036
2.26
1.74
1.80
2.18
5.10
3.90
1.74
2.20
1.30
1.20
1.69
2.36
2.04
1.90
1.90
3.65
4.45
1.24
1.32
1.98
2.68
1.56
2.04
1.90
2.70
3.35
2.80
1.48
1.363
1.51
1.94
2.00
1.85
2.10
1.125
10.50
23.00
1.013
1.07
7.00
2.10
1.85
2.25
1.75
1.85
3.70
4.65
1.23
1.32
2.04
2.56
1.60
1.94
2.00
2.25
3.40
3.50
1.34
1.363
1.70
1.615
2.52
2.00
1.94
1.181
8.00
18.00
1.025
1.111
5.40
1.90
2.04
2.10
1.85
2.00
3.40
4.333
1.25
1.363
1.88
2.90
1.49
1.75
2.25
1.20
7.20
19.00
1.022
1.125
5.10
1.94
2.00
2.40
1.666
1.833
3.65
4.85
1.21
1.32
2.06
2.70
1.55
1.94
2.00
3.35
3.40
2.30
1.68
1.363
1.363
2.42
1.66
1.90
2.04
1.70
3.90
5.50
1.181
1.30
2.26
2.30
1.72
2.00
1.94
15.00
6.00
1.26
4.20
1.166
1.036
2.30
1.72
3.10
1.45
1.90
3.60
4.50
1.24
1.333
1.98
2.70
1.55
2.04
1.90
1.90
3.65
4.45
1.24
1.32
1.98
2.58
1.59
1.90
2.04
2.10
3.40
3.90
1.30
1.363
1.80
1.51
2.84
1.81
2.16
2.08
3.40
3.90
1.285
1.35
1.80
1.50
2.82
1.78
2.18
2.26
3.30
3.50
1.333
1.363
1.68
1.61
2.50
1.68
2.35
1.82
3.60
4.90
1.20
1.32
2.05
1.34
3.65
1.72
2.28
2.46
3.20
3.20
1.38
1.38
1.59
1.727
2.26
1.82
2.12
1.80
3.80
4.70
1.222
1.30
2.08
1.35
3.60
2.45
1.63
2.35
3.40
3.20
1.38
1.35
1.64
1.70
2.32
1.88
2.04
1.66
3.80
6.00
1.153
1.30
2.30
2.22
1.75
1.92
2.00
2.22
3.40
3.50
1.333
1.35
1.71
1.60
2.52
1.74
2.24
2.46
3.30
3.10
1.40
1.363
1.59
1.75
2.22
1.88
2.04
1.76
3.60
5.40
1.181
1.32
2.14
1.30
4.00
1.82
2.12
2.30
3.15
3.25
1.333
1.34
1.59
1.63
2.30
1.66
2.25
1.80
3.35
4.90
1.166
1.31
1.98
2.48
1.55
1.72
2.15
1.68
3.70
5.20
1.153
1.27
2.14
2.26
1.65
1.78
2.06
1.72
3.50
5.20
1.153
1.285
2.08
2.34
1.615
1.81
2.02
2.45
3.15
3.00
1.37
1.34
1.533
1.74
2.12
1.69
2.20
2.18
3.15
3.55
1.285
1.34
1.66
1.54
2.52
1.56
2.46
2.25
3.25
3.25
1.333
1.333
1.615
1.615
2.34
1.70
2.18
1.99
3.10
4.30
1.21
1.35
1.79
2.875
1.43
1.60
2.375
1.952
3.35
4.05
1.23
1.31
1.82
1.41
2.96
1.81
2.02
1.94
3.35
4.10
1.222
1.31
1.833
2.76
1.46
1.92
1.90
2.18
3.20
3.50
1.285
1.333
1.66
1.55
2.48
1.87
1.952
3.60
3.20
2.14
1.68
1.333
1.285
2.56
1.52
1.72
2.15
1.97
3.25
4.10
1.222
1.333
1.80
2.875
1.43
1.65
2.26
3.50
3.20
2.18
1.66
1.333
1.285
2.48
1.55
1.81
2.02
2.375
3.05
3.25
1.333
1.363
1.56
1.65
2.26
1.75
2.10
3.75
3.15
2.10
1.71
1.34
1.26
2.66
1.49
1.59
2.40
2.28
3.20
3.25
1.333
1.333
1.60
1.63
2.30
1.82
2.02
2.35
3.15
3.20
1.333
1.34
1.571
1.66
2.25
1.70
2.18
1.88
3.40
4.30
1.21
1.30
1.89
2.66
1.49
1.80
2.04
1.69
3.45
5.70
1.133
1.30
2.12
2.28
1.64
1.60
2.375
2.02
3.30
3.85
1.25
1.32
1.76
2.92
1.42
1.79
2.05
2.90
3.10
2.56
1.49
1.35
1.40
2.04
1.80
1.64
2.28
2.70
3.15
2.70
1.444
1.34
1.444
1.91
1.91
1.75
2.10
2.30
3.20
3.20
1.333
1.333
1.59
1.64
2.28
1.54
2.52
1.70
3.40
5.70
1.133
1.30
2.12
2.28
1.64
1.74
2.12
4.20
3.25
1.952
1.82
1.333
1.222
1.444
2.82
1.60
2.375
1.85
3.35
4.55
1.19
1.31
1.92
2.60
1.51
1.833
1.99
1.82
3.25
4.95
1.166
1.333
1.952
2.56
1.52
1.60
2.375
1.87
3.30
4.55
1.19
1.32
1.90
2.66
1.49
1.64
2.28
1.72
3.40
5.50
1.143
1.30
2.08
2.34
1.615
1.70
2.18
2.90
3.30
2.44
1.533
1.32
1.40
2.08
1.76
1.88
1.94
3.50
3.20
2.18
1.66
1.333
1.285
2.48
1.55
1.56
2.46
2.40
3.20
3.05
1.363
1.333
1.55
1.71
2.16
1.84
1.98
2.00
3.20
4.05
1.23
1.333
1.78
2.92
1.42
1.58
2.42
3.00
3.10
2.50
1.51
1.35
1.37
2.10
1.75
1.80
2.04
2.18
3.15
3.55
1.285
1.34
1.66
1.54
2.52
1.50
2.625
3.40
3.20
2.22
1.64
1.333
1.30
2.42
1.58
1.76
2.08
4.00
3.45
2.06
1.833
1.35
1.285
2.90
1.49
2.15
1.82
1.34
5.30
11.00
1.065
1.19
3.50
2.04
1.90
2.38
1.68
5.00
3.80
1.78
2.14
1.30
1.21
3.75
1.333
1.87
2.08
1.43
4.80
8.50
1.095
1.222
3.00
2.30
1.727
2.30
1.72
2.20
3.40
3.60
1.333
1.363
1.74
1.59
2.58
1.75
2.25
1.65
3.90
6.10
1.153
1.30
2.35
2.20
1.79
1.82
2.15
2.58
3.30
2.98
1.444
1.37
1.55
1.84
2.12
1.87
2.08
1.85
3.60
4.85
1.21
1.333
2.04
2.58
1.59
1.85
2.10
2.45
3.30
3.20
1.39
1.37
1.61
1.74
2.26
1.70
2.34
3.25
3.40
2.36
1.65
1.363
1.38
2.34
1.70
2.04
1.90
2.35
3.40
3.25
1.38
1.363
1.65
1.70
2.34
1.75
2.25
2.85
3.25
2.72
1.51
1.38
1.47
2.02
1.92
1.80
2.18
1.75
3.80
5.20
1.19
1.30
2.18
2.38
1.68
1.80
2.18
4.75
3.65
1.85
2.04
1.32
1.222
3.50
1.37
2.04
1.90
3.55
3.45
2.20
1.74
1.35
1.333
2.58
1.59
2.00
1.94
2.15
3.50
3.65
1.32
1.34
1.77
1.56
2.68
1.70
2.34
2.20
3.45
3.55
1.333
1.35
1.74
1.59
2.58
1.80
2.18
2.12
3.50
3.75
1.31
1.34
1.79
1.54
2.74
1.98
1.96
1.20
7.50
17.00
1.03
1.125
5.10
1.60
2.56
2.56
1.60
2.40
3.35
3.20
1.39
1.363
1.63
1.727
2.30
1.97
1.97
1.70
3.70
6.00
1.166
1.32
2.26
2.26
1.74
1.92
2.02
4.45
3.65
1.90
1.98
1.32
1.24
1.56
2.68
1.85
2.10
7.80
4.80
1.45
2.92
1.222
1.111
2.20
1.78
2.00
1.94
1.72
3.50
6.30
1.153
1.34
2.22
2.30
1.72
1.92
2.02
2.44
3.20
3.30
1.37
1.39
1.61
3.75
1.333
1.85
2.10
1.27
6.00
14.00
1.04
1.166
4.10
1.82
2.15
2.30
1.72
2.15
3.30
3.90
1.30
1.37
1.77
1.533
2.75
1.92
2.02
3.90
3.30
2.15
1.77
1.37
1.30
2.75
1.533
2.04
1.90
2.00
3.30
4.50
1.24
1.37
1.88
2.90
1.49
1.85
2.10
2.55
3.40
2.95
1.444
1.363
1.571
1.833
2.12
1.94
2.00
2.70
3.00
3.05
1.41
1.42
1.50
1.85
2.08
1.70
2.32
2.12
3.20
3.25
1.27
1.285
1.60
1.54
2.38
1.60
2.25
1.79
3.30
4.30
1.166
1.26
1.86
2.54
1.48
1.63
2.20
1.64
3.45
5.20
1.111
1.24
2.05
2.20
1.63
1.60
2.25
1.89
3.25
3.90
1.19
1.27
1.76
2.70
1.43
1.60
2.25
2.56
3.05
2.68
1.38
1.30
1.42
1.833
1.909
1.63
2.20
2.80
3.05
2.45
1.45
1.30
1.35
2.00
1.75
1.63
2.20
2.10
3.30
3.20
1.285
1.26
1.61
1.55
2.36
1.60
2.25
2.35
3.10
2.90
1.333
1.30
1.49
1.69
2.10
1.60
2.25
2.50
3.10
2.70
1.38
1.30
1.444
1.80
1.94
1.70
2.08
2.64
3.10
2.55
1.42
1.30
1.39
1.90
1.84
1.70
2.08
2.50
3.10
2.70
1.38
1.30
1.444
1.80
1.94
1.70
2.08
2.50
3.00
2.78
1.363
1.31
1.444
1.78
1.97
1.65
2.16
2.20
3.20
3.05
1.30
1.285
1.56
1.61
2.22
1.70
2.08
2.62
3.05
2.62
1.40
1.30
1.40
1.87
1.87
1.65
2.16
1.90
3.30
3.80
1.20
1.26
1.75
2.74
1.42
1.70
2.08
2.40
3.00
2.92
1.333
1.31
1.47
1.70
2.08
1.70
2.08
2.60
3.45
2.60
1.48
1.30
1.48
1.91
1.91
2.70
1.48
1.833
3.65
4.20
1.222
1.27
1.94
2.46
1.56
1.87
1.952
1.222
7.00
10.50
1.035
1.09
4.10
2.12
1.74
1.85
1.97
4.15
3.60
1.85
1.92
1.285
1.222
1.54
2.52
2.04
1.80
3.20
3.45
2.20
1.65
1.30
1.333
2.35
1.61
1.90
1.92
2.92
3.35
2.40
1.55
1.31
1.39
2.12
1.74
2.10
1.75
2.62
3.40
2.62
1.47
1.30
1.47
1.91
1.91
2.10
1.75
2.875
3.25
2.48
1.52
1.333
1.40
2.06
1.78
1.666
2.24
1.90
3.40
4.20
1.222
1.30
1.87
2.70
1.48
1.84
1.99
1.23
7.00
10.00
1.04
1.09
4.00
2.28
1.64
2.26
1.65
1.55
4.00
6.10
1.125
1.23
2.40
1.97
1.85
1.85
1.97
2.05
3.25
3.80
1.25
1.333
1.74
1.47
2.72
1.833
1.99
4.00
3.60
1.88
1.89
1.285
1.23
3.00
1.40
1.833
1.99
1.42
4.80
6.80
1.095
1.181
2.80
1.727
2.14
1.85
1.97
2.40
3.10
3.30
1.35
1.39
1.59
1.68
2.30
1.75
2.18
2.50
3.25
3.00
1.41
1.363
1.55
1.78
2.14
1.84
2.05
1.82
3.40
4.65
1.181
1.30
1.952
1.333
3.35
1.727
2.14
3.75
3.20
2.08
1.72
1.333
1.26
2.70
1.48
1.79
2.05
2.50
3.00
3.10
1.35
1.37
1.51
1.727
2.14
1.70
2.18
1.46
4.20
7.40
1.08
1.222
2.66
1.75
2.10
1.90
1.92
1.87
3.20
4.75
1.181
1.333
1.90
1.333
3.35
1.75
2.10
1.70
3.35
5.80
1.125
1.31
2.12
2.30
1.63
1.70
2.18
2.60
3.10
2.85
1.41
1.35
1.48
1.82
2.02
1.727
2.14
1.66
3.65
5.50
1.143
1.27
2.18
2.20
1.69
1.85
1.97
1.65
3.55
5.90
1.125
1.285
2.20
2.20
1.69
1.727
2.14
1.70
3.60
5.20
1.153
1.285
2.12
2.26
1.65
2.10
1.75
2.30
3.15
3.25
1.333
1.34
1.59
1.63
2.30
1.91
1.91
2.26
3.30
3.20
1.333
1.32
1.615
1.63
2.30
1.96
1.86
2.22
3.30
3.30
1.32
1.32
1.64
1.60
2.375
1.86
1.96
3.30
3.30
2.22
1.64
1.32
1.32
2.375
1.60
1.86
1.96
2.00
3.30
3.90
1.24
1.32
1.78
1.444
2.82
1.75
2.10
1.75
3.70
4.60
1.181
1.27
2.04
1.32
3.45
2.10
1.75
34.00
17.00
1.03
11.00
1.91
1.91
2.54
1.533
1.45
4.40
7.10
1.085
1.20
2.68
1.77
2.08
2.26
1.65
2.10
3.40
3.90
1.30
1.363
1.80
1.51
2.84
1.74
2.26
1.65
4.00
5.90
1.166
1.285
2.35
2.18
1.80
2.04
1.90
1.72
3.80
5.50
1.181
1.30
2.22
2.32
1.71
1.79
2.20
2.68
3.45
2.76
1.50
1.35
1.52
1.94
2.00
2.00
1.94
1.87
3.75
4.45
1.24
1.31
2.02
2.64
1.571
1.85
2.10
5.20
3.65
1.79
2.12
1.32
1.19
1.64
2.46
1.75
2.25
4.10
3.55
2.00
1.88
1.333
1.27
2.98
1.47
1.80
2.18
1.40
5.00
9.00
1.085
1.21
3.15
2.20
1.78
2.44
1.65
1.60
4.35
5.90
1.166
1.25
2.46
2.06
1.89
2.18
1.80
2.82
3.45
2.62
1.54
1.35
1.48
2.04
1.90
1.90
2.04
1.43
5.20
7.50
1.125
1.19
3.00
1.74
2.28
1.97
1.97
1.30
6.00
11.00
1.065
1.166
3.80
1.93
2.02
2.25
1.75
3.10
3.30
2.50
1.58
1.37
1.41
2.20
1.78
1.727
2.30
2.15
3.55
3.60
1.333
1.333
1.77
1.571
2.64
1.85
2.10
1.85
3.65
4.75
1.222
1.32
2.04
1.37
3.50
1.99
1.952
1.533
4.40
6.80
1.133
1.25
2.64
1.90
2.04
2.10
1.85
1.55
4.40
6.50
1.143
1.25
2.60
2.00
1.94
2.10
1.85
2.45
3.40
3.10
1.41
1.363
1.61
1.76
2.24
2.10
1.85
1.38
5.00
9.90
1.075
1.21
3.25
2.04
1.90
1.85
2.10
1.153
9.00
21.00
1.017
1.085
6.10
1.80
2.18
2.75
1.533
2.24
3.40
3.50
1.34
1.363
1.71
1.615
2.52
1.85
2.10
1.65
3.80
6.40
1.143
1.30
2.35
2.15
1.82
2.34
1.70
3.10
3.40
2.45
1.61
1.363
1.41
2.24
1.76
1.87
2.08
4.75
3.65
1.85
2.04
1.32
1.222
3.50
1.37
2.18
1.80
2.12
3.25
4.05
1.285
1.38
1.79
1.50
2.875
1.72
2.30
3.05
3.30
2.55
1.571
1.37
1.42
2.16
1.81
1.85
2.10
5.40
3.70
1.75
2.18
1.32
1.181
1.70
2.34
2.70
1.55
2.55
3.45
2.90
1.46
1.35
1.571
1.85
2.10
2.10
1.85
1.60
3.75
6.70
1.125
1.285
2.38
2.10
1.80
1.72
2.22
2.45
3.50
2.875
1.444
1.32
1.571
1.80
2.10
1.65
2.35
2.02
3.50
3.85
1.285
1.32
1.82
1.48
2.82
1.82
2.08
1.181
8.30
17.00
1.03
1.10
5.40
2.48
1.63
1.952
1.99
1.45
4.60
8.40
1.095
1.23
2.92
2.38
1.68
2.10
1.85
5.90
4.25
1.61
2.44
1.26
1.166
1.54
2.74
2.36
1.69
7.50
4.60
1.48
2.82
1.23
1.125
2.20
1.78
2.48
1.63
1.71
3.85
5.50
1.181
1.30
2.24
2.32
1.71
2.20
1.79
4.25
3.45
2.00
1.88
1.35
1.26
1.49
2.90
1.85
2.10
2.22
3.45
3.50
1.34
1.35
1.72
1.61
2.54
1.88
2.08
10.00
5.10
1.37
3.30
1.20
1.075
1.77
2.22
2.12
1.833
1.65
3.95
6.00
1.166
1.285
2.35
2.08
1.88
2.15
1.82
7.70
4.00
1.55
2.60
1.285
1.111
1.96
1.98
1.82
2.15
1.166
8.60
19.00
1.022
1.095
5.80
1.70
2.34
2.25
1.75
2.98
3.30
2.58
1.55
1.37
1.444
2.12
1.84
1.85
2.10
1.34
5.30
11.00
1.065
1.19
3.50
2.14
1.82
2.12
1.833
2.90
3.35
2.62
1.54
1.363
1.46
2.08
1.87
2.10
1.85
1.285
5.80
13.00
1.05
1.166
3.95
1.89
2.06
2.70
1.55
1.444
4.60
8.60
1.095
1.23
2.95
1.70
2.34
2.10
1.85
1.08
11.00
23.00
1.03
7.40
1.70
2.18
2.18
1.70
2.45
3.55
2.72
1.444
1.285
1.533
1.81
2.02
2.20
1.69
2.15
3.85
3.00
1.37
1.25
1.68
1.64
2.28
2.45
1.56
3.25
3.65
2.10
1.71
1.27
1.333
2.44
1.571
2.65
1.49
3.55
3.75
1.96
1.81
1.26
1.285
2.70
1.48
2.45
1.56
4.15
3.65
1.84
1.93
1.27
1.222
3.10
1.38
2.45
1.56
1.70
3.55
5.30
1.143
1.285
2.12
2.26
1.65
2.35
1.61
4.55
3.85
1.727
2.08
1.25
1.19
1.63
2.30
2.30
1.63
3.50
3.25
2.00
1.68
1.27
1.23
2.56
1.47
1.65
2.16
4.00
3.25
1.87
1.78
1.27
1.181
1.444
2.65
1.65
2.16
2.50
3.20
2.625
1.40
1.285
1.444
1.82
1.92
1.60
2.25
2.50
3.20
2.625
1.40
1.285
1.444
1.82
1.92
1.75
2.00
3.25
3.25
2.10
1.61
1.27
1.27
2.38
1.54
1.60
2.25
1.26
6.10
7.40
1.04
1.07
3.30
1.87
1.87
1.94
1.80
5.60
5.00
1.40
2.62
1.125
1.09
2.08
1.70
2.36
1.55
1.666
4.333
3.80
1.20
1.153
2.02
2.22
1.615
2.40
1.533
1.166
7.00
11.00
1.05
4.20
1.92
1.82
4.00
1.222
4.90
4.50
1.50
2.32
1.143
1.125
1.87
1.87
4.00
1.222
7.00
5.50
1.30
3.05
1.095
1.05
1.76
1.99
2.30
1.571
3.00
3.40
2.48
1.58
1.35
1.42
2.16
1.79
1.88
2.05
2.10
3.50
3.70
1.31
1.333
1.78
3.125
1.43
1.85
2.08
2.06
3.50
3.85
1.285
1.333
1.81
1.50
2.82
1.85
2.08
2.10
3.35
3.90
1.285
1.363
1.78
3.125
1.43
1.84
2.10
2.52
3.30
3.05
1.41
1.363
1.56
1.79
2.16
1.92
2.00
2.60
3.40
2.84
1.46
1.35
1.533
1.88
2.05
1.833
2.10
2.35
3.30
3.30
1.363
1.363
1.64
1.68
2.35
1.833
2.10
1.38
5.50
8.40
1.095
1.181
3.25
2.12
1.833
2.98
1.47
2.25
3.60
3.30
1.37
1.333
1.70
1.66
2.42
2.38
1.68
2.35
3.70
3.05
1.42
1.32
1.65
1.74
2.26
2.48
1.63
5.70
4.10
1.65
2.35
1.27
1.166
1.82
2.15
2.38
1.68
1.42
5.20
7.70
1.111
1.19
3.05
2.22
1.77
3.10
1.45
1.75
4.00
4.90
1.21
1.285
2.18
1.34
3.70
2.36
1.69
1.80
4.00
4.55
1.23
1.285
2.10
2.44
1.65
2.56
1.60
1.84
3.80
4.55
1.23
1.30
2.05
1.38
3.45
2.12
1.833
3.70
3.70
2.00
1.833
1.30
1.30
1.48
2.82
3.05
1.42
3.15
3.70
2.20
1.69
1.30
1.38
2.35
1.65
2.68
1.52
2.60
3.65
2.60
1.51
1.30
1.51
1.94
1.94
2.46
1.60
2.10
3.60
3.50
1.32
1.30
1.76
1.55
2.60
2.60
1.55
1.74
3.95
4.70
1.20
1.26
2.12
2.30
1.68
2.52
1.58
2.00
3.65
3.75
1.285
1.30
1.833
1.49
2.78
2.14
1.78
3.65
3.60
2.04
1.80
1.30
1.30
2.72
1.51
2.32
1.666
2.55
3.40
2.82
1.45
1.333
1.533
1.85
2.04
2.78
1.49
2.42
3.40
3.00
1.41
1.333
1.58
1.75
2.18
2.35
1.65
2.90
3.40
2.48
1.56
1.333
1.43
2.10
1.80
2.68
1.52
1.52
4.35
6.50
1.125
1.23
2.58
1.833
2.06
2.68
1.52
2.80
3.45
2.64
1.533
1.35
1.48
2.04
1.91
2.00
1.94
1.50
4.75
6.70
1.133
1.222
2.75
1.833
2.12
2.875
1.50
2.05
3.85
3.60
1.333
1.30
1.84
1.55
2.70
2.75
1.533
1.88
3.85
4.25
1.26
1.30
2.00
2.62
1.58
2.54
1.61
2.62
3.55
2.76
1.50
1.333
1.54
1.92
2.02
2.40
1.666
3.10
3.60
2.36
1.65
1.333
1.41
2.26
1.74
2.26
1.74
2.15
3.45
3.30
1.32
1.30
1.68
1.58
2.42
1.85
1.97
5.60
4.20
1.56
2.38
1.222
1.133
2.16
1.71
2.05
1.79
3.90
3.65
1.90
1.87
1.27
1.24
1.50
2.625
1.75
2.10
3.65
3.40
2.04
1.75
1.30
1.27
2.66
1.49
2.05
1.79
4.30
3.95
1.75
2.04
1.24
1.21
1.63
2.30
2.05
1.79
3.10
3.05
2.45
1.533
1.363
1.35
2.16
1.71
1.65
2.26
3.45
3.55
2.05
1.74
1.285
1.30
2.56
1.52
1.666
2.24
1.66
3.65
5.50
1.143
1.27
2.18
2.15
1.72
1.60
2.375
2.70
3.35
2.56
1.49
1.31
1.444
1.96
1.86
1.79
2.05
1.52
3.85
7.10
1.085
1.25
2.48
1.91
1.91
2.20
1.69
2.24
3.35
3.20
1.333
1.31
1.63
1.63
2.30
1.84
1.98
1.31
5.00
10.50
1.035
1.166
3.35
1.52
2.58
2.18
1.70
1.833
3.15
5.10
1.153
1.34
1.94
2.56
1.52
1.76
2.08
1.92
3.25
4.35
1.20
1.333
1.85
1.38
3.10
1.70
2.18
1.88
3.40
4.30
1.21
1.30
1.89
1.37
3.15
1.58
2.42
1.65
3.80
5.30
1.143
1.25
2.20
2.20
1.69
1.72
2.15
1.50
3.75
8.00
1.07
1.26
2.54
1.89
1.93
1.75
2.10
3.50
3.20
2.18
1.66
1.333
1.285
2.48
1.55
1.75
2.10
2.15
3.30
3.45
1.30
1.32
1.68
1.55
2.48
1.74
2.12
2.40
3.20
3.05
1.363
1.333
1.55
1.71
2.16
1.70
2.18
1.65
3.70
5.50
1.143
1.27
2.20
2.18
1.70
1.91
1.91
2.35
3.30
3.05
1.363
1.32
1.571
1.69
2.20
1.80
2.04
2.05
3.30
3.75
1.26
1.32
1.74
1.48
2.70
1.80
2.04
1.70
3.80
4.85
1.166
1.25
2.12
2.28
1.64
1.80
2.04
2.70
3.20
2.875
1.45
1.38
1.50
1.90
2.02
1.80
2.15
5.30
3.70
1.75
2.15
1.31
1.181
1.666
2.38
1.85
2.08
2.42
3.20
3.30
1.363
1.38
1.60
1.70
2.32
1.85
2.08
2.70
3.05
3.00
1.42
1.41
1.50
1.86
2.08
1.72
2.28
2.02
3.40
4.15
1.26
1.35
1.85
1.46
2.98
1.80
2.15
2.45
3.10
3.20
1.363
1.39
1.571
1.71
2.24
1.60
2.46
2.20
3.20
3.65
1.30
1.363
1.69
1.55
2.60
1.60
2.46
1.93
3.35
4.45
1.222
1.34
1.90
2.78
1.49
1.75
2.18
2.15
3.20
3.80
1.285
1.363
1.727
1.52
2.68
1.75
2.18
2.05
3.30
4.00
1.26
1.35
1.79
1.47
2.85
1.70
2.26
1.27
6.20
13.00
1.05
1.153
4.10
1.82
2.14
2.58
1.59
1.125
9.60
29.00
1.004
1.08
7.00
2.12
1.833
2.86
1.50
2.16
3.40
3.70
1.32
1.363
1.76
1.56
2.68
1.74
2.26
2.90
3.30
2.65
1.533
1.37
1.46
2.08
1.88
1.82
2.14
1.72
3.70
5.70
1.166
1.32
2.22
1.285
4.20
2.00
1.94
7.60
4.20
1.52
2.68
1.26
1.111
2.02
1.92
1.89
2.05
1.64
3.90
6.20
1.153
1.30
2.375
1.25
4.65
2.00
1.94
3.05
3.45
2.35
1.615
1.333
1.40
2.22
1.72
2.08
1.82
2.10
3.35
3.75
1.285
1.34
1.76
1.51
2.72
2.00
1.88
2.05
3.45
3.80
1.285
1.333
1.79
1.49
2.78
1.94
1.94
2.15
3.45
3.50
1.32
1.333
1.727
1.571
2.54
1.94
1.94
3.15
3.35
2.35
1.615
1.34
1.38
2.28
1.69
1.94
1.94
1.80
3.55
4.90
1.19
1.31
2.04
2.48
1.59
1.94
1.94
2.96
3.40
2.50
1.571
1.35
1.43
2.14
1.81
2.00
1.92
1.37
5.20
10.00
1.06
1.181
3.20
2.25
1.75
2.04
1.90
2.04
3.40
4.25
1.24
1.34
1.82
3.05
1.46
1.90
2.04
3.125
3.30
2.52
1.55
1.35
1.39
2.18
1.80
1.78
2.20
4.00
3.50
2.06
1.80
1.32
1.26
2.90
1.49
1.70
2.34
5.70
3.95
1.69
2.25
1.27
1.153
1.74
2.26
1.85
2.10
2.28
3.40
3.50
1.32
1.34
1.66
1.63
2.48
1.94
2.00
2.12
3.40
3.95
1.27
1.34
1.75
1.51
2.84
1.77
2.22
2.50
3.30
3.15
1.38
1.35
1.56
1.77
2.22
1.80
2.18
1.91
3.45
4.85
1.20
1.333
1.93
2.72
1.54
1.87
2.08
3.55
3.30
2.30
1.65
1.35
1.32
2.48
1.63
1.92
2.02
1.285
6.00
13.00
1.036
1.143
3.80
1.90
2.04
1.87
2.08
1.65
3.90
6.30
1.133
1.27
2.30
2.20
1.79
1.80
2.18
4.75
3.70
1.85
2.00
1.30
1.21
1.60
2.56
2.02
1.92
2.46
3.30
3.20
1.37
1.35
1.571
1.75
2.25
1.833
2.12
6.00
4.00
1.66
2.28
1.26
1.143
1.78
2.20
1.85
2.10
1.96
3.50
4.45
1.222
1.32
1.88
1.45
3.10
1.89
2.06
2.18
3.30
3.85
1.285
1.35
1.71
1.55
2.70
1.78
2.20
1.77
3.70
5.40
1.166
1.30
2.10
2.40
1.666
1.97
1.97
2.30
3.30
3.55
1.32
1.35
1.65
1.65
2.44
1.78
2.20
5.20
3.65
1.80
2.06
1.30
1.181
1.63
2.48
1.82
2.15
1.31
5.30
15.00
1.025
1.181
3.60
2.04
1.90
2.08
1.87
1.25
7.00
10.00
1.06
1.111
4.10
1.82
2.08
1.76
2.16
1.65
3.90
5.60
1.153
1.27
2.28
2.22
1.727
1.55
2.60
3.10
3.30
2.40
1.59
1.35
1.39
2.22
1.72
1.63
2.40
2.60
3.15
2.95
1.42
1.38
1.51
1.82
2.08
1.65
2.35
1.50
4.00
8.00
1.085
1.26
2.64
1.89
1.99
1.70
2.26
2.35
3.30
3.20
1.363
1.35
1.615
1.68
2.30
1.55
2.60
2.25
3.20
3.50
1.32
1.363
1.666
1.59
2.48
1.63
2.40
1.35
5.20
9.30
1.065
1.181
3.30
2.10
1.80
1.94
1.94
2.20
3.40
3.40
1.333
1.333
1.69
1.60
2.46
1.60
2.46
1.45
4.45
7.90
1.09
1.222
2.82
1.80
2.10
1.80
2.10
3.65
3.30
2.15
1.727
1.35
1.30
2.58
1.55
1.60
2.46
1.70
3.50
5.90
1.143
1.32
2.18
2.30
1.68
1.60
2.46
3.65
3.30
2.15
1.727
1.35
1.30
2.58
1.55
1.60
2.46
2.95
3.30
2.50
1.55
1.35
1.42
2.10
1.80
1.60
2.46
2.30
3.20
3.40
1.333
1.363
1.64
1.63
2.40
1.50
2.74
3.10
3.40
2.35
1.615
1.333
1.39
2.25
1.70
1.70
2.25
2.15
3.30
3.65
1.30
1.35
1.727
1.55
2.58
1.60
2.46
2.30
3.20
3.40
1.333
1.363
1.64
1.63
2.40
1.50
2.74
6.60
4.15
1.50
2.54
1.222
1.10
1.97
1.85
2.375
1.60
1.222
6.40
12.00
1.022
1.111
4.10
1.70
2.18
2.10
1.75
2.80
3.10
2.65
1.46
1.35
1.42
1.96
1.86
1.70
2.18
3.10
2.92
2.54
1.50
1.39
1.35
2.12
1.74
1.86
1.96
1.45
4.40
7.10
1.085
1.20
2.68
1.75
2.10
1.86
1.96
5.90
4.10
1.55
2.40
1.222
1.125
1.86
1.96
1.80
2.04
2.65
3.10
2.80
1.42
1.35
1.46
1.86
1.96
1.70
2.18
1.80
3.60
4.45
1.20
1.285
1.98
1.34
3.30
1.75
2.10
1.90
3.40
4.20
1.222
1.30
1.87
1.39
3.05
1.75
2.10
1.37
4.70
8.70
1.055
1.181
3.00
2.15
1.72
2.20
1.69
8.00
4.50
1.41
2.84
1.19
1.07
2.20
1.69
2.24
1.666
2.10
3.55
3.65
1.31
1.333
1.78
1.54
2.70
2.10
1.833
1.40
4.00
7.80
1.035
1.181
2.62
1.727
2.04
1.666
2.12
1.666
3.50
4.85
1.125
1.23
2.02
2.30
1.571
1.65
2.16
1.58
3.55
5.60
1.09
1.23
2.16
2.10
1.69
1.571
2.30
4.60
4.50
1.533
2.25
1.143
1.143
1.42
2.74
1.87
1.87
1.166
6.00
14.00
1.075
4.20
2.04
1.727
2.30
1.571
2.40
3.35
2.90
1.40
1.31
1.55
1.74
2.12
2.08
1.76
1.70
3.80
4.80
1.181
1.25
2.12
1.30
3.60
2.04
1.79
2.16
3.30
3.40
1.30
1.32
1.666
1.56
2.46
1.76
2.08
1.58
4.10
6.80
1.133
1.27
2.52
2.02
1.93
2.15
1.82
3.95
3.60
2.02
1.87
1.333
1.285
1.49
2.90
2.04
1.90
1.40
5.00
9.00
1.085
1.21
3.15
2.22
1.77
2.25
1.75
2.06
3.50
3.90
1.30
1.34
1.833
1.50
2.875
1.90
2.04
2.05
3.45
4.05
1.285
1.35
1.84
1.48
2.95
1.92
2.02
1.75
3.75
5.30
1.19
1.31
2.18
2.38
1.68
1.89
2.06
1.80
3.70
5.00
1.21
1.32
2.10
2.48
1.63
1.87
2.08
3.85
3.40
2.12
1.79
1.363
1.30
2.75
1.533
1.90
2.04
2.92
3.25
2.45
1.533
1.333
1.39
2.08
1.76
1.79
2.05
1.68
3.60
5.40
1.143
1.285
2.14
2.26
1.65
1.79
2.05
2.38
3.20
3.10
1.35
1.333
1.56
1.69
2.20
1.75
2.10
2.82
2.86
2.82
1.41
1.41
1.41
1.91
1.91
1.45
2.80
2.12
3.15
3.70
1.27
1.34
1.69
1.50
2.625
1.45
2.80
1.58
3.60
6.80
1.095
1.285
2.34
2.06
1.78
1.58
2.42
1.68
3.15
6.90
1.09
1.34
2.14
2.28
1.64
1.35
3.25
1.96
3.25
4.15
1.222
1.333
1.81
2.82
1.444
1.65
2.26
1.89
3.50
4.40
1.222
1.32
1.94
1.39
3.20
1.84
2.05
1.84
3.60
4.50
1.222
1.30
1.99
1.37
3.30
1.88
2.00
2.46
3.30
3.00
1.41
1.35
1.571
1.76
2.16
1.86
2.02
2.40
3.30
3.10
1.39
1.35
1.59
1.72
2.22
1.84
2.05
2.56
3.30
2.86
1.444
1.35
1.533
1.84
2.05
1.84
2.05
2.34
3.30
3.20
1.363
1.35
1.615
1.68
2.30
1.86
2.02
3.50
3.50
2.12
1.74
1.32
1.32
2.56
1.56
1.94
1.94
2.20
3.30
3.35
1.31
1.32
1.65
1.58
2.42
1.85
1.97
3.25
2.92
2.45
1.533
1.39
1.333
2.22
1.68
1.72
2.15
2.28
3.15
3.30
1.32
1.34
1.60
1.615
2.34
1.60
2.375
2.95
3.20
2.46
1.533
1.333
1.38
2.10
1.75
2.00
1.833
2.42
2.92
3.30
1.32
1.39
1.54
1.65
2.26
1.61
2.35
2.35
3.05
3.30
1.32
1.363
1.571
1.63
2.30
1.68
2.22
2.58
3.05
2.92
1.39
1.363
1.48
1.80
2.04
1.63
2.30
1.571
3.90
7.20
1.125
1.285
2.50
2.04
1.89
1.63
2.46
1.143
8.70
26.00
1.002
1.085
6.20
2.52
1.60
2.72
1.533
2.18
3.30
3.70
1.31
1.363
1.727
1.56
2.64
2.15
1.80
1.285
6.00
12.00
1.05
1.153
3.85
1.88
2.05
2.22
1.75
1.75
3.45
4.333
1.153
1.24
1.909
1.31
3.25
1.65
2.16
2.20
3.20
3.05
1.30
1.285
1.56
1.61
2.22
1.65
2.16
3.10
3.45
2.24
1.63
1.30
1.35
2.28
1.64
1.952
1.87
1.85
3.50
4.30
1.21
1.285
1.92
2.60
1.51
1.97
1.85
2.08
3.35
3.60
1.285
1.31
1.72
1.51
2.60
1.92
1.90
2.00
3.30
3.90
1.24
1.32
1.78
2.82
1.444
2.22
1.68
1.55
4.00
6.10
1.125
1.23
2.40
1.97
1.85
1.89
1.93
5.70
3.90
1.60
2.30
1.24
1.133
1.78
2.06
2.18
1.70
1.80
3.50
4.60
1.181
1.285
1.98
2.48
1.55
1.81
2.02
1.952
3.55
3.80
1.25
1.285
1.82
2.80
1.45
1.75
2.10
4.80
4.10
1.65
2.20
1.222
1.181
1.727
2.14
2.72
1.47
2.28
3.55
2.94
1.39
1.285
1.60
1.70
2.18
2.625
1.50
1.94
3.75
3.60
1.285
1.26
1.833
1.47
2.72
2.66
1.49
1.86
4.00
3.70
1.27
1.23
1.909
2.54
1.533
2.72
1.47
2.20
3.60
3.05
1.363
1.285
1.65
1.64
2.28
2.66
1.49
2.04
3.40
3.90
1.27
1.333
1.80
3.00
1.43
1.72
2.22
2.32
3.45
3.10
1.39
1.333
1.63
1.70
2.26
2.18
1.75
4.40
3.70
1.84
1.99
1.30
1.222
1.571
2.54
2.24
1.71
1.74
3.70
5.10
1.181
1.30
2.12
2.375
1.64
1.833
2.06
2.46
3.30
3.00
1.41
1.35
1.571
1.76
2.16
1.70
2.25
3.20
3.40
2.30
1.64
1.333
1.363
2.32
1.666
1.833
2.06
4.60
4.00
1.69
2.12
1.23
1.181
1.65
2.26
1.80
2.04
2.20
3.60
3.05
1.363
1.285
1.65
1.64
2.28
2.25
1.66
1.533
4.30
5.80
1.125
1.21
2.44
1.93
1.89
2.18
1.70
2.78
3.40
2.48
1.52
1.30
1.43
2.02
1.81
1.74
2.12
2.64
3.20
3.00
1.43
1.39
1.533
1.85
2.10
1.727
2.30
3.40
3.15
2.42
1.615
1.40
1.363
2.36
1.69
1.74
2.26
2.02
3.35
4.30
1.25
1.363
1.87
1.45
3.10
1.87
2.08
1.94
3.35
4.70
1.222
1.363
1.94
2.80
1.52
1.68
2.38
1.86
3.50
4.95
1.21
1.34
2.02
2.64
1.571
1.615
2.52
1.40
5.20
8.40
1.095
1.19
3.15
1.666
2.40
2.10
1.85
1.72
3.60
6.00
1.166
1.333
2.22
2.32
1.71
1.76
2.24
1.87
3.50
4.85
1.21
1.34
2.02
2.62
1.58
2.00
1.94
1.952
3.40
4.55
1.23
1.363
1.93
2.80
1.52
1.70
2.34
3.85
3.20
2.20
1.74
1.39
1.30
2.70
1.55
1.80
2.18
2.30
3.20
3.60
1.333
1.39
1.68
1.615
2.52
1.72
2.30
1.80
3.50
5.40
1.181
1.34
2.10
2.48
1.63
1.80
2.18
3.75
3.20
2.25
1.70
1.39
1.31
2.62
1.58
1.75
2.25
2.70
3.20
2.92
1.45
1.39
1.51
1.90
2.04
1.833
2.12
2.55
3.20
3.125
1.41
1.39
1.571
1.79
2.20
1.75
2.25
1.571
4.00
7.20
1.125
1.285
2.54
2.80
1.52
1.85
2.10
1.90
3.60
4.50
1.24
1.333
1.98
2.68
1.56
1.81
2.16
1.952
3.30
4.75
1.222
1.37
1.93
2.80
1.52
1.85
2.10
1.85
3.45
5.10
1.20
1.35
2.04
1.34
3.70
1.75
2.25
2.20
3.25
3.80
1.30
1.38
1.74
1.55
2.70
1.72
2.30
3.30
3.25
2.40
1.63
1.38
1.37
2.34
1.70
1.70
2.34
2.20
3.25
3.80
1.30
1.38
1.74
1.55
2.70
1.70
2.34
8.10
4.25
1.50
2.75
1.26
1.10
2.06
1.89
1.80
2.18
2.50
3.25
3.15
1.40
1.38
1.58
1.77
2.22
1.65
2.44
2.45
3.25
3.25
1.38
1.38
1.61
1.727
2.30
1.65
2.44
2.35
3.25
3.40
1.363
1.38
1.65
1.666
2.40
1.65
2.44
1.38
4.90
10.50
1.07
1.21
3.25
2.10
1.85
1.85
2.10
2.40
3.25
3.30
1.37
1.38
1.63
1.70
2.34
1.68
2.38
2.00
3.30
4.40
1.24
1.363
1.86
1.42
3.15
1.72
2.28
3.30
3.40
2.16
1.666
1.30
1.32
2.42
1.58
1.72
2.15
2.26
3.30
3.20
1.333
1.32
1.615
1.63
2.30
1.71
2.16
3.30
3.30
2.22
1.64
1.32
1.32
2.375
1.60
1.80
2.04
3.45
3.20
2.20
1.65
1.333
1.30
2.46
1.56
1.87
1.952
1.35
4.75
9.50
1.045
1.181
3.125
2.08
1.76
2.20
1.69
2.375
3.30
3.00
1.37
1.32
1.56
1.71
2.16
1.833
2.00
2.04
3.50
3.95
1.285
1.333
1.833
2.98
1.46
1.87
2.06
1.75
4.00
4.75
1.21
1.27
2.15
2.35
1.68
2.15
1.80
2.625
3.30
2.88
1.45
1.363
1.533
1.87
2.06
1.97
1.952
2.32
3.50
3.20
1.38
1.333
1.65
1.69
2.34
2.32
1.70
9.50
5.40
1.35
3.40
1.181
1.075
1.87
2.06
2.32
1.70
2.82
3.35
2.58
1.52
1.34
1.45
2.02
1.86
2.10
1.80
2.12
3.40
3.60
1.30
1.333
1.74
1.54
2.62
2.06
1.833
2.02
3.45
3.90
1.27
1.333
1.82
1.47
2.85
2.02
1.87
1.61
3.95
6.00
1.143
1.26
2.36
2.10
1.80
1.94
1.94
4.333
3.70
1.85
1.98
1.30
1.23
3.25
1.38
2.35
1.65
2.30
3.35
3.25
1.363
1.34
1.64
1.66
2.34
1.94
1.94
3.70
3.50
2.06
1.79
1.32
1.30
2.72
1.51
1.99
1.89
17.00
11.00
1.10
6.60
1.03
2.625
1.50
2.80
1.45
2.50
3.30
2.80
1.42
1.32
1.51
1.81
2.02
1.98
1.84
6.50
4.20
1.50
2.54
1.222
1.10
1.94
1.88
2.08
1.76
4.60
3.70
1.75
2.04
1.27
1.181
3.45
1.32
2.08
1.76
1.52
4.30
7.40
1.125
1.25
2.68
1.833
2.14
2.00
1.94
4.05
3.45
2.05
1.84
1.35
1.285
1.50
2.875
2.08
1.88
1.80
3.80
4.85
1.21
1.30
2.10
2.32
1.72
2.20
1.78
2.80
3.35
2.70
1.51
1.363
1.48
2.00
1.94
2.04
1.90
2.88
3.55
2.52
1.58
1.333
1.46
2.10
1.85
2.15
1.82
1.60
4.20
6.20
1.153
1.26
2.46
1.97
1.97
2.18
1.80
2.65
3.35
2.86
1.47
1.363
1.533
1.90
2.04
1.87
2.08
1.94
3.15
4.45
1.20
1.34
1.833
1.37
3.15
1.88
1.94
1.74
3.40
5.30
1.143
1.30
2.05
1.27
3.85
1.666
2.24
2.40
3.20
3.05
1.363
1.333
1.55
1.71
2.16
1.75
2.10
4.25
3.25
1.94
1.833
1.333
1.21
3.05
1.39
1.74
2.12
2.45
3.15
3.00
1.37
1.34
1.533
1.74
2.12
1.65
2.26
2.60
3.15
2.80
1.42
1.34
1.48
1.84
1.99
1.68
2.22
2.875
3.15
2.55
1.49
1.34
1.40
2.04
1.80
1.666
2.24
2.68
3.20
2.68
1.45
1.333
1.45
1.91
1.91
1.85
1.97
1.74
3.50
5.10
1.153
1.285
2.05
2.375
1.60
1.58
2.42
4.15
3.45
1.89
1.88
1.30
1.222
1.49
2.66
1.74
2.12
2.75
3.125
2.66
1.46
1.35
1.43
1.94
1.88
1.65
2.26
2.85
3.35
2.66
1.533
1.363
1.47
2.04
1.90
2.30
1.72
1.92
3.75
4.20
1.26
1.31
1.96
2.70
1.55
2.10
1.85
2.10
3.45
3.85
1.30
1.35
1.80
1.52
2.80
2.00
1.94
2.08
3.65
3.70
1.32
1.32
1.82
1.54
2.74
2.64
1.571
1.58
4.10
6.70
1.133
1.27
2.52
2.02
1.93
2.20
1.78
1.68
3.90
5.70
1.166
1.30
2.30
2.24
1.76
2.24
1.76
2.12
3.50
3.75
1.31
1.34
1.79
1.54
2.74
1.97
1.97
2.78
3.45
2.65
1.533
1.35
1.49
2.02
1.92
2.25
1.75
2.06
3.55
3.85
1.30
1.333
1.833
1.51
2.84
2.16
1.81
2.50
3.25
3.00
1.41
1.363
1.55
1.78
2.14
1.77
2.14
2.95
3.30
2.50
1.55
1.35
1.42
2.12
1.79
1.80
2.10
3.35
3.35
2.24
1.666
1.34
1.34
2.42
1.615
1.833
2.06
1.39
4.95
8.30
1.08
1.19
3.10
2.15
1.77
2.56
1.56
2.85
3.30
2.58
1.52
1.35
1.444
2.04
1.85
1.80
2.10
1.80
3.75
4.55
1.21
1.285
2.04
2.52
1.58
1.82
2.08
2.66
3.25
2.80
1.45
1.363
1.49
1.89
1.99
1.82
2.08
3.15
3.25
2.40
1.59
1.363
1.38
2.24
1.71
1.77
2.15
2.75
3.25
2.70
1.48
1.363
1.47
1.96
1.92
2.00
1.88
2.54
3.25
2.94
1.42
1.363
1.533
1.81
2.10
1.91
1.97
3.45
3.40
2.18
1.71
1.333
1.333
2.52
1.58
1.91
1.97
1.25
6.50
9.60
1.045
1.10
3.80
2.04
1.80
2.80
1.45
8.60
5.80
1.30
3.40
1.125
1.06
2.12
1.75
2.80
1.45
1.85
3.60
4.15
1.222
1.285
1.92
2.40
1.59
2.26
1.65
20.00
11.00
1.09
6.90
1.03
1.91
1.909
2.10
1.75
1.27
6.10
9.30
1.05
1.125
3.65
2.04
1.80
1.91
1.91
2.25
3.80
2.85
1.41
1.25
1.615
1.71
2.16
3.00
1.40
2.40
3.80
2.64
1.47
1.25
1.55
1.82
2.02
3.00
1.40
16.00
9.40
1.125
5.80
1.045
1.001
1.70
2.18
1.91
1.91
