1049
1064
1078
1093
1108
1123
1138
1154
1170
1185
1385
1400
1415
1430
1445
1461
1477
1493
1509
1525
1696
1711
1726
1741
1756
1772
1787
1803
1819
1835
2006
2021
2036
2051
2067
2083
2098
2114
2130
2146
2317
2332
2347
2362
2377
2393
2409
2425
2441
2457
2658
2673
2688
2703
2718
2734
2749
2765
2781
2797
2968
2983
2998
3013
3029
3045
3061
3077
3093
3109
3280
3295
3310
3325
3340
3356
3371
3387
3403
3419
3590
3605
3620
3635
3650
3666
3682
3698
3715
3731
3932
3947
3961
3976
3991
4006
4021
4037
4053
4069
4240
4255
4270
4285
4300
4316
4331
4347
4363
4379
4580
4595
4610
4625
4640
4656
4671
4687
4703
4719
4890
4905
4920
4935
4950
4965
4980
4996
5012
5028
5199
5214
5229
5244
5259
5274
5289
5305
5321
5337
5508
5524
5539
5554
5570
5587
5603
5620
5637
5653
5824
5839
5854
5869
5884
5900
5915
5931
5947
5963
6163
6178
6192
6207
6222
6237
6252
6268
6284
6300
6470
6486
6501
6516
6532
6548
6564
6580
6597
6613
6784
6799
6814
6829
6844
6860
6875
6891
6907
6923
7085
7100
7115
7130
7145
7161
7176
7192
7208
7224
7386
7402
7417
7432
7448
7465
7481
7498
7514
7530
7692
7707
7722
7737
7753
7769
7784
7800
7816
7832
7994
8009
8024
8039
8054
8070
8085
8101
8118
8134
8296
8312
8327
8342
8358
8374
8389
8405
8421
8437
8608
8623
8637
8652
8667
8682
8697
8713
8729
8744
8905
8920
8935
8950
8965
8981
8996
9012
9028
9044
9206
9221
9236
9251
9267
9283
9298
9314
9330
9346
9508
9523
9538
9554
9570
9587
9603
9619
9636
9652
9814
9830
9845
9861
9877
9894
9910
9927
9944
9960
10122
10137
10152
10167
10183
10199
10214
10230
10246
10262
10424
10439
10454
10469
10484
10500
10516
10532
10549
10565
10727
10743
10758
10774
10790
10807
10823
10840
10857
10873
11035
11050
11065
11080
11095
11111
11126
11142
11159
11175
11346
11361
11376
11391
11406
11422
11437
11453
11469
11485
11647
11662
11677
11692
11707
11723
11739
11755
11771
11787
11949
11964
11979
11994
12009
12025
12040
12056
12072
12088
12250
12265
12280
12295
12310
12326
12342
12358
12374
12390
12552
12567
12582
12597
12612
12628
12643
12659
12675
12691
12853
12868
12883
12898
12913
12929
12945
12961
12978
12994
13194
13209
13224
13240
13255
13272
13288
13305
13322
13338
13500
13515
13530
13545
13560
13576
13591
13607
13623
13639
13801
13817
13832
13847
13863
13879
13895
13912
13928
13944
14106
14121
14135
14150
14165
14180
14195
14211
14227
14243
14405
14420
14435
14450
14466
14482
14497
14513
14529
14545
14707
14722
14737
14752
14768
14784
14800
14816
14833
14849
15011
15026
15041
15056
15071
15087
15102
15118
15134
15150
15312
15327
15342
15357
15373
15389
15404
15421
15437
15453
15615
15630
15645
15660
15676
15692
15708
15724
15741
15757
15919
15934
15949
15965
15981
15998
16014
16031
16047
16063
16225
16241
16256
16272
16289
16306
16322
16339
16357
16374
16537
16552
16567
16582
16597
16613
16628
16644
16660
16676
16877
16892
16907
16922
16938
16954
16969
16985
17001
17017
17218
17234
17249
17265
17281
17298
17314
17331
17348
17364
17535
17550
17565
17580
17595
17610
17625
17641
17657
17673
17844
17859
17874
17889
17904
17920
17935
17951
17967
17983
18154
18170
18185
18200
18216
18232
18248
18265
18281
18297
18468
18483
18498
18513
18528
18544
18560
18576
18592
18608
18779
18794
18809
18825
18841
18857
18873
18889
18906
18922
19093
19108
19123
19138
19154
19170
19185
19201
19217
19233
19404
19419
19434
19449
19464
19480
19495
19511
19527
19543
19744
19759
19774
19789
19804
19820
19835
19851
19867
19883
20054
20070
20085
20101
20117
20134
20150
20167
20184
20200
20371
20386
20401
20417
20433
20449
20465
20481
20498
20514
20685
20700
20715
20730
20746
20762
20777
20793
20809
20825
20996
21012
21027
21043
21059
21075
21091
21108
21125
21141
21312
21327
21342
21357
21373
21389
21404
21420
21436
21452
21623
21638
21653
21668
21683
21699
21715
21731
21747
21763
21934
21950
21965
21981
21997
22013
22029
22045
22062
22078
22249
22265
22280
22296
22312
22329
22345
22362
22379
22395
22596
22611
22626
22641
22656
22671
22686
22702
22718
22734
22905
22920
22935
22950
22965
22981
22996
23012
23028
23044
23215
23231
23246
23261
23277
23293
23309
23326
23343
23359
23560
23575
23590
23605
23620
23636
23652
23669
23685
23701
23902
23917
23932
23947
23962
23978
23994
24010
24026
24042
24213
24228
24243
24258
24273
24289
24304
24320
24336
24351
24522
24538
24553
24569
24585
24602
24618
24635
24652
24668
24839
24854
24868
24883
24898
24913
24928
24944
24960
24975
25145
25160
25175
25190
25205
25221
25236
25252
25268
25284
25454
25469
25484
25499
25515
25531
25547
25563
25580
25596
25767
25782
25797
25813
25828
25844
25860
25876
25893
25909
26080
26095
26110
26125
26140
26155
26170
26186
26202
26218
26389
26404
26419
26434
26449
26465
26480
26496
26512
26528
26729
26744
26759
26774
26789
26805
26820
26836
26852
26868
27039
27054
27069
27084
27100
27116
27131
27147
27163
27179
27350
27365
27379
27394
27409
27424
27439
27455
27471
27486
27657
27672
27686
27701
27716
27731
27746
27762
27778
27794
27965
27980
27995
28010
28025
28041
28056
28072
28088
28104
28275
28290
28305
28320
28335
28351
28366
28382
28398
28414
28585
28600
28615
28630
28645
28660
28675
28691
28707
28723
28894
28909
28924
28939
28954
28969
28984
29000
29016
29032
29233
29248
29263
29278
29293
29309
29324
29340
29356
29372
29543
29558
29573
29588
29604
29620
29635
29651
29667
29683
29845
29860
29875
29890
29905
29921
29937
29953
29969
29985
30186
30201
30216
30231
30246
30262
30277
30293
30309
30325
30496
30511
30526
30542
30558
30575
30591
30607
30624
30640
30802
30817
30832
30847
30863
30879
30894
30910
30926
30942
31113
31129
31144
31160
31176
31192
31208
31225
31242
31258
31420
31436
31451
31466
31482
31498
31513
31530
31546
31562
31724
31739
31754
31770
31786
31802
31818
31834
31851
31867
32068
32083
32098
32113
32128
32144
32160
32176
32193
32209
32380
32395
32410
32425
32441
32457
32473
32489
32505
32521
32722
32737
32752
32768
32783
32799
32815
32831
32848
32864
33035
33050
33065
33080
33095
33111
33126
33142
33159
33175
33346
33361
33376
33391
33406
33422
33437
33453
33469
33485
33656
33671
33685
33700
33715
33731
33746
33762
33778
33794
33965
33980
33994
34009
34024
34039
34054
34070
34086
34102
34272
34287
34302
34317
34332
34348
34364
34380
34396
34412
34583
34598
34613
34628
34643
34659
34674
34690
34706
34722
34893
34908
34923
34938
34953
34968
34983
34999
35015
35031
35202
35217
35232
35247
35262
35278
35294
35310
35327
35343
35514
35529
35544
35559
35574
35589
35604
35620
35636
35652
35853
35868
35882
35897
35912
35927
35942
35958
35974
35989
36159
36174
36189
36204
36220
36236
36252
36268
36284
36300
36471
36486
36500
36515
36530
36545
36560
36576
36592
36607
36777
36792
36807
36822
36837
36853
36868
36884
36900
36916
37087
37102
37117
37132
37148
37164
37179
37195
37211
37227
37398
37413
37428
37443
37458
37474
37490
37506
37522
37538
37739
37754
37769
37784
37799
37814
37829
37845
37861
37877
38048
38063
38078
38093
38108
38124
38140
38156
38172
38188
38359
38374
38389
38404
38419
38434
38449
38465
38481
38497
38668
38683
38697
38712
38727
38742
38757
38773
38789
38804
39004
39019
39034
39049
39065
39081
39096
39112
39128
39144
39315
39330
39344
39359
39374
39389
39404
39420
39436
39452
39623
39638
39653
39668
39684
39700
39715
39732
39748
39764
39935
39951
39966
39981
39997
40013
40028
40045
40061
40077
40248
40263
40277
40292
40307
40322
40337
40353
40369
40385
40555
40571
40586
40602
40618
40634
40650
40667
40684
40700
40862
40877
40892
40907
40923
40939
40954
40971
40987
41003
41174
41189
41203
41218
41233
41249
41264
41280
41296
41312
41483
41498
41513
41528
41544
41560
41576
41592
41609
41625
41825
41840
41855
41870
41886
41902
41917
41934
41950
41966
42137
42152
42167
42183
42199
42216
42232
42248
42265
42281
42452
42468
42483
42498
42514
42530
42545
42562
42578
42594
42756
42772
42787
42803
42819
42836
42852
42869
42886
42902
43064
43079
43094
43109
43124
43140
43155
43171
43187
43203
43365
43380
43395
43410
43425
43441
43456
43472
43488
43504
43666
43681
43696
43711
43726
43742
43757
43773
43789
43805
43967
43982
43996
44011
44026
44041
44056
44072
44088
44103
44264
44279
44294
44310
44325
44341
44357
44373
44390
44406
44577
44592
44606
44621
44636
44652
44667
44683
44699
44715
44876
44891
44906
44921
44936
44952
44967
44983
44999
45015
45177
45192
45207
45223
45239
45255
45271
45287
45304
45320
45482
45497
45512
45528
45544
45561
45577
45593
45610
45626
45788
45803
45818
45833
45848
45864
45879
45895
45911
45927
46089
46104
46119
46134
46149
46164
46179
46195
46211
46227
46389
46404
46419
46434
46450
46466
46481
46498
46514
46530
46692
46707
46722
46737
46752
46768
46783
46799
46815
46831
46993
47008
47023
47038
47053
47069
47084
47100
47116
47132
47294
47310
47325
47340
47356
47372
47387
47404
47420
47436
47598
47613
47628
47643
47658
47674
47689
47705
47721
47737
47899
47915
47930
47945
47961
47977
47992
48009
48026
48042
48243
48258
48273
48288
48303
48319
48334
48350
48366
48382
48553
48568
48583
48598
48614
48630
48645
48661
48677
48693
48864
48880
48895
48911
48927
48943
48959
48976
48993
49009
49180
49195
49210
49225
49240
49256
49271
49287
49303
49319
49505
49521
49536
49552
49568
49584
49600
49617
49634
49650
49837
49853
49868
49884
49900
49917
49933
49950
49966
49983
50146
50161
50176
50192
50208
50224
50240
50256
50273
50289
50476
50492
50507
50523
50539
50556
50572
50589
50606
50622
50784
50799
50813
50828
50843
50859
50874
50890
50906
50922
51084
51099
51114
51129
51145
51161
51177
51194
51210
51226
51388
51403
51418
51433
51449
51465
51480
51497
51513
51529
51691
51707
51722
51738
51754
51771
51787
51804
51821
51837
51999
52014
52029
52044
52059
52075
52090
52106
52122
52138
52325
52340
52355
52370
52386
52402
52417
52433
52449
52465
52626
52642
52657
52673
52690
52707
52723
52740
52757
52773
52935
52951
52966
52982
52998
53014
53030
53047
53064
53080
53242
53257
53272
53287
53303
53319
53335
53351
53367
53383
53545
53560
53575
53590
53606
53622
53637
53654
53670
53686
53848
53863
53878
53893
53909
53925
53940
53956
53972
53988
54175
54191
54206
54221
54237
54253
54269
54286
54302
54318
54480
54495
54510
54525
54540
54555
54570
54586
54602
54618
54818
54834
54849
54864
54880
54896
54912
54929
54945
54961
55123
55139
55154
55170
55186
55203
55219
55235
55252
55268
55430
55445
55459
55474
55489
55504
55519
55535
55551
55566
55727
55742
55757
55773
55788
55804
55820
55836
55853
55869
56031
56046
56061
56076
56091
56107
56122
56138
56154
56170
56371
56386
56401
56416
56431
56447
56462
56478
56494
56510
56681
56696
56710
56725
56740
56755
56770
56786
56802
56818
56989
57004
57019
57034
57049
57065
57080
57096
57112
57128
57299
57314
57329
57344
57359
57375
57390
57406
57422
57438
57609
57624
57639
57654
57669
57685
57700
57716
57732
57748
57919
57934
57949
57964
57979
57995
58010
58026
58042
58058
58229
58244
58259
58274
58289
58305
58321
58337
58353
58369
58570
58585
58599
58614
58629
58644
58659
58675
58691
58706
58876
58891
58906
58921
58937
58953
58968
58984
59000
59016
59187
59202
59216
59231
59246
59261
59276
59292
59308
59324
59495
59510
59525
59540
59555
59571
59586
59602
59618
59634
59835
59850
59865
59880
59895
59910
59925
59941
59957
59973
60144
60159
60174
60189
60204
60220
60235
60251
60267
60283
60454
60469
60484
60499
60515
60531
60546
60562
60578
60594
60795
60811
60826
60842
60858
60875
60891
60908
60925
60941
61112
61127
61142
61157
61172
61188
61204
61220
61236
61252
61423
61439
61454
61470
61486
61503
61519
61536
61553
61569
61731
61747
61762
61778
61794
61811
61827
61844
61861
61877
62039
62055
62070
62085
62101
62117
62132
62148
62164
62180
62342
62357
62372
62388
62404
62421
62436
62453
62470
62486
62648
62664
62679
62695
62712
62729
62745
62762
62779
62795
62996
63011
63026
63041
63056
63072
63087
63103
63119
63135
63336
63351
63366
63382
63398
63414
63430
63446
63463
63479
63650
63665
63680
63695
63711
63727
63742
63759
63775
63791
63962
63977
63992
64007
64023
64039
64054
64070
64086
64102
64273
64288
64303
64318
64333
64348
64363
64379
64395
64411
64582
64597
64612
64627
64643
64659
64675
64691
64707
64723
64894
64909
64924
64939
64954
64970
64985
65001
65017
65033
65233
65248
65263
65278
65293
65309
65324
65340
65356
65372
65543
65558
65573
65588
65603
65618
65633
65649
65665
65681
65852
65867
65882
65897
65912
65928
65943
65959
65975
65991
66162
66177
66192
66207
66222
66237
66252
66268
66284
66300
66471
66486
66501
66516
66531
66546
66561
66577
66593
66609
66779
66794
66809
66824
66839
66855
66870
66886
66902
66918
67089
67104
67118
67133
67148
67164
67179
67195
67211
67227
67398
67413
67428
67443
67458
67474
67489
67505
67521
67536
67707
67722
67737
67752
67768
67784
67799
67815
67831
67847
68009
68024
68038
68053
68068
68083
68098
68114
68130
68145
68306
68321
68336
68351
68366
68382
68397
68413
68429
68445
68607
68622
68637
68652
68667
68683
68698
68714
68730
68746
68908
68923
68938
68953
68968
68984
69000
69017
69033
69049
69211
69226
69241
69256
69271
69287
69303
69320
69337
69353
69515
69530
69544
69559
69574
69589
69604
69620
69636
69652
69813
69828
69843
69858
69873
69889
69904
69920
69936
69952
70114
70129
70144
70159
70174
70189
70204
70220
70236
70252
70413
70428
70443
70458
70473
70488
70503
70519
70535
70551
70713
70728
70743
70758
70773
70789
70805
70821
70837
70853
71015
71030
71045
71060
71075
71091
71106
71122
71138
71154
71325
71340
71355
71370
71385
71401
71416
71432
71448
71463
71625
71640
71655
71670
71686
71702
71717
71734
71750
71766
71928
71943
71958
71973
71988
72003
72018
72034
72050
72066
72228
72243
72258
72273
72288
72304
72319
72335
72351
72367
72529
72544
72559
72574
72589
72605
72620
72636
72652
72668
72830
72845
72860
72875
72890
72905
72920
72936
72952
72968
73130
73145
73160
73175
73190
73206
73221
73237
73253
73269
73440
73455
73470
73485
73500
73516
73531
73547
73563
73579
73741
73756
73770
73785
73800
73815
73830
73846
73862
73878
74078
74093
74108
74123
74138
74153
74168
74184
74200
74216
74387
74402
74417
74432
74447
74463
74478
74494
74510
74526
74697
74712
74727
74742
74757
74772
74787
74803
74819
74835
75006
75021
75035
75050
75065
75080
75095
75111
75126
75142
75313
75328
75343
75359
75375
75391
75407
75423
75440
75456
75627
75642
75657
75672
75688
75704
75719
75735
75751
75767
75938
75953
75968
75983
75999
76015
76030
76046
76062
76078
76249
76263
76277
76292
76307
76322
76337
76353
76369
76385
76555
76570
76585
76600
76615
76631
76646
76662
76678
76694
76865
76880
76895
76910
76926
76942
76957
76973
76989
77005
77206
77221
77236
77251
77267
77283
77298
77314
77330
77346
77517
77532
77547
77562
77578
77594
77609
77626
77642
77658
77829
77844
77859
77874
77890
77906
77921
77938
77954
77970
78141
78156
78171
78186
78201
78217
78232
78248
78264
78280
78442
78457
78471
78486
78501
78516
78531
78547
78563
78578
78739
78755
78770
78786
78802
78819
78835
78852
78869
78885
79047
79062
79077
79092
79108
79124
79139
79155
79171
79187
79349
79364
79379
79394
79409
79425
79440
79456
79472
79488
79650
79666
79681
79696
79711
79727
79742
79758
79774
79790
79991
80006
80021
80036
80052
80068
80083
80100
80116
80132
80303
80318
80333
80349
80365
80382
80398
80414
80431
80447
80618
80633
80648
80663
80678
80694
80709
80725
80741
80757
80928
80943
80958
80973
80989
81005
81020
81036
81052
81068
81239
81254
81269
81284
81299
81315
81330
81346
81362
81378
81549
81564
81579
81594
81609
81625
81640
81656
81672
81688
81850
81865
81880
81895
81910
81926
81942
81958
81974
81990
82152
82167
82182
82197
82212
82228
82243
82259
82275
82291
82453
82468
82483
82498
82513
82529
82544
82560
82576
82592
82793
82809
82824
82840
82856
82872
82888
82905
82922
82938
83109
83124
83139
83154
83170
83186
83201
83217
83233
83249
83420
83435
83450
83465
83480
83496
83511
83528
83544
83560
83731
83746
83761
83776
83791
83806
83821
83837
83853
83869
84040
84055
84070
84085
84101
84117
84132
84148
84164
84180
84351
84366
84381
84396
84412
84428
84443
84459
84475
84491
84662
84677
84692
84707
84722
84737
84752
84768
84784
84800
84962
84977
84992
85007
85022
85038
85053
85069
85085
85101
85263
85278
85293
85308
85324
85340
85355
85371
85387
85403
85565
85580
85595
85610
85625
85641
85656
85672
85688
85704
85905
85920
85935
85950
85965
85981
85996
86012
86028
86044
86215
86230
86245
86260
86275
86291
86306
86322
86338
86354
86525
86540
86555
86570
86585
86600
86615
86631
86647
86663
86834
86849
86864
86879
86894
86910
86925
86941
86957
86973
87135
87150
87165
87180
87195
87211
87226
87242
87258
87274
87436
87451
87466
87482
87498
87515
87531
87548
87565
87581
87743
87758
87773
87788
87803
87819
87834
87850
87866
87882
88044
88059
88074
88089
88105
88121
88136
88152
88168
88184
88346
88361
88375
88390
88405
88420
88435
88451
88467
88482
88681
88696
88710
88725
88740
88755
88770
88786
88802
88818
88988
89003
89018
89033
89048
89063
89078
89094
89110
89126
89297
89312
89326
89341
89356
89371
89386
89402
89418
89433
89603
89618
89633
89648
89663
89679
89694
89710
89726
89742
89913
89928
89942
89957
89972
89988
90003
90019
90035
90050
90221
90236
90250
90265
90280
90295
90310
90326
90342
90357
90527
90542
90556
90571
90586
90601
90616
90632
90648
90664
90835
90850
90865
90880
90895
90911
90926
90942
90958
90974
91145
91160
91175
91190
91205
91220
91235
91251
91267
91283
91454
91469
91483
91498
91513
91528
91543
91559
91574
91589
91750
91765
91780
91795
91810
91826
91841
91857
91873
91888
92050
92065
92079
92094
92109
92124
92139
92155
92171
92186
92347
92362
92376
92391
92406
92421
92436
92452
92468
92483
92645
92660
92674
92689
92704
92719
92734
92750
92766
92782
92943
92958
92973
92988
93003
93019
93034
93050
93066
93082
93244
93259
93273
93288
93303
93318
93333
93349
93365
93381
93543
93558
93572
93587
93602
93617
93632
93648
93664
93679
93840
93855
93869
93884
93899
93914
93929
93945
93961
93976
94137
94152
94166
94181
94196
94211
94226
94242
94258
94274
94435
94450
94464
94479
94494
94509
94524
94540
94556
94571
94732
94747
94761
94776
94791
94806
94821
94837
94853
94869
95031
95046
95060
95075
95090
95105
95120
95136
95152
95167
95328
95343
95357
95372
95387
95402
95417
95433
95449
95464
95625
95640
95654
95669
95684
95699
95714
95730
95746
95762
95923
95938
95952
95967
95982
95997
96012
96028
96044
96060
96222
96237
96251
96266
96281
96296
96311
96327
96343
96359
96521
96536
96550
96565
96580
96595
96610
96626
96642
96658
96820
96835
96849
96864
96879
96894
96909
96925
96941
96957
97118
97133
97147
97162
97177
97192
97207
97223
97239
97254
97415
97430
97445
97460
97475
97491
97506
97522
97538
97554
97755
97770
97784
97799
97814
97829
97844
97860
97876
97892
98079
98094
98109
98124
98139
98155
98170
98186
98202
98217
98379
98394
98409
98424
98440
98456
98471
98487
98503
98519
98681
98696
98711
98726
98741
98756
98771
98787
98803
98818
98980
98995
99009
99024
99039
99054
99069
99085
99101
99116
99278
99293
99308
99323
99338
99354
99369
99385
99401
99417
99579
99594
99609
99624
99639
99654
99669
99685
99700
99716
99877
99892
99907
99922
99938
99954
99969
99985
100001
100017
100204
100219
100233
100248
100263
100278
100293
100309
100325
100340
100501
100516
100531
100546
100561
100576
100591
100607
100623
100639
100801
100816
100831
100846
100861
100876
100891
100907
100923
100939
101101
101116
101131
101146
101161
101177
101192
101208
101224
101240
101402
101417
101431
101446
101461
101476
101491
101507
101523
101538
101699
101714
101729
101744
101759
101775
101790
101806
101822
101838
102000
102015
102029
102044
102059
102074
102089
102105
102121
102137
102299
102314
102329
102344
102359
102375
102390
102406
102422
102438
102639
102654
102668
102683
102698
102713
102728
102744
102760
102776
102977
102993
103008
103024
103040
103056
103072
103089
103106
103122
103293
103309
103324
103339
103354
103370
103386
103402
103419
103435
103597
103613
103628
103644
103660
103677
103693
103710
103727
103743
103905
103920
103935
103950
103965
103981
103996
104012
104028
104044
104206
104222
104237
104252
104268
104284
104300
104317
104333
104349
104550
104565
104580
104595
104610
104626
104641
104657
104673
104689
104860
104875
104890
104905
104920
104936
104951
104967
104983
104999
105200
105214
105228
105243
105258
105273
105288
105303
105319
105335
105505
105520
105535
105550
105565
105581
105596
105612
105628
105644
105815
105830
105845
105860
105875
105891
105906
105922
105938
105954
106125
106140
106155
106170
106185
106201
106216
106232
106248
106264
106435
106450
106465
106480
106495
106511
106526
106542
106558
106574
106736
106751
106765
106780
106795
106810
106825
106841
106857
106873
107035
107050
107064
107079
107094
107109
107124
107140
107155
107170
107370
107386
107401
107417
107433
107449
107465
107482
107499
107515
107686
107702
107717
107733
107749
107766
107782
107799
107816
107832
108033
108048
108063
108079
108095
108111
108127
108143
108160
108176
108347
108362
108377
108392
108408
108424
108440
108456
108472
108488
108659
108674
108689
108704
108719
108735
108750
108766
108782
108798
108969
108985
109000
109016
109032
109049
109065
109082
109099
109115
109286
109302
109317
109333
109349
109366
109382
109399
109416
109432
109594
109609
109624
109639
109654
109669
109684
109700
109716
109732
109894
109909
109924
109939
109954
109970
109985
110001
110017
110033
110194
110210
110225
110240
110256
110272
110288
110305
110322
110338
110500
110516
110531
110547
110563
110580
110596
110613
110630
110646
110847
110862
110877
110892
110908
110924
110939
110955
110971
110987
111149
111164
111178
111193
111208
111223
111238
111254
111270
111285
111446
111462
111477
111492
111508
111524
111540
111557
111573
111589
111751
111766
111781
111796
111811
111827
111842
111858
111874
111890
112052
112067
112082
112097
112113
112129
112144
112160
112176
112192
112354
112369
112384
112399
112414
112430
112445
112461
112477
112493
112694
112709
112724
112740
112756
112772
112788
112804
112821
112837
113008
113023
113038
113053
113076
113092
113108
113124
113286
113301
113316
113332
113348
113364
113380
113397
113414
113430
113622
113637
113652
113667
113683
113699
113714
113730
113746
113762
113924
113939
113954
113969
113984
114000
114015
114031
114047
114063
114225
114241
114256
114272
114288
114304
114320
114337
114354
114370
114532
114547
114562
114577
114593
114609
114625
114641
114657
114673
114835
114850
114865
114880
114896
114912
114927
114944
114960
114976
115138
115153
115167
115182
115197
115212
115227
115243
115259
115274
115435
115450
115465
115481
115496
115512
115528
115544
115561
115577
115739
115754
115769
115785
115801
115817
115833
115850
115867
115883
116054
116070
116085
116100
116116
116132
116147
116164
116180
116196
116358
116373
116388
116403
116418
116434
116449
116465
116481
116497
116668
116683
116698
116713
116728
116743
116758
116774
116790
116806
116968
116983
116998
117014
117030
117046
117062
117079
117096
117112
117274
117289
117304
117319
117334
117350
117365
117381
117397
117413
117575
117590
117604
117619
117634
117649
117664
117680
117696
117711
117881
117896
117911
117926
117942
117958
117973
117989
118005
118021
118183
118198
118213
118228
118243
118258
118273
118289
118305
118321
118483
118498
118513
118528
118543
118559
118574
118590
118606
118622
118784
118799
118814
118829
118844
118860
118875
118891
118907
118923
119085
119100
119115
119130
119145
119161
119176
119192
119208
119224
119386
119402
119417
119432
119448
119464
119479
119496
119512
119528
119690
119704
119718
119733
119748
119763
119778
119794
119810
119826
119987
120002
120017
120032
120048
120064
120079
120095
120111
120127
120298
120313
120327
120342
120357
120372
120387
120403
120419
120434
120604
120619
120634
120649
120664
120679
120694
120710
120726
120742
120944
120959
120974
120989
121004
121020
121035
121051
121067
121083
121255
121270
121285
121300
121316
121332
121347
121363
121379
121395
121567
121582
121597
121612
121627
121643
121659
121675
121692
121708
121880
121896
121911
121926
121942
121958
121974
121991
122007
122023
122224
122239
122254
122270
122285
122301
122317
122333
122350
122366
122537
122552
122566
122581
122596
122611
122626
122642
122658
122674
122845
122860
122875
122890
122905
122920
122935
122951
122967
122983
123175
123190
123205
123220
123235
123251
123266
123282
123298
123314
123476
123491
123506
123521
123536
123551
123566
123582
123598
123614
123776
123792
123807
123823
123839
123855
123871
123888
123905
123921
124092
124107
124122
124137
124152
124168
124183
124199
124215
124231
124402
124417
124432
124447
124463
124479
124494
124511
124527
124543
124705
124720
124735
124750
124765
124780
124795
124811
124827
124843
125005
125020
125035
125050
125066
125082
125098
125114
125130
125146
125317
125332
125347
125362
125377
125393
125408
125424
125440
125456
125618
125633
125648
125663
125678
125694
125709
125725
125741
125757
125919
125934
125949
125964
125979
125995
126010
126026
126042
126058
126229
126244
126258
126273
126288
126303
126318
126334
126350
126366
126527
126542
126556
126571
126586
126601
126616
126632
126648
126664
126835
126850
126864
126879
126894
126909
126924
126940
126956
126971
127133
127148
127163
127178
127193
127209
127225
127241
127257
127273
127444
127459
127473
127488
127503
127518
127533
127549
127565
127580
127750
127765
127779
127794
127809
127824
127839
127855
127871
127887
128087
128102
128117
128136
128151
128166
128182
128198
128214
128415
128431
128446
128461
128477
128493
128509
128526
128542
128558
128729
128744
128759
128774
128789
128805
128821
128837
128853
128869
129040
129055
129070
129085
129100
129116
129132
129148
129164
129180
129351
129366
129381
129396
129411
129427
129442
129458
129474
129490
129661
129676
129691
129706
129721
129736
129751
129767
129783
129799
129970
129985
130000
130015
130030
130046
130061
130077
130093
130109
130280
130296
130311
130327
130343
130359
130375
130392
130409
130425
130626
130641
130656
130671
130686
130702
130717
130733
130749
130765
130936
130952
130967
130983
130999
131016
131032
131049
131066
131082
131253
131268
131283
131298
131313
131329
131344
131360
131376
131391
131562
131577
131592
131607
131622
131638
131653
131669
131685
131700
131871
131886
131900
131915
131930
131945
131960
131976
131992
132007
132168
132183
132198
132213
132228
132243
132258
132274
132290
132306
132507
132522
132537
132552
132567
132583
132599
132615
132632
132648
132819
132834
132849
132864
132879
132895
132911
132927
132944
132960
133131
133146
133160
133179
133195
133210
133226
133242
133258
133420
133434
133448
133463
133478
133493
133508
133524
133540
133555
133717
133732
133747
133762
133777
133792
133807
133823
133839
133854
134055
134070
134084
134099
134114
134129
134144
134160
134176
134191
134361
134376
134391
134406
134421
134437
134452
134468
134484
134500
134671
134686
134701
134716
134731
134747
134762
134778
134794
134810
134981
134996
135010
135025
135040
135056
135071
135087
135103
135119
135289
135304
135318
135333
135348
135363
135378
135394
135410
135426
135596
135611
135625
135640
135655
135670
135685
135701
135717
135733
135903
135918
135933
135948
135964
135980
135995
136011
136027
136043
136244
136259
136273
136288
136303
136318
136333
136349
136365
136380
136550
136565
136579
136594
136609
136624
136639
136655
136671
136687
136858
136873
136888
136903
136918
136934
136949
136965
136981
136997
137168
137183
137198
137213
137228
137244
137260
137276
137292
137308
137479
137494
137509
137524
137540
137556
137571
137587
137603
137619
137790
137805
137819
137834
137849
137864
137879
137895
137911
137927
138098
138113
138128
138143
138158
138174
138189
138205
138221
138237
138408
138423
138438
138453
138468
138483
138498
138514
138530
138546
138747
138762
138777
138792
138807
138822
138837
138853
138869
138885
139056
139071
139085
139100
139115
139130
139145
139161
139177
139192
139353
139368
139383
139398
139413
139429
139444
139460
139476
139492
139654
139669
139684
139699
139714
139729
139744
139760
139776
139792
139993
140008
140023
140038
140053
140069
140084
140100
140116
140132
140303
140318
140332
140347
140362
140377
140392
140408
140424
140439
140609
140624
140638
140653
140668
140683
140698
140714
140730
140745
140916
140931
140945
140960
140975
140990
141005
141021
141037
141053
141224
141239
141254
141269
141284
141300
141315
141331
141347
141363
141534
141549
141564
141579
141594
141610
141625
141641
141657
141673
141844
141859
141874
141889
141904
141919
141934
141950
141966
141982
142183
142198
142213
142228
142243
142258
142273
142289
142305
142321
142492
142507
142522
142537
142552
142568
142583
142599
142615
142631
142802
142817
142832
142847
142862
142877
142892
142908
142924
142940
143111
143126
143141
143156
143171
143187
143202
143218
143234
143250
143421
143436
143450
143465
143480
143495
143510
143526
143542
143557
143728
143743
143758
143773
143788
143804
143819
143835
143851
143867
144068
144084
144099
144115
144131
144147
144163
144180
144197
144213
144384
144399
144414
144429
144444
144460
144476
144492
144508
144524
144695
144710
144725
144740
144755
144771
144786
144802
144818
144834
144996
145011
145025
145040
145055
145070
145085
145101
145117
145133
145294
145309
145324
145339
145354
145370
145385
145401
145417
145433
145634
145649
145664
145679
145694
145710
145725
145741
145757
145773
145944
145959
145973
145988
146003
146018
146033
146049
146065
146081
146242
146257
146272
146287
146302
146317
146332
146348
146364
146380
146581
146596
146611
146626
146642
146658
146674
146690
146706
146722
146893
146909
146924
146940
146956
146973
146989
147006
147023
147039
147210
147225
147240
147255
147271
147287
147303
147319
147335
147351
147522
147538
147553
147569
147585
147602
147618
147635
147652
147668
147869
147884
147899
147914
147930
147946
147961
147977
147993
148009
148180
148195
148210
148225
148240
148256
148271
148287
148303
148319
148490
148505
148520
148535
148551
148567
148583
148599
148615
148631
148802
148817
148832
148847
148863
148879
148895
148911
148928
148944
149115
149130
149145
149160
149175
149191
149206
149222
149238
149254
149416
149431
149446
149462
149477
149493
149509
149525
149542
149558
149720
149735
149750
149766
149781
149797
149813
149829
149846
149862
150063
150079
150094
150110
150126
150143
150159
150176
150193
150209
150380
150396
150411
150427
150443
150459
150475
150492
150509
150525
150696
150712
150727
150742
150758
150774
150790
150807
150823
150839
151010
151026
151041
151057
151073
151089
151105
151122
151139
151155
151326
151341
151356
151371
151386
151401
151416
151432
151448
151464
151665
151680
151695
151710
151726
151742
151757
151773
151789
151805
151976
151991
152006
152021
152037
152053
152069
152086
152103
152119
152290
152306
152321
152336
152352
152368
152383
152400
152416
152432
152603
152618
152633
152648
152663
152679
152694
152710
152726
152742
152913
152928
152943
152958
152974
152990
153006
153022
153038
153054
153255
153270
153285
153300
153315
153330
153345
153361
153377
153393
153564
153579
153594
153609
153624
153640
153656
153672
153688
153704
153875
153891
153906
153921
153937
153953
153969
153986
154003
154019
154190
154205
154220
154235
154250
154266
154281
154297
154313
154329
154500
154515
154529
154544
154559
154574
154589
154605
154621
154637
154838
154853
154868
154883
154898
154914
154929
154945
154961
154977
155148
155163
155178
155193
155208
155223
155238
155254
155270
155286
155457
155473
155488
155503
155519
155535
155551
155568
155584
155600
155771
155786
155801
155816
155832
155848
155863
155879
155895
155911
156082
156097
156112
156127
156143
156159
156174
156190
156206
156222
156393
156408
156423
156439
156454
156470
156486
156502
156519
156535
156706
156721
156736
156751
156767
156783
156798
156814
156830
156846
157047
157062
157077
157092
157108
157124
157139
157155
157171
157187
157358
157373
157388
157403
157419
157435
157450
157466
157482
157498
157668
157684
157699
157714
157730
157746
157762
157779
157795
157811
158012
158027
158041
158056
158071
158086
158101
158117
158133
158148
158318
158333
158348
158363
158378
158394
158409
158425
158441
158457
158628
158643
158658
158673
158689
158705
158721
158738
158755
158771
158972
158987
159002
159017
159033
159049
159065
159081
159097
159113
159313
159328
159342
159357
159372
159387
159402
159418
159433
159448
159618
159633
159648
159663
159678
159694
159709
159725
159741
159757
159928
159942
159956
159970
159985
160000
160015
160030
160045
160060
160230
160244
160258
160273
160288
160303
160318
160334
160350
160365
160535
160550
160565
160580
160595
160610
160625
160641
160657
160673
160835
160850
160865
160881
160897
160913
160929
160945
160962
160978
161140
161155
161170
161185
161200
161216
161231
161247
161263
161279
161441
161456
161471
161486
161501
161516
161531
161547
161563
161579
161741
161757
161772
161787
161803
161819
161834
161851
161867
161883
162045
162060
162075
162090
162106
162122
162137
162153
162169
162185
162347
162362
162376
162390
162405
162420
162435
162451
162467
162482
162643
162658
162672
162687
162702
162717
162732
162748
162764
162779
162940
162955
162969
162984
162999
163014
163029
163045
163061
163076
163237
163252
163266
163281
163296
163311
163326
163341
163357
163373
163534
163549
163564
163579
163594
163610
163625
163641
163657
163673
163835
163850
163864
163879
163894
163909
163924
163940
163956
163971
164132
164147
164162
164177
164192
164207
164222
164238
164254
164270
164432
164447
164462
164477
164493
164509
164524
164540
164557
164573
164735
164750
164765
164781
164796
164812
164828
164844
164861
164877
165048
165063
165078
165093
165108
165124
165140
165156
165172
165188
165350
165365
165379
165394
165409
165425
165440
165456
165472
165488
165689
165704
165719
165734
165749
165765
165780
165796
165812
165828
165999
166014
166029
166044
166059
166074
166089
166105
166121
166137
166308
166323
166337
166352
166367
166382
166397
166413
166429
166445
166615
166630
166644
166659
166674
166689
166703
166719
166735
166750
166920
166935
166950
166965
166980
166995
167010
167026
167042
167058
167229
167244
167259
167274
167290
167306
167321
167337
167353
167369
167540
167555
167570
167585
167600
167616
167631
167647
167663
167679
167850
167865
167880
167895
167910
167926
167941
167957
167973
167989
168160
168175
168190
168205
168221
168237
168252
168268
168284
168300
168462
168477
168491
168506
168521
168536
168551
168567
168583
168598
168759
168774
168788
168803
168818
168833
168848
168864
168880
168895
169057
169072
169087
169103
169119
169135
169151
169167
169184
169200
169362
169377
169392
169407
169422
169438
169453
169469
169485
169501
169663
169678
169693
169708
169723
169739
169754
169770
169786
169802
169964
169979
169994
170009
170024
170040
170055
170071
170087
170103
170265
170280
170295
170310
170325
170341
170356
170372
170388
170404
170566
170581
170595
170610
170625
170640
170655
170670
170686
170701
170862
170878
170893
170909
170925
170942
170958
170975
170992
171008
171209
171224
171239
171254
171269
171285
171300
171316
171332
171348
171549
171564
171579
171594
171609
171625
171640
171656
171673
171689
171860
171875
171890
171906
171922
171938
171954
171970
171987
172003
172174
172189
172204
172219
172234
172250
172265
172281
172297
172313
172484
172500
172515
172531
172547
172563
172579
172596
172613
172629
172800
172815
172830
172845
172861
172877
172892
172909
172925
172941
173112
173128
173143
173158
173174
173190
173205
173222
173238
173254
173425
173440
173455
173470
173486
173502
173517
173533
173549
173565
173736
173751
173766
173781
173796
173812
173828
173844
173860
173876
174077
174093
174108
174124
174140
174157
174173
174190
174207
174223
174394
174410
174425
174441
174457
174474
174490
174507
174524
174540
174727
174742
174757
174772
174787
174803
174818
174834
174850
174866
175067
175082
175097
175112
175127
175143
175158
175174
175190
175206
175377
175393
175408
175423
175439
175455
175470
175486
175503
175519
175690
175705
175720
175735
175750
175766
175782
175798
175815
175831
176002
176017
176032
176047
176063
176079
176095
176112
176128
176144
176315
176330
176345
176364
176380
176395
176411
176428
176444
176645
176660
176675
176690
176705
176721
176736
176752
176768
176784
176955
176970
176984
176999
177014
177029
177044
177060
177076
177092
177263
177278
177292
177307
177322
177337
177352
177368
177384
177399
177599
177614
177629
177644
177660
177676
177692
177709
177726
177742
177913
177929
177944
177960
177976
177993
178009
178026
178043
178059
178230
178246
178261
178276
178292
178308
178323
178340
178357
178373
178544
178560
178575
178591
178607
178623
178639
178656
178673
178689
178860
178875
178890
178906
178922
178938
178954
178970
178987
179003
179174
179189
179204
179219
179235
179251
179266
179283
179299
179315
179486
179502
179517
179533
179549
179566
179582
179599
179616
179632
179803
179818
179833
179848
179863
179879
179895
179911
179928
179944
180144
180159
180174
180189
180204
180220
180235
180251
180267
180283
180454
180469
180484
180499
180515
180531
180547
180563
180580
180596
180767
180782
180797
180812
180827
180843
180858
180874
180890
180906
181107
181122
181137
181152
181167
181183
181198
181214
181230
181246
181417
181432
181447
181462
181477
181493
181509
181525
181541
181557
181728
181743
181758
181773
181788
181804
181819
181835
181851
181867
182038
182053
182068
182083
182099
182115
182131
182148
182165
182181
182352
182368
182383
182398
182414
182430
182445
182462
182479
182495
182696
182711
182726
182741
182757
182773
182788
182804
182820
182836
183007
183022
183037
183052
183068
183084
183099
183115
183131
183147
183318
183333
183348
183363
183379
183395
183411
183427
183443
183459
183630
183645
183660
183675
183690
183706
183721
183737
183753
183769
183940
183955
183970
183985
184000
184015
184030
184046
184062
184078
184249
184264
184279
184294
184310
184326
184341
184357
184373
184389
184560
184575
184590
184605
184620
184636
184651
184667
184683
184699
184900
184915
184930
184945
184961
184977
184993
185010
185026
185042
185213
185228
185243
185258
185274
185290
185306
185322
185338
185354
185525
185540
185555
185570
185585
185601
185617
185634
185650
185666
185837
185852
185867
185882
185897
185913
185928
185944
185960
185976
186147
186163
186178
186193
186209
186225
186240
186257
186273
186289
186460
186475
186490
186505
186520
186536
186551
186567
186583
186599
186770
186785
186800
186815
186830
186846
186861
186877
186893
186909
187110
187126
187141
187157
187173
187190
187206
187223
187240
187256
187427
187443
187458
187473
187489
187505
187520
187537
187553
187569
187740
187756
187771
187786
187802
187818
187834
187851
187867
187883
188045
188060
188075
188090
188105
188121
188136
188152
188168
188184
188385
188400
188415
188431
188446
188462
188478
188494
188510
188526
188697
188712
188727
188742
188757
188773
188788
188804
188820
188836
189037
189052
189067
189083
189098
189114
189130
189146
189163
189179
189350
189366
189381
189397
189413
189430
189446
189463
189480
189497
189669
189684
189699
189714
189730
189746
189762
189778
189794
189810
189981
189997
190012
190028
190044
190061
190077
190094
190112
190128
190299
190314
190329
190344
190360
190376
190391
190408
190424
190440
190611
190627
190642
190657
190673
190689
190705
190722
190738
190754
190925
190940
190954
190969
190984
191000
191015
191031
191047
191063
191234
191250
191265
191280
191296
191312
191328
191345
191361
191377
191578
191593
191608
191623
191639
191655
191671
191688
191704
191720
191891
191906
191921
191936
191951
191967
191982
191998
192014
192030
192201
192216
192231
192246
192262
192278
192294
192310
192326
192342
192513
192528
192543
192558
192573
192589
192605
192621
192638
192654
192825
192840
192855
192870
192886
192902
192918
192934
192950
192966
193167
193181
193195
193209
193224
193239
193254
193270
193286
193301
193471
193486
193501
193516
193531
193547
193562
193578
193594
193610
193781
193796
193810
193824
193839
193854
193869
193885
193901
193916
194086
194101
194115
194130
194145
194160
194175
194191
194207
194223
194393
194408
194422
194437
194452
194467
194482
194498
194514
194530
194701
194715
194729
194744
194759
194774
194789
194804
194820
194836
195036
195051
195065
195080
195095
195110
195125
195141
195157
195172
195342
195357
195372
195387
195402
195418
195433
195449
195465
195481
195651
195666
195680
195695
195710
195725
195740
195756
195772
195788
195958
195973
195988
196003
196018
196033
196048
196064
196080
196096
196296
196311
196325
196340
196355
196370
196385
196401
196417
196433
196603
196618
196633
196648
196663
196679
196694
196710
196726
196742
196913
196928
196943
196958
196973
196989
197004
197020
197036
197052
197223
197238
197252
197267
197282
197297
197312
197328
197344
197360
197530
197544
197558
197572
197587
197602
197617
197633
197649
197665
197835
197850
197864
197879
197894
197909
197924
197940
197956
197971
198141
198156
198170
198184
198199
198214
198229
198245
198261
198276
198446
198460
198474
198488
198503
198518
198533
198549
198565
198580
198741
198756
198771
198786
198801
198817
198832
198848
198864
198880
199042
199057
199072
199087
199102
199117
199132
199148
199164
199180
199342
199357
199371
199386
199401
199416
199431
199447
199462
199477
199638
199652
199666
199681
199696
199711
199726
199742
199758
199773
199934
199949
199963
199978
199993
200008
200023
200039
200055
200070
200231
200246
200260
200275
200290
200305
200320
200336
200352
200368
200530
200545
200559
200574
200589
200604
200619
200635
200651
200666
200827
200842
200856
200870
200885
200900
200915
200931
200947
200962
201123
201138
201152
201167
201182
201198
201213
201229
201245
201261
201423
201438
201452
201467
201482
201497
201512
201528
201544
201559
201729
201744
201758
201773
201788
201803
201818
201834
201850
201865
202026
202041
202056
202071
202086
202101
202116
202132
202148
202164
202326
202341
202355
202369
202384
202399
202414
202430
202445
202460
202621
202636
202650
202665
202680
202695
202710
202726
202742
202757
202918
202933
202947
202962
202977
202992
203007
203023
203039
203054
203215
203230
203244
203259
203274
203289
203304
203320
203336
203351
203512
203526
203540
203555
203570
203585
203600
203616
203632
203647
203808
203823
203837
203852
203867
203882
203897
203913
203929
203945
204106
204121
204136
204151
204166
204181
204196
204212
204228
204244
204406
204421
204435
204450
204465
204480
204495
204511
204527
204543
204743
204757
204771
204786
204801
204816
204831
204847
204863
204878
205078
205093
205108
205123
205139
205155
205170
205186
205202
205218
205389
205404
205419
205434
205449
205464
205479
205495
205511
205527
205698
205713
205728
205743
205758
205774
205789
205805
205821
205837
206038
206054
206069
206084
206100
206117
206133
206150
206167
206183
206354
206369
206384
206399
206414
206430
206445
206461
206477
206493
206664
206680
206695
206710
206726
206742
206758
206775
206791
206807
207008
207023
207038
207053
207068
207084
207099
207115
207131
207147
207318
207333
207348
207364
207380
207396
207412
207429
207446
207462
207633
207648
207663
207678
207694
207710
207726
207742
207758
207774
207945
207960
207974
207989
208004
208020
208035
208051
208067
208083
208254
208269
208284
208299
208314
208330
208345
208361
208377
208393
208594
208609
208624
208639
208654
208670
208685
208701
208717
208733
208904
208919
208934
208949
208965
208981
208996
209012
209028
209044
209215
209230
209245
209260
209276
209292
209307
209323
209339
209355
209526
209541
209556
209571
209586
209602
209617
209633
209649
209665
209836
209852
209867
209883
209899
209916
209932
209949
209966
209982
210153
210168
210183
210199
210215
210231
210247
210263
210280
210296
210467
210483
210498
210514
210530
210547
210563
210580
210597
210613
210814
210828
210842
210857
210872
210891
210907
210923
210938
211108
211123
211138
211153
211168
211183
211198
211214
211230
211246
211417
211432
211446
211460
211475
211490
211505
211521
211537
211552
211722
211737
211752
211767
211782
211798
211814
211830
211846
211862
212063
212078
212092
212107
212122
212137
212152
212168
212184
212199
212369
212384
212399
212414
212429
212445
212460
212476
212492
212508
212679
212694
212709
212724
212739
212755
212770
212786
212802
212818
212989
213004
213019
213034
213049
213065
213080
213096
213112
213128
213299
213314
213329
213344
213359
213375
213390
213406
213422
213438
213609
213624
213638
213653
213668
213683
213698
213714
213730
213746
213947
213962
213977
213992
214007
214023
214039
214055
214071
214087
214288
214304
214319
214335
214351
214368
214384
214401
214418
214434
214605
214620
214634
214649
214664
214679
214694
214710
214726
214742
214904
214920
214935
214951
214967
214984
215000
215017
215034
215050
215212
215227
215241
215256
215271
215287
215302
215318
215334
215350
215551
215566
215581
215596
215612
215628
215644
215660
215676
215692
215863
215878
215893
215908
215924
215940
215955
215971
215987
216003
216174
216189
216204
216219
216235
216251
216266
216282
216298
216314
216515
216530
216545
216560
216575
216591
216606
216622
216638
216654
216825
216840
216855
216871
216887
216903
216919
216936
216953
216969
217140
217156
217171
217187
217203
217220
217236
217253
217270
217286
217457
217472
217487
217502
217518
217534
217550
217566
217582
217598
217785
217800
217815
217830
217846
217862
217878
217894
217910
217926
218088
218104
218119
218135
218151
218168
218184
218201
218218
218234
218396
218411
218426
218441
218456
218472
218488
218504
218520
218536
218698
218714
218729
218744
218760
218776
218791
218808
218824
218840
219002
219018
219033
219048
219064
219080
219096
219113
219130
219146
219308
219324
219339
219355
219371
219387
219403
219420
219437
219453
219615
219630
219645
219660
219675
219691
219706
219722
219738
219754
219916
219931
219946
219961
219977
219993
220009
220025
220041
220057
220219
220234
220249
220264
220279
220295
220311
220327
220343
220359
220560
220575
220590
220605
220621
220637
220653
220669
220685
220701
220872
220887
220902
220917
220933
220949
220964
220980
220996
221012
221183
221199
221214
221229
221245
221261
221277
221293
221310
221326
221497
221512
221527
221542
221557
221573
221588
221604
221621
221637
221808
221824
221839
221855
221871
221887
221903
221920
221937
221953
222124
222139
222154
222169
222184
222200
222215
222231
222247
222263
222434
222449
222464
222479
222494
222510
222526
222542
222558
222574
222745
222760
222775
222790
222805
222821
222836
222852
222868
222884
223055
223071
223086
223102
223118
223135
223151
223168
223185
223201
223372
223387
223402
223417
223432
223448
223464
223480
223496
223512
223683
223698
223713
223728
223744
223760
223776
223792
223808
223824
224025
224040
224055
224070
224085
224100
224115
224131
224147
224163
224334
224349
224364
224379
224394
224410
224425
224441
224457
224473
224644
224659
224673
224688
224703
224719
224734
224750
224766
224782
224983
224999
225014
225030
225046
225066
225082
225099
225115
225286
225301
225316
225331
225346
225362
225377
225393
225409
225425
225596
225611
225626
225641
225656
225672
225687
225703
225719
225735
225906
225921
225936
225951
225966
225982
225997
226013
226029
226045
226216
226231
226246
226261
226276
226292
226307
226323
226339
226355
