2.64
3.35
2.74
1.47
1.34
1.50
1.909
1.97
1.93
1.952
2.70
3.30
2.70
1.48
1.35
1.48
1.94
1.94
1.66
2.34
2.76
3.125
2.78
1.46
1.38
1.47
1.93
1.952
1.49
2.78
2.66
3.45
2.66
1.49
1.333
1.49
1.94
1.94
1.952
1.93
2.62
3.60
2.62
1.51
1.30
1.51
1.94
1.94
2.34
1.66
2.58
3.50
2.72
1.48
1.32
1.52
1.89
1.99
2.375
1.64
2.60
3.40
2.75
1.47
1.333
1.51
1.89
1.99
2.08
1.82
2.68
3.40
2.68
1.49
1.333
1.49
1.94
1.94
1.84
2.05
2.20
3.35
3.30
1.32
1.31
1.65
1.59
2.40
2.48
1.55
1.35
5.00
8.50
1.06
1.166
3.125
1.99
1.833
1.91
1.91
2.44
3.30
2.90
1.40
1.32
1.533
1.76
2.08
2.375
1.60
3.00
3.35
2.35
1.571
1.31
1.37
2.18
1.70
2.80
1.45
2.45
3.35
2.84
1.41
1.31
1.533
1.78
2.06
2.48
1.55
2.30
3.30
3.125
1.35
1.32
1.59
1.66
2.25
2.70
1.48
2.15
3.40
3.35
1.31
1.30
1.68
1.571
2.44
2.18
1.70
1.222
8.00
14.00
1.04
1.111
4.70
2.15
1.833
2.92
1.50
2.25
3.40
3.60
1.333
1.363
1.70
1.61
2.58
1.94
2.02
5.20
3.80
1.79
2.12
1.30
1.19
1.666
2.44
1.92
2.04
6.30
4.00
1.65
2.35
1.285
1.153
1.833
2.15
1.96
2.00
1.45
4.75
8.70
1.09
1.222
2.92
1.76
2.26
2.24
1.78
2.20
3.40
3.75
1.31
1.363
1.74
1.571
2.68
1.92
2.04
2.45
3.40
3.20
1.39
1.363
1.61
1.75
2.28
1.80
2.20
3.50
3.50
2.25
1.70
1.34
1.34
2.52
1.63
1.94
2.02
1.93
3.60
4.55
1.23
1.333
1.952
1.41
3.35
1.89
2.08
3.65
3.50
2.20
1.74
1.34
1.32
2.625
1.59
1.94
2.02
2.55
3.25
3.20
1.39
1.38
1.571
1.78
2.24
1.91
2.05
1.85
3.65
5.00
1.21
1.32
2.04
1.35
3.70
1.96
2.00
2.70
3.30
2.92
1.45
1.37
1.51
1.909
2.06
1.89
2.08
5.30
3.70
1.80
2.10
1.32
1.19
1.66
2.45
2.20
1.80
3.20
3.40
2.45
1.61
1.363
1.39
2.28
1.75
1.96
2.00
1.38
5.30
9.80
1.075
1.19
3.25
2.14
1.85
2.30
1.74
1.66
3.90
6.40
1.143
1.30
2.34
2.18
1.82
2.00
1.96
1.26
6.70
14.00
1.04
1.133
4.20
1.79
2.22
2.26
1.76
1.31
5.90
12.00
1.055
1.166
3.75
1.94
2.02
2.18
1.81
2.16
3.55
3.70
1.32
1.333
1.76
1.571
2.68
2.26
1.76
3.50
3.35
2.32
1.666
1.363
1.34
2.48
1.65
2.10
1.87
6.60
4.00
1.63
2.40
1.285
1.143
1.87
2.10
2.32
1.727
1.285
6.20
13.00
1.05
1.153
3.95
1.85
2.14
2.40
1.69
1.74
3.65
6.00
1.166
1.32
2.20
2.35
1.71
1.84
2.14
1.833
3.65
5.10
1.20
1.32
2.06
1.35
3.70
1.952
2.02
3.00
3.25
2.68
1.52
1.38
1.43
2.10
1.87
1.94
2.02
4.00
3.50
2.08
1.82
1.34
1.285
1.48
2.98
2.25
1.77
2.06
3.30
4.40
1.25
1.37
1.833
3.05
1.47
1.74
2.30
4.45
3.70
1.92
1.96
1.32
1.24
3.25
1.42
1.96
2.00
1.69
3.75
6.40
1.143
1.31
2.28
2.25
1.77
2.06
1.909
2.25
3.35
3.55
1.333
1.363
1.70
1.61
2.54
1.90
2.05
2.40
3.45
3.125
1.41
1.35
1.63
1.74
2.26
1.909
2.04
2.55
3.45
2.90
1.46
1.35
1.571
1.85
2.10
1.97
1.97
2.38
3.40
3.20
1.39
1.363
1.64
1.72
2.30
1.90
2.05
1.63
3.90
6.40
1.143
1.30
2.40
2.12
1.833
1.97
1.97
2.30
3.50
3.30
1.37
1.34
1.68
1.666
2.40
2.02
1.92
3.10
3.40
2.45
1.61
1.363
1.41
2.24
1.76
1.87
2.08
1.615
3.90
6.70
1.133
1.30
2.42
2.02
1.93
2.08
1.87
1.68
3.80
6.00
1.166
1.30
2.30
2.24
1.76
2.22
1.77
2.00
3.60
4.05
1.285
1.333
1.88
1.47
2.98
1.94
2.00
1.88
3.60
4.60
1.23
1.333
2.00
2.64
1.571
1.952
1.99
2.10
3.40
3.90
1.30
1.363
1.80
1.51
2.84
1.85
2.10
2.26
3.40
3.45
1.333
1.34
1.666
1.615
2.50
1.80
2.15
2.55
3.40
2.95
1.42
1.34
1.54
1.833
2.10
1.88
2.05
2.80
3.40
2.68
1.50
1.34
1.46
2.00
1.92
1.96
1.96
1.952
3.60
4.25
1.24
1.31
1.89
2.80
1.51
1.96
1.96
4.45
3.60
1.91
1.93
1.31
1.222
1.55
2.66
2.20
1.77
2.50
3.40
3.00
1.41
1.34
1.56
1.80
2.15
1.88
2.05
2.40
3.40
3.20
1.37
1.34
1.60
1.71
2.30
1.84
2.10
2.00
3.60
4.05
1.26
1.31
1.85
1.46
2.98
1.96
1.96
2.00
3.50
4.15
1.25
1.32
1.85
2.86
1.49
1.90
2.02
2.45
3.40
3.10
1.39
1.34
1.58
1.75
2.22
1.96
1.96
2.65
3.40
2.82
1.46
1.34
1.51
1.90
2.02
1.89
2.04
2.42
3.40
3.15
1.38
1.34
1.59
1.727
2.26
1.80
2.15
2.62
3.40
2.86
1.444
1.34
1.52
1.88
2.05
1.88
2.05
2.50
3.35
3.05
1.40
1.35
1.56
1.78
2.18
1.84
2.10
2.40
3.40
3.20
1.37
1.34
1.60
1.71
2.30
1.77
2.20
2.375
3.40
3.20
1.37
1.34
1.61
1.71
2.30
2.00
1.92
2.05
3.50
3.95
1.27
1.32
1.81
2.98
1.46
1.82
2.12
1.82
3.60
5.00
1.19
1.31
2.04
2.52
1.60
1.88
2.05
2.50
3.40
3.00
1.41
1.34
1.56
1.80
2.15
1.84
2.10
2.45
3.40
3.10
1.39
1.34
1.58
1.75
2.22
1.96
1.96
1.48
4.45
8.00
1.09
1.222
2.74
1.84
2.10
2.10
1.833
1.85
3.60
4.15
1.222
1.285
1.92
2.56
1.52
2.08
1.77
2.05
3.50
3.50
1.285
1.285
1.74
1.51
2.60
2.10
1.75
3.25
3.50
2.15
1.68
1.285
1.333
2.40
1.59
1.90
1.92
4.10
3.65
1.85
1.92
1.27
1.222
1.52
2.56
2.08
1.77
2.75
3.40
2.50
1.51
1.30
1.43
2.02
1.82
2.10
1.75
2.50
3.40
2.75
1.43
1.30
1.51
1.82
2.02
2.10
1.75
1.85
3.60
4.15
1.222
1.285
1.92
2.60
1.51
1.85
1.97
2.50
3.40
2.75
1.43
1.30
1.51
1.82
2.02
1.91
1.91
1.91
3.60
3.90
1.24
1.285
1.86
1.42
2.92
1.91
1.91
2.50
3.40
2.75
1.43
1.30
1.51
1.82
2.02
2.04
1.80
3.25
3.40
2.20
1.65
1.30
1.333
2.375
1.60
2.04
1.80
1.91
3.50
4.00
1.23
1.285
1.86
1.41
2.96
1.91
1.91
2.05
3.40
3.60
1.285
1.30
1.74
1.50
2.625
1.89
1.93
4.10
3.65
1.85
1.92
1.27
1.222
1.533
2.54
2.18
1.70
2.10
3.70
3.20
1.333
1.27
1.71
1.58
2.42
2.80
1.45
2.40
3.60
2.75
1.43
1.285
1.55
1.79
2.05
2.24
1.666
2.20
3.65
3.05
1.363
1.27
1.65
1.64
2.28
2.22
1.68
2.35
3.80
2.70
1.444
1.25
1.571
1.79
2.05
2.54
1.533
3.95
3.85
1.833
1.94
1.25
1.24
1.54
2.52
2.375
1.60
2.65
3.15
3.05
1.42
1.40
1.533
1.84
2.12
1.55
2.70
2.16
3.00
4.35
1.25
1.43
1.76
1.47
2.98
1.52
2.80
2.20
3.10
4.00
1.285
1.41
1.74
1.533
2.75
1.55
2.70
2.30
3.10
3.75
1.31
1.41
1.68
1.59
2.58
1.49
2.90
2.75
3.05
3.00
1.43
1.42
1.50
1.92
2.02
1.61
2.54
3.20
3.10
2.55
1.571
1.41
1.39
2.22
1.77
1.55
2.70
2.70
3.15
2.96
1.444
1.40
1.51
1.88
2.08
1.55
2.70
2.60
3.10
3.15
1.40
1.41
1.55
1.80
2.18
1.58
2.62
1.88
3.20
5.50
1.181
1.39
2.00
1.32
3.90
1.63
2.48
3.80
3.10
2.28
1.69
1.41
1.30
2.62
1.58
1.63
2.48
1.952
3.125
4.75
1.20
1.38
1.88
2.85
1.47
1.56
2.56
1.80
3.20
5.80
1.153
1.363
2.04
2.54
1.571
1.55
2.60
3.00
3.00
2.66
1.49
1.41
1.41
2.06
1.833
1.52
2.68
2.40
3.10
3.30
1.35
1.39
1.59
1.68
2.30
1.55
2.60
2.10
3.10
4.10
1.25
1.39
1.76
1.47
2.85
1.60
2.46
2.875
3.10
2.70
1.48
1.39
1.444
2.00
1.88
1.65
2.35
2.25
3.05
3.70
1.30
1.40
1.666
1.56
2.56
1.50
2.75
2.32
3.10
3.45
1.333
1.39
1.63
1.615
2.42
1.54
2.62
2.20
3.10
3.80
1.285
1.39
1.69
1.533
2.64
1.56
2.56
2.875
3.10
2.70
1.48
1.39
1.444
2.00
1.88
1.65
2.35
2.35
3.10
3.40
1.333
1.39
1.615
1.64
2.375
1.58
2.52
2.35
3.50
3.05
1.40
1.32
1.615
1.72
2.22
1.98
1.90
2.12
3.60
3.40
1.333
1.30
1.74
1.571
2.54
2.14
1.77
2.40
3.50
2.95
1.42
1.32
1.59
1.76
2.16
1.94
1.94
1.72
3.75
5.20
1.181
1.285
2.16
1.285
3.95
2.08
1.82
2.22
3.60
3.20
1.363
1.30
1.68
1.64
2.375
1.98
1.90
2.25
3.40
3.30
1.35
1.333
1.666
1.63
2.40
1.98
1.90
3.30
3.50
2.20
1.69
1.32
1.35
2.42
1.615
1.80
2.10
3.10
3.55
2.30
1.64
1.31
1.39
2.28
1.69
1.88
2.00
1.68
3.90
5.70
1.166
1.30
2.40
2.38
1.68
1.94
2.00
1.52
4.35
7.30
1.125
1.25
2.68
1.952
1.99
1.92
2.02
1.90
3.70
4.35
1.25
1.32
1.98
2.70
1.55
1.92
2.02
1.952
3.60
4.25
1.26
1.333
1.93
2.875
1.50
1.90
2.04
4.20
3.50
1.99
1.89
1.34
1.26
3.10
1.45
1.87
2.08
2.02
3.55
4.00
1.285
1.333
1.87
1.51
2.84
1.70
2.34
1.85
3.70
4.65
1.23
1.32
2.04
2.58
1.59
1.92
2.02
2.84
3.30
2.70
1.51
1.37
1.47
1.98
1.96
1.81
2.16
1.45
4.60
8.40
1.095
1.23
2.92
1.80
2.18
2.12
1.84
1.615
3.70
6.60
1.125
1.30
2.35
2.10
1.80
2.05
1.84
2.52
3.35
2.88
1.43
1.34
1.54
1.82
2.08
2.30
1.68
1.80
3.45
5.10
1.181
1.333
2.04
2.52
1.58
1.80
2.10
1.52
3.90
7.90
1.09
1.27
2.58
1.91
1.97
2.18
1.75
2.10
3.30
3.80
1.285
1.35
1.76
1.51
2.72
1.94
1.94
2.625
3.35
2.78
1.46
1.34
1.51
1.89
1.99
1.90
1.98
1.615
3.60
6.90
1.111
1.30
2.35
2.10
1.80
1.93
1.952
3.40
3.35
2.22
1.68
1.34
1.333
2.46
1.60
1.93
1.952
1.42
4.333
9.40
1.065
1.23
2.94
1.71
2.24
2.06
1.833
1.69
3.65
5.70
1.153
1.30
2.20
2.24
1.71
2.18
1.75
3.90
3.30
2.00
1.78
1.32
1.24
2.82
1.444
1.61
2.35
3.30
3.30
2.22
1.64
1.32
1.32
2.375
1.60
1.63
2.30
3.15
3.25
2.30
1.59
1.333
1.34
2.26
1.65
1.63
2.30
1.78
3.60
4.55
1.19
1.285
2.00
2.46
1.56
1.78
2.06
2.26
3.60
3.30
1.37
1.333
1.70
1.66
2.42
2.26
1.74
2.12
3.50
3.75
1.31
1.34
1.79
1.54
2.74
1.90
2.04
1.133
10.50
21.00
1.017
1.07
6.70
2.08
1.87
2.12
1.833
1.82
3.95
4.50
1.24
1.285
2.08
2.48
1.63
2.54
1.61
2.50
3.45
2.98
1.444
1.35
1.58
1.81
2.16
2.10
1.85
2.625
3.45
2.82
1.48
1.35
1.54
1.90
2.04
2.26
1.74
1.27
6.50
12.00
1.055
1.143
4.10
1.74
2.26
1.94
2.00
2.54
3.50
2.88
1.46
1.34
1.571
1.85
2.10
2.30
1.72
2.90
3.35
2.62
1.54
1.363
1.46
2.08
1.87
1.92
2.02
1.54
4.35
6.80
1.133
1.25
2.62
1.94
2.00
2.20
1.78
1.98
3.60
4.10
1.27
1.333
1.90
1.46
3.05
2.26
1.74
2.30
3.35
3.40
1.363
1.363
1.68
1.65
2.44
2.30
1.72
2.20
3.40
3.60
1.333
1.363
1.74
1.59
2.58
2.08
1.87
3.55
3.45
2.20
1.74
1.35
1.333
2.58
1.59
2.30
1.72
7.90
4.85
1.444
2.95
1.21
1.111
2.30
1.72
2.48
1.63
2.48
3.50
2.96
1.444
1.34
1.59
1.81
2.16
2.30
1.72
6.50
4.20
1.58
2.52
1.26
1.143
1.97
1.97
1.833
2.12
2.22
3.40
3.55
1.333
1.363
1.72
1.60
2.56
2.04
1.90
3.30
3.50
2.30
1.68
1.34
1.37
2.40
1.666
2.10
1.85
2.00
3.60
4.05
1.285
1.333
1.88
2.875
1.50
2.25
1.75
2.60
3.40
2.88
1.46
1.363
1.55
1.87
2.08
2.04
1.90
1.20
8.00
15.00
1.036
1.111
5.10
2.00
1.94
1.97
1.97
1.35
5.20
11.00
1.065
1.19
3.45
1.90
2.04
1.80
2.18
1.20
8.00
15.00
1.036
1.111
5.10
2.08
1.88
1.952
1.99
1.70
4.00
5.30
1.19
1.285
2.26
2.25
1.75
2.34
1.70
2.50
3.45
2.98
1.444
1.35
1.58
1.81
2.16
2.18
1.80
3.20
3.50
2.35
1.65
1.34
1.39
2.32
1.71
2.56
1.60
2.05
3.40
3.60
1.285
1.30
1.74
1.50
2.625
1.91
1.91
1.80
3.55
4.55
1.19
1.285
1.98
1.333
3.35
2.04
1.80
1.533
3.90
6.70
1.095
1.24
2.44
1.94
1.88
1.85
1.97
1.52
3.75
5.90
1.08
1.21
2.28
1.93
1.81
1.94
1.80
2.56
3.30
2.50
1.444
1.26
1.42
1.89
1.85
2.20
1.63
2.16
3.40
2.98
1.32
1.25
1.58
1.615
2.22
2.08
1.70
1.444
4.333
5.90
1.08
1.153
2.48
1.70
2.08
2.26
1.59
2.00
3.35
3.40
1.25
1.25
1.68
1.48
2.54
1.86
1.88
2.50
3.45
2.98
1.444
1.35
1.58
1.81
2.16
2.05
1.90
1.65
4.00
5.90
1.166
1.285
2.35
2.16
1.81
2.18
1.80
1.75
3.90
5.10
1.20
1.30
2.18
2.34
1.70
2.34
1.70
2.90
3.45
2.55
1.571
1.35
1.46
2.10
1.85
1.88
2.08
2.45
3.45
3.05
1.42
1.35
1.61
1.78
2.20
2.10
1.85
1.90
3.70
4.35
1.25
1.32
1.98
2.68
1.56
2.10
1.85
2.98
3.45
2.40
1.59
1.333
1.41
2.18
1.75
2.35
1.65
3.95
3.60
1.952
1.88
1.30
1.26
2.92
1.45
2.26
1.70
2.40
3.45
2.98
1.41
1.333
1.59
1.75
2.18
2.00
1.88
2.35
3.45
3.05
1.40
1.333
1.615
1.72
2.22
2.26
1.70
2.35
3.45
3.05
1.40
1.333
1.615
1.72
2.22
2.26
1.70
2.40
3.45
2.98
1.41
1.333
1.59
1.75
2.18
2.30
1.68
2.00
4.00
2.92
1.333
1.181
1.68
1.571
2.30
1.70
2.08
1.25
6.50
9.60
1.045
1.10
3.80
1.68
2.22
3.00
1.40
2.00
3.80
3.40
1.30
1.25
1.78
1.52
2.56
2.375
1.60
2.78
3.80
2.30
1.59
1.25
1.43
2.12
1.74
2.375
1.60
2.60
3.05
2.90
1.40
1.363
1.48
1.81
2.02
1.65
2.26
2.88
2.98
2.66
1.46
1.38
1.40
1.99
1.84
1.61
2.35
1.65
3.50
6.00
1.125
1.285
2.20
2.18
1.70
1.84
1.98
2.55
2.95
3.05
1.363
1.38
1.49
1.75
2.10
1.70
2.18
1.65
3.45
6.20
1.111
1.30
2.20
2.18
1.70
1.91
1.91
2.42
3.05
3.15
1.34
1.363
1.54
1.69
2.20
1.65
2.26
1.90
3.25
4.45
1.20
1.333
1.87
2.70
1.48
1.80
2.04
2.65
2.88
3.00
1.37
1.40
1.46
1.80
2.04
1.60
2.375
1.615
3.75
6.40
1.125
1.285
2.35
2.10
1.80
2.04
1.85
1.727
3.65
5.30
1.166
1.30
2.15
2.34
1.66
1.94
1.94
7.50
4.30
1.48
2.70
1.23
1.095
2.10
1.80
2.02
1.87
7.90
3.80
1.533
2.55
1.285
1.09
1.94
1.94
1.96
1.92
2.55
3.40
2.82
1.45
1.333
1.533
1.85
2.04
2.60
1.55
1.952
3.55
4.05
1.25
1.31
1.88
2.78
1.49
2.05
1.84
2.88
3.40
2.40
1.55
1.30
1.40
2.10
1.75
1.72
2.15
1.77
3.60
4.65
1.181
1.285
2.02
2.42
1.58
1.89
1.93
5.20
3.50
1.72
2.08
1.285
1.153
1.63
2.30
1.89
1.93
1.75
3.50
5.00
1.166
1.285
2.04
2.375
1.60
1.97
1.85
7.90
5.40
1.34
3.15
1.143
1.07
1.81
2.02
3.10
1.38
2.40
3.90
2.60
1.48
1.24
1.55
1.84
1.99
1.68
2.22
3.00
3.75
2.18
1.66
1.26
1.37
2.26
1.65
1.61
2.35
2.08
3.65
3.30
1.32
1.27
1.72
1.56
2.46
2.04
1.80
1.90
3.55
4.00
1.23
1.285
1.87
2.625
1.50
1.69
2.20
2.12
3.65
3.20
1.333
1.27
1.69
1.59
2.40
2.58
1.52
1.25
6.20
16.00
1.035
1.153
4.333
1.85
2.10
2.44
1.65
3.40
3.35
2.30
1.68
1.363
1.363
2.48
1.63
1.833
2.12
1.181
8.00
18.00
1.025
1.111
5.40
1.76
2.24
2.14
1.82
6.60
4.50
1.533
2.64
1.24
1.143
1.615
2.52
2.70
1.55
2.40
3.25
3.30
1.37
1.38
1.63
1.70
2.34
1.80
2.18
2.02
3.45
4.15
1.27
1.35
1.87
2.90
1.49
1.90
2.04
1.90
3.55
4.60
1.23
1.333
1.98
2.68
1.56
1.97
1.97
3.05
3.45
2.45
1.61
1.35
1.42
2.20
1.78
1.97
1.97
2.35
3.35
3.30
1.37
1.363
1.65
1.69
2.36
1.85
2.10
1.75
3.75
5.30
1.19
1.31
2.18
2.38
1.68
1.94
2.00
2.25
3.35
3.55
1.333
1.363
1.70
1.61
2.54
1.90
2.04
1.90
3.65
4.45
1.24
1.32
1.98
2.68
1.56
2.04
1.90
1.85
3.70
4.65
1.23
1.32
2.04
2.56
1.60
1.94
2.00
4.55
3.65
1.88
2.00
1.32
1.23
1.571
2.64
2.02
1.92
2.12
3.40
3.85
1.30
1.363
1.79
1.533
2.75
1.80
2.18
15.00
6.50
1.24
4.45
1.143
1.036
2.30
1.72
1.80
2.18
1.125
10.50
23.00
1.013
1.07
7.00
2.10
1.85
2.25
1.75
1.74
3.80
5.30
1.19
1.30
2.20
2.34
1.70
2.10
1.85
2.35
3.35
3.30
1.37
1.363
1.65
1.69
2.36
1.85
2.10
2.30
3.40
3.35
1.363
1.363
1.68
1.66
2.42
2.00
1.94
1.90
3.60
4.50
1.24
1.333
1.98
2.70
1.55
2.04
1.90
1.20
7.20
19.00
1.022
1.125
5.10
1.94
2.00
2.40
1.666
1.181
8.00
18.00
1.025
1.111
5.40
1.90
2.04
2.10
1.85
1.90
3.65
4.45
1.24
1.32
1.98
2.58
1.59
1.90
2.04
3.35
3.40
2.30
1.68
1.363
1.363
2.42
1.66
1.90
2.04
2.00
3.40
4.333
1.25
1.363
1.88
2.90
1.49
1.75
2.25
1.833
3.65
4.85
1.21
1.32
2.06
2.70
1.55
1.90
2.04
1.70
3.90
5.50
1.181
1.30
2.26
2.30
1.72
2.00
1.94
2.10
3.40
3.90
1.30
1.363
1.80
1.51
2.84
1.81
2.16
15.00
6.00
1.26
4.20
1.166
1.036
2.30
1.72
3.10
1.45
1.86
3.50
4.80
1.21
1.333
2.00
1.363
3.50
1.78
2.18
2.54
3.30
2.98
1.43
1.363
1.56
1.81
2.14
1.96
1.96
1.65
3.70
6.40
1.143
1.31
2.32
2.22
1.75
1.68
2.35
2.18
3.40
3.60
1.32
1.35
1.727
1.571
2.60
1.82
2.12
1.64
4.00
5.80
1.166
1.27
2.34
2.15
1.80
2.04
1.88
2.60
3.20
2.98
1.43
1.38
1.533
1.833
2.10
1.82
2.12
1.94
3.60
4.20
1.25
1.32
1.92
1.43
3.10
2.00
1.92
3.10
3.30
2.46
1.59
1.363
1.40
2.22
1.75
1.88
2.04
2.35
3.40
3.20
1.38
1.35
1.64
1.70
2.32
2.02
1.90
2.60
3.20
2.98
1.43
1.38
1.533
1.833
2.10
1.75
2.22
2.30
3.30
3.40
1.35
1.363
1.66
1.64
2.44
1.68
2.35
2.45
3.20
3.10
1.39
1.363
1.571
1.74
2.20
1.80
2.10
1.88
3.50
4.45
1.222
1.32
1.952
2.68
1.52
1.70
2.26
1.54
4.00
7.00
1.111
1.26
2.52
1.181
5.40
1.94
1.94
3.00
3.30
2.46
1.571
1.35
1.41
2.16
1.76
1.64
2.375
1.90
3.40
4.50
1.222
1.333
1.93
1.38
3.25
1.98
1.90
4.80
3.70
1.77
2.08
1.30
1.20
3.55
1.333
1.88
2.00
1.92
3.35
4.50
1.222
1.34
1.909
2.72
1.51
1.76
2.16
1.92
3.45
4.333
1.23
1.333
1.909
2.72
1.51
1.77
2.15
2.28
3.30
3.35
1.34
1.35
1.65
1.63
2.40
1.74
2.20
2.60
3.05
3.05
1.40
1.40
1.51
1.80
2.10
1.74
2.20
2.45
3.20
3.10
1.39
1.363
1.571
1.74
2.20
1.60
2.46
1.76
3.80
4.75
1.20
1.285
2.10
2.40
1.63
1.82
2.08
1.71
3.65
5.50
1.166
1.30
2.18
2.28
1.69
2.16
1.76
2.25
3.20
3.50
1.32
1.363
1.666
1.59
2.48
1.72
2.22
4.55
3.55
1.85
1.98
1.31
1.21
1.55
2.60
1.84
2.05
2.70
3.30
2.70
1.48
1.35
1.48
1.94
1.94
1.80
2.10
2.68
3.20
2.68
1.45
1.333
1.45
1.91
1.91
1.74
2.12
2.20
3.40
3.60
1.333
1.363
1.74
1.59
2.58
1.75
2.25
3.50
3.50
2.20
1.74
1.34
1.34
2.56
1.60
2.04
1.90
1.65
4.10
5.70
1.166
1.27
2.35
2.20
1.79
1.85
2.10
2.72
3.25
2.85
1.47
1.38
1.51
1.92
2.02
1.90
2.04
1.35
5.30
10.50
1.07
1.19
3.45
2.08
1.88
2.25
1.75
3.10
3.40
2.44
1.61
1.363
1.41
2.24
1.76
2.10
1.85
2.35
3.40
3.25
1.38
1.363
1.65
1.70
2.34
1.75
2.25
4.75
3.75
1.82
2.08
1.31
1.222
3.55
1.363
1.90
2.04
1.80
3.80
4.85
1.21
1.30
2.10
2.48
1.63
1.85
2.10
1.42
4.80
8.80
1.09
1.222
3.05
2.30
1.727
2.25
1.75
3.55
3.45
2.20
1.74
1.35
1.333
2.58
1.59
2.00
1.94
2.15
3.50
3.65
1.32
1.34
1.77
1.56
2.68
1.70
2.34
1.65
4.00
5.90
1.166
1.285
2.35
2.20
1.79
1.80
2.18
2.45
3.30
3.20
1.39
1.37
1.61
1.74
2.26
1.75
2.25
2.30
3.40
3.35
1.363
1.363
1.68
1.66
2.42
1.80
2.18
2.78
3.25
2.78
1.49
1.38
1.49
1.97
1.97
1.80
2.18
2.50
3.30
3.10
1.41
1.37
1.58
1.78
2.20
1.97
1.97
2.12
3.50
3.75
1.31
1.34
1.79
1.54
2.74
1.85
2.10
4.75
3.65
1.85
2.04
1.32
1.222
3.50
1.37
2.04
1.90
1.222
7.00
15.00
1.036
1.125
4.70
1.69
2.36
2.44
1.65
4.45
3.65
1.90
1.98
1.32
1.24
1.56
2.68
1.80
2.18
2.55
3.40
2.95
1.444
1.363
1.571
1.833
2.12
1.94
2.00
7.80
4.80
1.45
2.92
1.222
1.111
2.20
1.78
2.00
1.94
1.72
3.50
6.30
1.153
1.34
2.22
2.30
1.72
1.92
2.02
2.38
3.125
3.50
1.34
1.41
1.64
3.70
1.34
1.85
2.10
1.27
6.00
14.00
1.04
1.166
4.10
1.82
2.15
2.30
1.72
2.15
3.30
3.90
1.30
1.37
1.77
1.533
2.75
1.92
2.02
3.90
3.30
2.15
1.77
1.37
1.30
2.75
1.533
2.04
1.90
2.00
3.30
4.50
1.24
1.37
1.88
2.90
1.49
1.85
2.10
1.70
3.70
6.00
1.166
1.32
2.26
2.26
1.74
1.92
2.02
1.65
3.80
6.20
1.143
1.30
2.32
2.20
1.77
1.70
2.32
2.44
3.20
3.25
1.37
1.38
1.60
1.72
2.28
1.88
2.05
2.98
3.05
2.72
1.50
1.41
1.43
2.06
1.87
1.75
2.22
1.94
3.40
4.50
1.23
1.35
1.92
1.40
3.25
1.85
2.08
1.63
4.00
6.00
1.153
1.27
2.36
2.14
1.81
2.02
1.90
2.30
3.20
3.55
1.333
1.38
1.66
1.615
2.50
1.80
2.15
1.52
4.30
7.10
1.125
1.25
2.64
1.90
2.02
1.90
2.02
1.90
3.50
4.55
1.222
1.333
1.96
1.39
3.30
1.75
2.22
1.60
4.00
6.40
1.143
1.27
2.44
2.08
1.85
2.02
1.90
2.75
3.05
2.95
1.43
1.41
1.49
1.89
2.04
1.68
2.35
2.90
3.00
2.84
1.46
1.42
1.444
1.98
1.94
1.70
2.32
2.60
3.45
2.60
1.48
1.30
1.48
1.91
1.91
2.625
1.50
7.00
5.50
1.363
3.05
1.143
1.09
2.36
1.60
2.72
1.47
4.55
3.70
1.76
2.02
1.27
1.19
1.60
2.375
2.375
1.60
1.80
3.50
4.60
1.181
1.285
1.98
2.48
1.55
1.90
1.92
1.63
3.75
5.60
1.133
1.26
2.24
2.16
1.71
1.80
2.04
1.68
3.65
5.30
1.143
1.27
2.14
2.22
1.68
2.35
1.61
1.65
3.60
5.70
1.133
1.285
2.20
2.18
1.70
1.91
1.91
2.20
3.40
3.60
1.333
1.363
1.74
1.59
2.58
1.74
2.26
1.65
4.00
5.90
1.166
1.285
2.35
2.18
1.80
2.04
1.90
1.72
3.80
5.50
1.181
1.30
2.22
2.32
1.71
1.79
2.20
2.75
3.65
2.58
1.55
1.32
1.50
2.04
1.91
2.00
1.94
1.98
3.50
4.25
1.26
1.34
1.90
2.84
1.51
1.94
2.00
5.20
3.65
1.79
2.12
1.32
1.19
1.64
2.46
1.75
2.25
3.80
3.50
2.10
1.80
1.34
1.30
2.75
1.533
1.80
2.18
1.40
5.00
9.00
1.085
1.21
3.15
2.20
1.78
2.44
1.65
1.65
4.20
5.50
1.181
1.26
2.35
2.16
1.81
2.18
1.80
3.25
3.45
2.34
1.66
1.35
1.38
2.36
1.69
1.90
2.04
1.43
5.20
7.50
1.125
1.19
3.00
1.74
2.28
1.97
1.97
1.35
5.30
10.50
1.07
1.19
3.45
2.06
1.89
2.34
1.70
3.10
3.30
2.50
1.58
1.37
1.41
2.20
1.78
1.80
2.18
2.30
3.55
3.25
1.38
1.333
1.68
1.68
2.38
1.85
2.10
1.85
3.65
4.75
1.222
1.32
2.04
1.37
3.50
1.99
1.952
1.571
4.333
6.30
1.153
1.25
2.54
2.00
1.94
2.10
1.85
1.55
4.40
6.50
1.143
1.25
2.60
2.00
1.94
2.10
1.85
2.52
3.40
2.98
1.444
1.363
1.58
1.82
2.15
2.10
1.85
1.38
5.00
9.90
1.075
1.21
3.25
2.04
1.90
1.85
2.10
1.20
7.50
17.00
1.03
1.125
5.10
1.97
1.97
2.80
1.52
2.24
3.40
3.50
1.34
1.363
1.71
1.615
2.52
1.85
2.10
1.65
3.80
6.40
1.143
1.30
2.35
2.15
1.82
2.34
1.70
2.94
3.40
2.56
1.56
1.363
1.45
2.12
1.84
1.87
2.08
4.75
3.65
1.85
2.04
1.32
1.222
3.50
1.37
2.18
1.80
2.12
3.25
4.05
1.285
1.38
1.79
1.50
2.875
1.72
2.30
3.20
3.30
2.45
1.61
1.37
1.39
2.26
1.74
1.85
2.10
5.70
3.80
1.70
2.26
1.30
1.166
1.75
2.25
2.70
1.55
2.55
3.45
2.90
1.46
1.35
1.571
1.85
2.10
2.10
1.85
1.20
7.70
16.00
1.035
1.111
5.10
2.48
1.63
1.952
1.99
1.45
4.60
8.40
1.095
1.23
2.92
2.38
1.68
2.10
1.85
6.00
4.333
1.59
2.48
1.25
1.166
1.58
2.62
2.38
1.68
8.10
4.40
1.48
2.82
1.25
1.10
2.16
1.81
2.60
1.59
1.63
4.10
5.90
1.166
1.27
2.40
2.12
1.84
2.30
1.727
4.25
3.45
2.00
1.88
1.35
1.26
1.49
2.90
1.85
2.10
2.18
3.50
3.55
1.333
1.34
1.75
1.59
2.58
1.96
1.98
9.20
5.20
1.38
3.25
1.19
1.085
1.80
2.18
2.18
1.80
1.666
3.95
5.80
1.166
1.285
2.32
2.20
1.78
2.15
1.82
7.70
4.00
1.55
2.60
1.285
1.111
1.97
1.97
2.02
1.92
1.166
8.60
19.00
1.022
1.095
5.80
1.666
2.40
2.10
1.85
3.25
3.35
2.375
1.64
1.363
1.38
2.34
1.70
1.85
2.10
1.363
5.00
11.00
1.065
1.21
3.35
2.00
1.94
2.10
1.85
2.88
3.35
2.65
1.533
1.363
1.46
2.06
1.89
2.10
1.85
1.285
5.80
13.00
1.05
1.166
3.95
1.89
2.06
2.64
1.571
1.46
4.65
8.00
1.111
1.23
2.88
1.78
2.20
2.24
1.76
1.952
3.15
4.35
1.20
1.34
1.82
2.82
1.444
1.50
2.625
2.25
3.25
2.94
1.32
1.27
1.533
1.65
2.16
2.00
1.75
2.14
3.40
3.70
1.31
1.35
1.76
1.55
2.66
1.94
1.98
1.63
4.00
6.00
1.153
1.27
2.36
2.14
1.81
2.00
1.92
3.55
3.40
2.20
1.72
1.35
1.333
2.55
1.59
1.86
2.08
1.952
3.45
4.35
1.24
1.34
1.909
2.82
1.50
1.80
2.15
1.70
3.70
5.80
1.166
1.31
2.24
2.30
1.71
1.85
2.08
1.63
3.85
6.30
1.143
1.285
2.36
2.14
1.81
1.92
2.00
2.76
3.25
2.76
1.48
1.37
1.48
1.96
1.96
1.84
2.10
1.90
3.50
4.55
1.222
1.333
1.96
1.39
3.30
1.85
2.08
2.14
3.40
3.70
1.31
1.35
1.76
3.20
1.41
1.85
2.08
1.666
6.00
3.05
1.30
1.075
2.02
2.12
1.666
2.08
1.70
1.952
3.65
3.70
1.27
1.27
1.82
1.46
2.76
1.75
2.10
2.56
3.35
2.70
1.444
1.31
1.49
3.95
1.26
1.85
1.97
1.90
3.40
4.50
1.222
1.333
1.93
2.68
1.52
2.14
1.78
2.74
3.20
2.74
1.47
1.363
1.47
1.94
1.94
1.94
1.94
2.20
3.45
3.35
1.34
1.333
1.69
1.61
2.44
2.18
1.75
1.55
4.10
6.60
1.125
1.25
2.50
1.97
1.91
2.04
1.85
1.70
3.60
5.70
1.153
1.30
2.18
2.30
1.68
1.85
2.04
2.20
3.40
3.40
1.333
1.333
1.69
1.60
2.46
1.78
2.14
3.90
3.55
2.08
1.78
1.32
1.27
2.75
1.533
1.72
2.30
5.90
3.75
1.71
2.18
1.30
1.153
1.70
2.34
1.87
2.08
1.35
5.30
11.00
1.05
1.181
3.30
2.08
1.87
2.08
1.87
1.63
3.85
6.80
1.125
1.285
2.34
2.22
1.77
1.90
2.04
1.93
3.50
4.60
1.21
1.32
1.91
2.75
1.533
1.85
2.10
3.25
3.35
2.42
1.59
1.35
1.363
2.30
1.72
1.78
2.20
4.85
3.65
1.85
2.00
1.30
1.20
1.59
2.58
1.82
2.15
1.37
5.00
11.00
1.05
1.19
3.20
2.20
1.79
2.02
1.92
1.91
3.45
4.85
1.20
1.333
1.93
2.72
1.54
1.87
2.08
2.25
3.40
3.55
1.32
1.34
1.68
1.61
2.54
1.94
2.00
2.10
3.40
4.00
1.26
1.34
1.77
1.50
2.875
1.77
2.22
1.65
3.90
6.30
1.133
1.27
2.30
2.20
1.79
1.80
2.18
4.75
3.70
1.85
2.00
1.30
1.21
1.60
2.56
2.02
1.92
1.285
6.00
13.00
1.036
1.143
3.80
1.90
2.04
1.87
2.08
3.35
3.30
2.40
1.60
1.35
1.35
2.36
1.69
1.92
2.02
2.50
3.30
3.15
1.38
1.35
1.56
1.77
2.22
1.80
2.18
2.46
3.30
3.20
1.37
1.35
1.571
1.75
2.25
1.833
2.12
6.00
4.00
1.66
2.28
1.26
1.143
1.78
2.20
1.85
2.10
1.99
3.45
4.40
1.23
1.333
1.85
1.46
3.05
1.89
2.06
2.18
3.30
3.85
1.285
1.35
1.71
1.55
2.70
1.78
2.20
1.77
3.70
5.40
1.166
1.30
2.10
2.40
1.666
1.97
1.97
2.30
3.30
3.55
1.32
1.35
1.65
1.65
2.44
1.78
2.20
5.20
3.65
1.80
2.06
1.30
1.181
1.63
2.48
1.82
2.15
1.31
5.30
15.00
1.025
1.181
3.60
2.04
1.90
2.08
1.87
1.55
4.00
6.80
1.111
1.26
2.50
2.00
1.88
1.55
2.58
2.60
3.25
2.85
1.444
1.363
1.51
1.85
2.04
1.55
2.58
1.30
5.60
10.50
1.055
1.153
3.60
1.98
1.90
1.90
1.98
2.15
3.30
3.65
1.30
1.35
1.727
1.55
2.58
1.55
2.58
2.00
3.35
4.10
1.25
1.34
1.833
1.45
2.92
1.75
2.18
2.15
3.30
3.65
1.30
1.35
1.727
1.55
2.58
1.55
2.58
2.05
3.30
4.00
1.26
1.35
1.79
1.47
2.85
1.47
2.85
2.50
3.25
3.00
1.41
1.363
1.55
1.77
2.15
1.55
2.58
2.00
3.20
4.35
1.23
1.363
1.833
2.95
1.444
1.55
2.60
1.35
5.20
9.20
1.07
1.181
3.30
1.59
2.48
1.78
2.14
3.00
3.20
2.52
1.54
1.363
1.41
2.14
1.78
1.55
2.60
2.95
3.30
2.50
1.55
1.35
1.42
2.12
1.79
1.85
2.04
4.00
3.20
2.08
1.77
1.363
1.26
2.85
1.47
1.55
2.60
2.30
3.20
3.40
1.333
1.363
1.64
1.63
2.40
1.55
2.60
1.90
3.40
4.50
1.222
1.333
1.93
2.72
1.51
1.70
2.26
2.65
3.30
2.76
1.47
1.35
1.50
1.90
1.98
1.60
2.46
1.85
3.40
4.85
1.19
1.333
1.98
2.60
1.55
1.65
2.35
1.153
6.70
13.00
0.0
1.055
4.35
1.80
1.94
2.25
1.60
1.70
3.50
4.55
1.143
1.23
1.97
2.25
1.60
1.65
2.16
1.65
3.60
4.80
1.125
1.222
2.04
2.25
1.60
1.70
2.08
3.10
3.30
2.15
1.58
1.26
1.30
2.30
1.571
1.75
2.00
2.52
3.05
3.00
1.37
1.363
1.50
1.76
2.08
1.55
2.48
2.62
3.00
2.92
1.39
1.37
1.47
1.81
2.02
1.55
2.48
1.08
11.00
23.00
0.0
1.03
7.40
1.87
1.952
2.48
1.55
2.40
3.20
3.05
1.363
1.333
1.55
1.71
2.16
1.65
2.26
2.60
3.20
2.76
1.43
1.333
1.48
1.85
1.97
1.65
2.26
1.222
6.50
15.00
1.022
1.125
4.40
2.18
1.75
2.64
1.533
2.65
3.20
2.72
1.444
1.333
1.46
1.88
1.94
1.80
2.04
2.72
3.10
2.72
1.444
1.35
1.444
1.91
1.91
1.65
2.26
1.38
5.00
8.50
1.08
1.181
3.125
2.20
1.74
2.10
1.80
1.32
5.50
10.00
1.06
1.166
3.50
1.98
1.90
2.32
1.666
2.10
3.10
3.85
1.25
1.35
1.71
1.48
2.70
1.60
2.375
1.27
5.80
12.00
1.04
1.153
3.90
1.84
2.05
2.40
1.63
1.20
7.90
14.00
1.036
1.10
4.95
1.60
2.52
2.52
1.60
1.363
4.80
11.00
1.06
1.21
3.30
2.10
1.833
2.32
1.70
2.66
3.00
3.00
1.41
1.41
1.49
1.833
2.06
1.56
2.56
1.60
3.80
6.50
1.125
1.285
2.38
2.10
1.80
1.63
2.40
1.80
3.45
5.10
1.181
1.333
2.04
2.54
1.571
1.55
2.60
4.50
3.25
1.952
1.88
1.363
1.222
3.20
1.39
1.58
2.52
1.285
5.50
12.00
1.04
1.166
3.75
1.93
1.952
1.77
2.15
1.50
4.35
6.90
1.111
1.23
2.64
1.89
1.99
1.60
2.46
1.30
5.50
11.00
1.05
1.166
3.65
1.85
2.04
1.80
2.10
1.90
3.70
4.10
1.25
1.30
1.93
1.42
3.05
1.55
2.60
2.70
3.40
2.65
1.50
1.333
1.48
1.96
1.92
1.63
2.40
1.70
3.70
5.50
1.166
1.30
2.18
2.30
1.68
1.82
2.08
1.80
3.60
4.80
1.20
1.30
2.04
1.333
3.55
2.15
1.77
1.333
5.00
11.00
1.05
1.181
3.40
2.04
1.85
2.05
1.84
1.363
5.20
8.60
1.075
1.181
3.20
2.14
1.78
2.05
1.84
1.55
4.00
6.80
1.111
1.26
2.50
2.00
1.88
1.65
2.35
1.80
3.45
5.10
1.181
1.333
2.04
2.52
1.58
1.65
2.35
1.45
4.50
7.70
1.095
1.222
2.82
1.75
2.18
1.727
2.22
1.80
3.45
5.10
1.181
1.333
2.04
2.52
1.58
1.70
2.26
2.10
3.25
3.90
1.27
1.363
1.76
1.49
2.78
1.66
2.34
1.166
8.00
17.00
1.014
1.085
5.30
1.98
1.90
1.90
1.98
1.45
4.50
7.70
1.095
1.222
2.82
1.70
2.26
1.70
2.26
1.60
3.70
6.80
1.111
1.30
2.38
2.10
1.80
1.65
2.35
1.027
23.00
41.00
0.0
0.0
14.00
2.20
1.74
2.02
1.86
1.46
4.45
8.70
1.09
1.24
2.88
1.78
2.20
1.85
2.10
1.38
5.10
9.50
1.08
1.20
3.25
2.20
1.79
2.02
1.92
1.30
5.70
13.00
1.05
1.166
3.80
1.952
1.99
2.22
1.77
2.18
3.40
3.65
1.32
1.363
1.75
1.571
2.64
1.666
2.40
18.00
8.90
1.166
5.80
1.09
1.025
1.99
1.952
2.62
1.58
1.87
3.60
4.70
1.222
1.333
2.02
2.64
1.571
1.88
2.08
1.01
26.00
71.00
0.0
0.0
18.00
1.85
2.04
2.60
1.55
1.003
31.00
81.00
0.0
0.0
21.00
1.84
2.05
1.89
1.99
2.20
3.40
3.60
1.333
1.363
1.74
1.59
2.58
1.75
2.25
1.52
4.30
7.50
1.125
1.25
2.68
1.90
2.04
2.04
1.90
12.00
4.95
1.35
3.45
1.21
1.055
1.84
2.12
1.85
2.10
1.80
3.75
4.90
1.21
1.31
2.10
2.56
1.60
1.80
2.18
15.00
7.00
1.222
4.70
1.125
1.036
1.76
2.24
2.25
1.75
1.32
5.60
11.00
1.065
1.181
3.65
2.00
1.94
2.05
1.90
19.00
8.60
1.166
5.80
1.095
1.022
2.04
1.909
1.82
2.15
1.181
8.30
17.00
1.03
1.10
5.40
1.833
2.12
2.08
1.88
2.80
3.30
2.74
1.50
1.37
1.48
1.99
1.952
1.75
2.26
1.37
5.00
10.50
1.07
1.21
3.30
2.25
1.75
1.90
2.04
15.00
6.30
1.25
4.333
1.153
1.036
2.20
1.78
1.94
2.00
1.99
3.50
4.20
1.26
1.34
1.89
1.45
3.10
1.70
2.34
13.00
5.20
1.32
3.65
1.19
1.05
1.89
2.06
1.92
2.02
2.66
3.30
2.875
1.46
1.37
1.533
1.90
2.04
1.59
2.58
1.06
14.00
36.00
0.0
1.027
9.80
1.72
2.22
1.833
2.06
5.20
3.70
1.78
2.14
1.32
1.19
1.615
2.52
1.75
2.25
1.35
5.10
11.00
1.065
1.20
3.45
2.08
1.87
1.952
1.99
3.125
3.45
2.40
1.63
1.35
1.41
2.26
1.74
1.90
2.04
1.363
4.80
10.00
1.06
1.20
3.20
1.615
2.42
1.88
2.00
2.62
3.20
2.88
1.43
1.363
1.51
1.85
2.04
1.64
2.375
1.56
3.90
6.90
1.111
1.27
2.48
2.02
1.86
1.666
2.32
1.50
4.25
8.10
1.10
1.26
2.75
1.85
2.10
1.80
2.18
1.45
4.60
8.40
1.095
1.23
2.92
2.34
1.70
2.10
1.85
1.444
4.80
8.00
1.111
1.222
2.95
2.36
1.69
1.96
1.98
2.60
3.50
2.82
1.48
1.34
1.55
1.89
2.06
1.78
2.20
8.20
4.50
1.40
2.88
1.19
1.065
2.22
1.68
2.76
1.46
2.05
3.20
3.90
1.24
1.333
1.74
1.46
2.76
2.26
1.65
2.95
3.40
2.35
1.571
1.30
1.38
2.15
1.72
2.04
1.80
8.20
4.50
1.40
2.88
1.19
1.065
1.68
2.22
2.80
1.45
1.03
17.00
34.00
0.0
0.0
11.00
2.04
1.80
2.30
1.63
1.40
4.50
8.20
1.065
1.19
2.88
1.666
2.24
3.00
1.40
1.30
5.50
9.30
1.05
1.143
3.40
1.94
1.88
2.375
1.60
7.40
3.90
1.50
2.54
1.24
1.08
1.96
1.86
2.375
1.60
1.07
12.00
26.00
0.0
1.022
7.90
1.91
1.91
1.96
1.86
1.07
12.00
26.00
0.0
1.022
7.90
1.70
2.18
1.97
1.85
1.50
3.90
7.40
1.08
1.24
2.54
1.86
1.96
2.24
1.666
1.60
3.70
6.10
1.125
1.27
2.30
2.06
1.78
2.30
1.63
1.45
4.20
7.70
1.075
1.222
2.68
1.78
2.06
2.04
1.80
1.40
4.50
8.20
1.065
1.19
2.88
1.68
2.22
2.18
1.70
1.04
15.00
34.00
0.0
1.005
10.00
2.18
1.70
2.375
1.60
2.00
3.30
3.90
1.24
1.32
1.78
1.444
2.82
2.04
1.80
11.00
6.00
1.25
3.80
1.125
1.03
2.06
1.78
2.625
1.50
34.00
17.00
1.03
11.00
0.0
0.0
1.91
1.91
2.375
1.60
1.75
3.75
4.55
1.19
1.26
2.04
2.34
1.615
2.26
1.65
2.45
3.55
2.72
1.444
1.285
1.533
1.81
2.02
2.375
1.60
3.35
3.55
2.10
1.71
1.285
1.31
2.48
1.55
2.18
1.70
2.45
3.50
3.00
1.43
1.34
1.61
1.79
2.20
2.15
1.82
1.42
4.80
8.80
1.09
1.222
3.05
1.71
2.32
2.16
1.81
1.666
3.85
6.00
1.166
1.30
2.32
2.22
1.77
1.94
2.00
1.97
3.60
4.15
1.27
1.333
1.91
2.84
1.51
2.04
1.90
1.94
3.55
4.40
1.25
1.333
1.94
2.75
1.533
1.952
1.99
1.70
3.75
5.90
1.166
1.31
2.26
2.26
1.74
2.02
1.92
1.60
3.85
7.10
1.125
1.30
2.46
2.08
1.87
1.94
2.00
2.35
3.45
3.25
1.38
1.35
1.65
1.70
2.34
1.952
1.99
2.28
3.45
3.35
1.363
1.35
1.69
1.65
2.44
1.94
2.00
2.65
3.45
2.78
1.49
1.35
1.533
1.92
2.02
1.94
2.00
2.00
3.55
4.10
1.27
1.333
1.88
1.47
2.98
2.04
1.90
14.00
6.60
1.24
4.35
1.133
1.036
1.74
2.24
2.66
1.55
3.10
3.40
2.42
1.60
1.35
1.40
2.24
1.74
1.65
2.42
2.25
3.35
3.45
1.34
1.363
1.69
1.615
2.50
1.60
2.52
1.952
3.30
4.65
1.222
1.363
1.909
2.82
1.50
1.68
2.35
2.10
3.50
3.70
1.31
1.333
1.78
1.533
2.72
1.60
2.52
1.571
3.90
7.20
1.125
1.285
2.50
2.04
1.89
1.63
2.46
1.143
8.70
26.00
1.002
1.085
6.20
2.28
1.72
2.66
1.55
2.20
3.50
3.45
1.34
1.333
1.72
1.60
2.52
2.08
1.85
1.285
6.00
12.00
1.05
1.153
3.85
1.88
2.05
2.22
1.75
1.42
5.10
6.30
1.111
1.153
2.80
2.25
1.66
3.45
1.32
4.70
3.20
2.00
1.88
1.39
1.222
1.49
2.90
1.72
2.30
2.90
3.20
2.72
1.51
1.39
1.46
2.04
1.909
1.70
2.34
2.44
3.20
3.30
1.37
1.39
1.61
1.71
2.32
1.75
2.25
3.20
3.30
2.45
1.61
1.37
1.39
2.26
1.74
1.75
2.25
2.16
3.40
3.70
1.32
1.363
1.76
1.56
2.68
1.88
2.08
1.75
3.60
5.70
1.166
1.333
2.18
2.38
1.68
1.77
2.22
2.02
3.35
4.35
1.25
1.363
1.87
1.444
3.10
1.82
2.15
1.41
4.60
10.00
1.075
1.23
3.10
1.70
2.34
1.96
1.98
1.70
3.80
5.70
1.166
1.30
2.26
2.30
1.727
1.80
2.18
1.82
3.60
5.00
1.21
1.333
2.08
2.52
1.615
1.85
2.10
1.952
3.40
4.55
1.23
1.363
1.93
2.80
1.52
1.70
2.34
3.85
3.20
2.20
1.74
1.39
1.30
2.70
1.55
1.80
2.18
2.30
3.20
3.60
1.333
1.39
1.68
1.615
2.52
1.72
2.30
1.80
3.50
5.40
1.181
1.34
2.10
2.48
1.63
1.80
2.18
3.75
3.20
2.25
1.70
1.39
1.31
2.62
1.58
1.75
2.25
2.85
3.20
2.76
1.50
1.39
1.47
2.00
1.94
1.87
2.08
2.55
3.20
3.125
1.41
1.39
1.571
1.79
2.20
1.75
2.25
1.38
4.75
11.00
1.065
1.222
3.25
2.20
1.78
1.85
2.10
2.05
3.25
4.35
1.25
1.38
1.84
2.98
1.47
1.81
2.16
1.85
3.40
5.20
1.19
1.363
2.04
2.58
1.59
1.85
2.10
1.85
3.45
5.10
1.20
1.35
2.04
1.34
3.70
1.75
2.25
2.20
3.25
3.80
1.30
1.38
1.74
1.55
2.70
1.72
2.30
3.30
3.25
2.40
1.63
1.38
1.37
2.34
1.70
1.70
2.34
2.20
3.25
3.80
1.30
1.38
1.74
1.55
2.70
1.70
2.34
8.10
4.25
1.50
2.75
1.26
1.10
2.06
1.89
1.80
2.18
2.50
3.25
3.15
1.40
1.38
1.58
1.77
2.22
1.65
2.44
2.45
3.25
3.25
1.38
1.38
1.61
1.727
2.30
1.65
2.44
2.35
3.25
3.40
1.363
1.38
1.65
1.666
2.40
1.65
2.44
1.38
4.90
10.50
1.07
1.21
3.25
2.10
1.85
1.85
2.10
2.40
3.25
3.30
1.37
1.38
1.63
1.70
2.34
1.68
2.38
1.90
3.45
4.15
1.222
1.30
1.87
2.70
1.48
1.97
1.85
4.05
3.35
1.952
1.82
1.31
1.23
1.45
2.80
1.80
2.04
3.20
3.20
2.30
1.59
1.333
1.333
2.28
1.64
1.75
2.10
3.30
3.35
2.20
1.65
1.31
1.32
2.40
1.59
2.05
1.79
2.65
3.30
2.65
1.46
1.32
1.46
1.91
1.91
1.833
1.99
4.15
3.20
1.98
1.80
1.333
1.222
1.43
2.875
1.72
2.15
2.45
3.30
2.88
1.40
1.32
1.533
1.77
2.08
1.82
2.02
4.20
3.40
1.90
1.87
1.30
1.222
1.48
2.70
2.10
1.75
2.08
3.30
3.90
1.27
1.35
1.77
1.49
2.78
1.99
1.89
1.571
3.75
5.30
1.10
1.21
2.18
2.02
1.74
2.16
1.65
2.00
3.45
4.25
1.26
1.35
1.88
1.45
3.10
2.20
1.78
1.952
3.50
4.40
1.25
1.34
1.93
2.80
1.52
1.90
2.04
1.68
3.70
6.20
1.153
1.32
2.30
2.24
1.76
2.00
1.94
4.20
3.35
2.05
1.84
1.363
1.26
1.48
2.95
2.08
1.88
1.80
3.45
5.50
1.181
1.35
2.10
2.46
1.64
2.15
1.82
2.76
3.30
2.76
1.50
1.37
1.50
1.97
1.97
2.20
1.78
3.00
3.40
2.50
1.58
1.363
1.43
2.16
1.81
2.25
1.75
1.64
4.00
6.00
1.166
1.285
2.375
2.12
1.833
2.18
1.80
6.40
4.40
1.48
2.60
1.20
1.111
2.00
1.833
2.22
1.68
1.571
4.30
5.30
1.143
1.21
2.35
1.99
1.833
2.56
1.52
7.00
4.70
1.49
2.78
1.222
1.125
2.12
1.84
2.25
1.75
3.90
3.35
2.12
1.79
1.363
1.30
2.80
1.52
1.84
2.12
3.50
3.35
2.26
1.70
1.363
1.34
2.52
1.615
1.75
2.25
1.91
3.60
4.45
1.24
1.333
1.97
2.75
1.533
1.75
2.26
3.75
3.60
2.08
1.82
1.333
1.31
2.75
1.533
1.87
2.08
3.125
3.35
2.45
1.61
1.363
1.41
2.24
1.76
1.81
2.16
3.90
3.90
1.727
1.93
1.19
1.19
1.571
2.30
2.48
1.50
2.60
3.10
2.85
1.41
1.35
1.48
1.82
2.02
1.52
2.56
2.66
3.20
2.82
1.45
1.363
1.49
1.88
2.00
1.70
2.26
2.64
3.50
2.76
1.47
1.32
1.51
1.92
2.00
2.42
1.65
2.86
3.40
2.62
1.52
1.34
1.444
2.05
1.88
2.20
1.77
2.20
3.60
3.05
1.363
1.285
1.65
1.64
2.28
2.92
1.42
1.07
13.00
21.00
0.0
1.016
7.90
1.60
2.375
2.875
1.43
2.20
3.75
2.96
1.38
1.26
1.65
1.666
2.24
2.625
1.50
1.153
8.00
15.00
1.005
1.07
5.10
1.81
2.02
2.04
1.80
1.35
5.50
7.40
1.08
1.143
3.125
2.06
1.78
2.80
1.45
2.10
3.60
3.30
1.32
1.285
1.71
1.56
2.46
2.48
1.55
1.06
13.00
26.00
0.0
1.016
8.50
2.15
1.72
1.91
1.91
5.40
4.40
1.55
2.40
1.20
1.143
1.87
1.952
2.48
1.55
1.833
5.50
2.74
1.37
1.095
1.81
1.533
2.40
1.87
1.87
1.75
4.00
4.20
1.222
1.23
2.04
2.40
1.59
1.90
1.92
1.60
4.10
5.30
1.143
1.222
2.30
2.06
1.78
2.375
1.60
17.00
10.00
1.07
6.20
1.004
0.0
1.74
2.02
1.87
1.87
