2.14
3.5
3.45
1.333
1.32
1.727
1.571
2.54
2.06
1.833
2.34
3.6
2.98
1.41
1.3
1.615
1.727
2.22
2.34
1.66
2.48
3.95
2.6
1.51
1.26
1.56
1.89
1.99
2.16
1.76
2.15
4.05
3.05
1.4
1.25
1.727
1.65
2.35
1.75
2.18
2.18
4
3
1.41
1.26
1.71
1.68
2.3
1.666
2.32
3.15
3.3
2.375
1.6
1.35
1.38
2.26
1.7
1.84
2.05
2.875
3.4
2.5
1.55
1.333
1.444
2.1
1.81
1.64
2.375
2.2
3.3
3.5
1.32
1.35
1.69
1.58
2.52
2.24
1.71
3.1
3.6
2.28
1.65
1.3
1.39
2.3
1.68
1.77
2.15
2.8
3.6
2.46
1.571
1.3
1.45
2.08
1.82
2.44
1.61
2.2
3.95
3
1.41
1.26
1.69
1.68
2.3
2.08
1.82
2.4
4
2.66
1.49
1.26
1.59
1.84
2.05
2.22
1.727
2.5
4
2.55
1.533
1.26
1.55
1.92
1.96
2.46
1.6
2.6
3.65
2.6
1.51
1.3
1.51
1.94
1.94
2.18
1.75
2.2
3.8
3.1
1.39
1.285
1.69
1.66
2.34
2.26
1.7
2.66
3.75
2.5
1.55
1.285
1.49
2
1.88
1.8
2.1
1.85
3.6
4.15
1.222
1.285
1.92
2.54
1.533
1.99
1.84
2.15
3.35
3.4
1.3
1.31
1.68
1.56
2.46
1.82
2.02
2
3.7
3.9
1.27
1.3
1.85
2.86
1.49
2.22
1.75
6.1
4.9
1.52
2.6
1.2
1.143
2.06
1.87
1.833
2.1
4.15
3.45
1.9
1.87
1.3
1.222
3.05
1.39
1.65
2.26
3.55
3.6
2
1.78
1.285
1.285
1.43
2.875
1.92
1.9
3.05
3.4
2.54
1.571
1.363
1.42
2.18
1.81
2.02
1.94
1.727
3.9
5.5
1.181
1.3
2.22
2.32
1.727
2.04
1.92
1.4
4.85
10.5
1.07
1.21
3.15
2.15
1.833
2.1
1.87
2.375
3.45
3.3
1.37
1.35
1.64
1.7
2.375
2.26
1.76
6
3.6
1.75
2.18
1.333
1.166
1.71
2.35
2.04
1.92
1.68
3.75
6.5
1.143
1.31
2.3
2.24
1.78
1.94
2.02
2.15
3.45
3.85
1.3
1.35
1.77
1.54
2.78
1.92
2.04
1.24
6.8
16
1.035
1.133
4.45
1.7
2.375
2.44
1.666
3.25
3.3
2.48
1.59
1.37
1.38
2.3
1.74
1.72
2.34
6.2
3.85
1.68
2.3
1.3
1.153
1.79
2.22
2.14
1.84
2.08
3.35
4.25
1.26
1.363
1.82
1.47
3.05
1.79
2.22
2.2
3.4
3.75
1.31
1.363
1.74
1.571
2.68
2.32
1.727
2.4
3.35
3.35
1.363
1.363
1.63
1.7
2.375
1.94
2.02
2.98
3.35
2.625
1.54
1.363
1.444
2.12
1.86
1.88
2.1
1.952
3.5
4.6
1.23
1.34
1.93
2.78
1.54
2.06
1.9
6.6
4.2
1.6
2.46
1.26
1.143
1.91
2.05
2.1
1.87
1.32
6
11
1.065
1.166
3.65
1.952
2.02
2.5
1.64
1.58
4.15
7.1
1.125
1.27
2.52
2.02
1.94
1.94
2.02
1.363
5.5
10
1.075
1.181
3.35
2.08
1.89
2.375
1.7
2.42
3.4
3.25
1.38
1.363
1.615
1.727
2.32
1.81
2.18
1.6
4.05
7
1.125
1.285
2.46
2.05
1.91
2.1
1.87
7.1
4.35
1.55
2.6
1.25
1.125
2
1.96
2.24
1.78
2.3
3.4
3.5
1.34
1.363
1.68
1.64
2.5
2.02
1.952
1.78
3.5
6
1.166
1.34
2.14
2.45
1.66
1.74
2.3
2.95
3.35
2.65
1.533
1.363
1.444
2.08
1.87
1.87
2.08
2.65
3.4
2.9
1.46
1.363
1.533
1.88
2.08
1.94
2
2.8
3.4
2.75
1.5
1.363
1.48
1.99
1.952
1.833
2.12
2.5
3.4
3
1.41
1.34
1.56
1.8
2.15
2.02
1.909
2.65
3.65
2.75
1.5
1.32
1.533
1.93
2.02
2.25
1.75
2.86
3.65
2.55
1.571
1.32
1.47
2.1
1.86
2.08
1.88
3.6
3.65
2.15
1.77
1.32
1.333
2.64
1.571
2.02
1.93
2.45
3.5
3.1
1.41
1.34
1.61
1.76
2.24
2.18
1.8
1.4
4.8
11
1.065
1.222
3.15
2.2
1.79
2.25
1.75
4.55
3.85
1.87
2.02
1.3
1.23
1.6
2.56
2.18
1.8
1.43
4.8
9.5
1.08
1.222
3
1.71
2.32
2.1
1.85
3.2
3.5
2.4
1.63
1.34
1.39
2.3
1.727
1.97
1.97
2.8
3.4
2.68
1.5
1.34
1.46
2
1.92
1.96
1.96
4.4
3.85
1.75
2.04
1.25
1.2
1.615
2.34
2.7
1.48
1.952
3.5
3.85
1.25
1.285
1.82
2.8
1.45
1.8
2.04
1.952
3.6
3.75
1.26
1.285
1.82
2.72
1.47
2.44
1.571
2.45
3.5
2.75
1.43
1.285
1.533
1.81
2.02
2.14
1.727
2.1
3.6
3.3
1.32
1.285
1.71
1.56
2.46
2.54
1.533
1.78
3.4
5.9
1.153
1.34
2.08
2.46
1.63
1.55
2.7
2.18
3.15
4
1.26
1.38
1.71
1.51
2.8
1.56
2.68
3.05
3.1
2.25
1.533
1.3
1.3
2.2
1.63
1.75
2
1.952
3.3
3.6
1.222
1.26
1.71
2.86
1.39
1.65
2.16
11
5
1.25
3.35
1.125
0
1.909
1.833
2.36
1.55
1.45
3.9
6.8
1.055
1.19
2.46
1.82
1.92
1.75
2
5.7
3.6
1.65
2.2
1.285
1.133
1.69
2.2
1.75
2.1
3.6
3.3
2.1
1.71
1.32
1.285
2.6
1.51
1.75
2.1
3.35
3.3
2.2
1.65
1.32
1.31
2.42
1.58
1.72
2.15
5.2
3.85
1.7
2.18
1.285
1.181
1.69
2.28
1.94
1.94
2.25
3.65
3.25
1.363
1.3
1.68
1.66
2.4
2.2
1.77
2.2
3.6
3.4
1.34
1.31
1.7
1.615
2.5
2.32
1.7
1.51
4.5
7.1
1.111
1.222
2.64
1.87
2.06
2.46
1.63
1.8
3.6
4.45
1.2
1.285
1.98
2.52
1.54
1.7
2.18
13
6.7
1.2
4.4
1.095
1.016
2.375
1.6
2.375
1.6
1.08
12
20
0
1.022
7.4
1.6
2.375
2.625
1.5
2.15
3.4
3.35
1.31
1.3
1.68
1.571
2.44
2.1
1.75
1.23
6
13
1.016
1.125
4
1.72
2.15
2.68
1.48
1.37
4.75
8.5
1.06
1.181
3
1.63
2.32
2.42
1.58
2.75
3.3
2.55
1.49
1.32
1.43
1.99
1.84
2.22
1.68
1.571
3.75
6.4
1.111
1.26
2.35
2.02
1.82
2.06
1.78
1.7
3.6
5.2
1.153
1.285
2.12
2.3
1.63
1.65
2.26
2.15
3.2
3.55
1.285
1.333
1.68
1.533
2.54
1.65
2.26
2.35
3.3
3.05
1.363
1.32
1.571
1.69
2.2
1.71
2.16
2.3
3.3
3.125
1.35
1.32
1.59
1.66
2.25
1.7
2.18
2.6
3.25
3
1.41
1.363
1.52
1.833
2.1
1.75
2.22
2.08
3.45
3.9
1.27
1.333
1.78
1.5
2.82
1.85
2.08
2.18
3.35
3.7
1.3
1.35
1.71
3.25
1.4
1.58
2.58
2.44
3.35
3.15
1.38
1.35
1.58
1.74
2.24
1.78
2.2
3.5
3.4
2.25
1.68
1.34
1.32
2.5
1.61
1.92
2
2.5
3.25
3.15
1.38
1.363
1.56
1.76
2.22
1.615
2.5
3.35
3.5
2.26
1.666
1.32
1.35
2.44
1.64
2
1.92
1.8
3.65
5.1
1.181
1.3
2.06
2.5
1.615
1.833
2.12
1.55
4
6.8
1.111
1.26
2.5
1.97
1.909
1.87
2.02
2.95
3.3
2.5
1.55
1.35
1.42
2.12
1.79
1.87
2.02
1.3
5.3
10
1.04
1.143
3.4
1.96
1.86
2.08
1.76
1.32
5.3
8.8
1.055
1.143
3.3
1.99
1.84
2.48
1.55
1.4
4.333
8.8
1.055
1.21
2.88
1.69
2.2
2.15
1.72
1.85
3.55
4.25
1.21
1.285
1.92
2.6
1.51
1.97
1.85
1.96
3.45
3.85
1.25
1.3
1.81
2.82
1.444
1.63
2.3
3.25
3.3
2.24
1.63
1.32
1.333
2.34
1.615
1.66
2.25
1.5
4
7.1
1.085
1.23
2.54
1.89
1.93
1.7
2.18
2.3
3.25
3.15
1.34
1.333
1.59
1.65
2.26
1.7
2.18
1.6
3.85
5.8
1.125
1.25
2.3
2.08
1.77
2.14
1.727
2.75
3.55
2.7
1.51
1.333
1.5
1.99
1.952
2.32
1.71
2.1
3.7
3.7
1.32
1.32
1.8
1.54
2.74
2.32
1.71
1.32
6
11
1.065
1.166
3.65
1.93
2.02
2.7
1.55
7
4.2
1.55
2.6
1.26
1.125
1.98
1.96
2.44
1.65
2.45
3.5
3
1.43
1.34
1.61
1.79
2.2
2.42
1.66
2.6
3.5
2.9
1.46
1.34
1.55
1.87
2.08
2.3
1.72
2.4
3.5
3.1
1.41
1.34
1.63
1.75
2.25
2.2
1.78
15
5.9
1.285
3.95
1.166
1.036
2.16
1.81
1.97
1.97
2.3
3.6
3.2
1.39
1.333
1.68
1.69
2.36
2.24
1.76
2.1
3.6
3.7
1.32
1.333
1.8
1.54
2.74
2.1
1.85
2.1
3.65
3.65
1.32
1.32
1.8
3.1
1.45
2.44
1.65
1.55
4.45
6.4
1.143
1.24
2.6
1.96
1.98
2.34
1.7
1.133
10
23
1.013
1.075
6.7
2.08
1.87
1.97
1.97
1.55
4.35
6.6
1.143
1.25
2.6
1.96
1.98
2.52
1.615
4.95
3.95
1.75
2.18
1.285
1.21
1.7
2.34
2.34
1.7
2.5
3.5
2.94
1.45
1.34
1.58
1.82
2.15
2.56
1.6
1.7
4
5.3
1.19
1.285
2.26
2.25
1.75
2.38
1.68
1.6
4.2
6.2
1.153
1.26
2.46
2.06
1.89
2.25
1.75
2.5
3.45
2.98
1.444
1.35
1.58
1.81
2.16
2.1
1.85
2.7
3.4
2.76
1.5
1.363
1.51
1.952
1.99
2.1
1.85
2.55
3.55
2.84
1.45
1.32
1.54
1.86
2.08
1.99
1.952
2.42
3.5
3.05
1.4
1.32
1.59
1.76
2.22
1.8
2.15
1.6
4.3
5.9
1.166
1.25
2.46
2.08
1.88
2.18
1.8
4.1
3.7
1.952
1.89
1.3
1.26
3.05
1.444
2.04
1.89
1.153
7
12
0
1.05
4.35
1.87
1.87
2.25
1.6
2.42
3.4
2.6
1.41
1.25
1.46
1.82
1.92
2.2
1.63
1.666
3.7
4.5
1.143
1.21
2.02
2.26
1.59
2.1
1.69
1.222
5.5
10.5
0
1.095
3.6
1.65
2.16
1.89
1.85
1.55
4
5.1
1.111
1.181
2.22
1.92
1.82
1.72
2.05
2.375
3.4
2.65
1.39
1.25
1.48
1.75
2
2.08
1.7
2.9
3.4
2.2
1.56
1.25
1.333
2.18
1.64
2.05
1.72
1.6
3.8
4.85
1.125
1.2
2.12
2.06
1.71
2.45
1.51
2.82
3.3
2.3
1.51
1.26
1.35
2.08
1.7
2.05
1.72
1.77
3.6
4
1.181
1.222
1.88
2.42
1.52
1.98
1.77
2.4
3.3
2.68
1.38
1.26
1.47
1.77
1.98
2.05
1.72
2.5
3.2
2.625
1.4
1.285
1.444
1.82
1.92
1.8
1.94
3.1
3.4
2.1
1.61
1.25
1.3
2.28
1.58
2.04
1.727
1.666
3.75
4.4
1.153
1.21
2.02
2.22
1.61
2
1.75
1.5
4.5
4.9
1.125
1.143
2.32
1.88
1.86
1.6
2.25
1.7
3.8
4.15
1.166
1.2
1.97
2.28
1.58
1.94
1.8
2.3
3.2
3.2
1.333
1.333
1.59
1.64
2.28
2.05
1.79
2.68
3.1
2.76
1.43
1.35
1.45
1.88
1.94
1.8
2.04
2.62
3.2
2.75
1.43
1.333
1.47
1.86
1.96
1.86
1.96
2.35
3.2
3.125
1.35
1.333
1.571
1.666
2.24
1.99
1.833
3.5
3.2
2.18
1.66
1.333
1.285
2.48
1.55
1.96
1.86
2.1
3.15
4
1.26
1.38
1.76
1.48
2.8
1.52
2.68
1.8
3.7
4.6
1.21
1.3
2.04
1.35
3.45
1.55
2.58
1.85
3.4
4.8
1.2
1.333
1.98
1.34
3.5
1.65
2.35
4.8
3.4
1.85
1.98
1.333
1.2
3.5
1.34
1.55
2.58
1.125
8.6
26
1.001
1.075
6.4
2.2
1.74
2.68
1.52
1.8
3.4
5.2
1.181
1.333
2.04
1.31
3.75
1.48
2.8
1.75
3.85
5.1
1.181
1.285
2.12
1.32
3.8
2.25
1.75
4.15
3.7
1.94
1.9
1.3
1.25
3.05
1.444
2.04
1.9
2.9
3.45
2.55
1.54
1.333
1.444
2.1
1.84
2.32
1.7
2.15
3.55
3.6
1.333
1.333
1.77
1.571
2.64
2.18
1.8
2.55
3.55
2.72
1.48
1.31
1.533
1.88
2
2.35
1.65
5
3.95
1.7
2.18
1.26
1.181
1.71
2.24
2.52
1.58
1.65
3.8
5.8
1.153
1.285
2.28
2.16
1.76
2.42
1.615
2.45
3.55
2.72
1.444
1.285
1.533
1.81
2.02
2.26
1.65
3.55
3.6
2
1.78
1.285
1.285
2.66
1.49
2.18
1.7
8.6
5.8
1.3
3.4
1.125
1.06
2.04
1.8
2.8
1.45
2.72
3.55
2.45
1.533
1.285
1.444
2.02
1.81
1.92
1.9
8.6
5.8
1.3
3.4
1.125
1.06
2.04
1.8
2.8
1.45
1.5
4.5
5.9
1.125
1.19
2.54
1.86
1.96
2.375
1.6
3.6
3.55
2
1.78
1.285
1.285
2.66
1.49
2.1
1.75
11
6
1.25
3.8
1.125
1.03
2.18
1.7
3
1.4
1.45
4.4
8
1.085
1.222
2.82
1.77
2.15
2.18
1.75
1.42
4.7
8
1.085
1.2
2.94
1.71
2.24
2.18
1.75
2.75
3.1
2.68
1.45
1.35
1.43
1.93
1.89
1.93
1.89
1.8
3.5
4.6
1.181
1.285
1.98
2.46
1.56
2.04
1.8
1.2
6.7
13
1.016
1.095
4.4
2.05
1.79
2.48
1.55
2.95
3.3
2.4
1.55
1.32
1.38
2.14
1.727
1.91
1.91
3.85
3.1
2.1
1.71
1.35
1.25
2.7
1.48
1.75
2.1
5
3.4
1.77
2.02
1.3
1.166
1.56
2.46
1.56
2.45
2.68
2.96
2.88
1.4
1.38
1.45
1.84
1.99
1.68
2.22
1.533
4.35
7.5
1.125
1.25
2.64
1.92
2.02
2.25
1.75
2.08
3.65
3.85
1.3
1.32
1.82
1.52
2.8
2.1
1.85
1.571
4.5
6.4
1.143
1.24
2.54
1.99
1.952
2.25
1.75
1.27
6.4
14
1.04
1.143
4.1
1.81
2.16
2.56
1.6
2.8
3.45
2.72
1.51
1.35
1.48
2
1.94
1.9
2.04
2.25
3.4
3.6
1.333
1.363
1.7
1.6
2.55
1.72
2.3
14
7.7
1.23
4.6
1.111
1.04
2.44
1.65
3.2
1.42
1.42
5
9
1.085
1.21
3.05
2.2
1.78
2.62
1.58
2.95
3.35
2.65
1.533
1.363
1.444
2.08
1.87
1.833
2.12
2.12
3.4
4
1.285
1.363
1.79
1.49
2.9
1.74
2.26
1.222
7.4
16
1.035
1.125
4.7
2.1
1.86
2.14
1.82
1.58
4
7
1.125
1.285
2.52
2.02
1.92
2.1
1.85
5.9
4.05
1.666
2.32
1.285
1.166
1.78
2.2
1.81
2.16
1.64
3.95
6.5
1.143
1.285
2.375
2.1
1.85
2.1
1.85
1.8
3.7
5
1.21
1.32
2.1
2.48
1.63
1.92
2.02
1.133
10.5
26
1.008
1.07
6.7
2.2
1.78
2.3
1.72
1.71
3.65
6
1.166
1.32
2.24
2.3
1.72
2.02
1.92
2.25
3.4
3.5
1.34
1.363
1.7
1.615
2.52
1.833
2.12
11
6.4
1.285
3.95
1.143
1.065
2.1
1.85
2.95
1.48
1.46
4.6
8.1
1.1
1.23
2.88
1.78
2.2
2.2
1.78
2.76
3.4
2.78
1.49
1.363
1.5
1.96
1.98
1.87
2.08
1.43
4.75
8.6
1.095
1.222
3
2.3
1.72
2.3
1.72
1.952
3.5
4.4
1.25
1.34
1.93
2.8
1.52
1.7
2.34
1.9
3.6
4.5
1.24
1.333
1.98
2.68
1.56
1.9
2.04
3.6
3.4
2.2
1.74
1.363
1.333
2.58
1.59
1.8
2.18
2.4
3.3
3.2
1.38
1.363
1.615
1.71
2.3
1.88
2.04
2.02
3.5
4
1.27
1.333
1.85
1.47
2.94
2.08
1.85
1.82
3.5
5.1
1.19
1.333
2.05
1.333
3.7
1.727
2.26
2.6
3.2
2.98
1.43
1.38
1.533
1.833
2.1
1.727
2.26
2.3
3.3
3.4
1.35
1.363
1.66
1.64
2.44
1.727
2.26
2.02
3.5
4
1.27
1.333
1.85
1.47
2.94
1.78
2.18
1.96
3.6
4.1
1.26
1.32
1.9
1.444
3.05
1.727
2.26
2.22
3.5
3.4
1.35
1.333
1.71
1.615
2.5
2
1.92
1.94
3.45
4.4
1.24
1.34
1.92
1.41
3.2
1.68
2.35
1.99
3.25
4.05
1.23
1.333
1.79
2.82
1.444
2.12
1.74
2.3
3
3.45
1.3
1.37
1.59
1.59
2.4
1.79
2.05
1.63
3.5
6.3
1.111
1.285
2.24
2.12
1.74
2.04
1.8
2.65
3
2.88
1.4
1.37
1.46
1.833
1.99
1.91
1.91
2.2
3
3.7
1.27
1.37
1.65
1.52
2.56
2.04
1.8
2.35
3
3.35
1.31
1.37
1.571
1.63
2.3
1.96
1.86
3.2
3.1
2.36
1.571
1.35
1.333
2.25
1.66
1.63
2.3
1.64
3.5
6.1
1.125
1.285
2.22
2.18
1.7
1.69
2.2
1.727
3.45
5.3
1.143
1.3
2.08
2.34
1.615
1.91
1.91
2.2
3.05
3.6
1.285
1.363
1.65
1.54
2.52
1.8
2.04
3.6
3.15
2.16
1.666
1.34
1.285
2.54
1.533
2
1.833
2.08
3.3
3.65
1.27
1.32
1.72
1.5
2.625
2.2
1.69
2.55
3.2
2.82
1.41
1.333
1.49
1.82
2.02
1.91
1.91
2.14
3.2
3.6
1.285
1.333
1.68
1.52
2.56
1.833
1.99
2.4
3.2
3.05
1.363
1.333
1.55
1.71
2.16
1.91
1.91
2.15
3.25
3.5
1.285
1.333
1.68
1.54
2.52
1.77
2.08
2.04
3.25
3.85
1.25
1.333
1.75
1.46
2.76
1.727
2.14
1.86
3.4
4.4
1.2
1.3
1.909
2.6
1.51
1.79
2.05
2.06
3.25
3.75
1.26
1.333
1.74
1.48
2.7
1.833
1.99
2.74
3.2
2.625
1.47
1.333
1.444
1.952
1.87
1.92
1.9
2.1
3.3
3.6
1.285
1.32
1.71
1.51
2.6
1.79
2.05
2.75
3.25
2.58
1.48
1.333
1.43
1.97
1.85
1.81
2.02
2.1
3.25
3.65
1.27
1.333
1.71
1.5
2.625
1.64
2.28
3.5
3.3
2.12
1.69
1.32
1.285
2.54
1.533
2.04
1.8
2.4
3.1
3.125
1.35
1.35
1.55
1.69
2.2
1.75
2.1
1.66
3.5
5.9
1.125
1.285
2.18
2.2
1.69
1.86
1.96
1.38
5.2
10
1.075
1.19
3.25
2.08
1.87
2.22
1.77
2.1
3.35
4.15
1.27
1.363
1.8
1.48
2.95
1.8
2.18
1.96
3.55
4.5
1.24
1.333
1.92
2.8
1.52
1.952
1.99
4.15
3.75
1.97
1.91
1.31
1.27
3.1
1.45
1.85
2.1
3.4
3.45
2.32
1.666
1.35
1.363
2.42
1.66
2.02
1.92
3.4
3.45
2.32
1.666
1.35
1.363
2.42
1.66
1.97
1.97
1.222
7
18
1.025
1.125
4.7
2.15
1.82
2.38
1.68
1.84
3.65
5.1
1.2
1.32
2.05
2.54
1.61
1.78
2.2
3.75
3.4
2.2
1.74
1.363
1.31
2.68
1.56
1.85
2.1
2.15
3.4
3.9
1.3
1.363
1.77
3.15
1.43
1.89
2.06
2.45
3.4
3.2
1.39
1.363
1.61
1.74
2.26
1.81
2.16
1.92
3.6
4.6
1.23
1.333
1.96
1.4
3.35
1.89
2.06
2.8
3.25
2.85
1.47
1.38
1.48
1.952
1.99
1.833
2.12
1.89
3.7
4.6
1.23
1.32
1.99
2.64
1.571
2.02
1.92
2.92
3.35
2.6
1.55
1.363
1.45
2.1
1.86
1.92
2.02
2.64
3.4
2.92
1.45
1.363
1.533
1.88
2.08
2.1
1.85
1.222
7.1
18
1.025
1.125
4.7
1.66
2.42
2.3
1.72
1.285
6.5
12
1.055
1.143
3.95
1.84
2.12
2.3
1.72
5.3
3.7
1.8
2.1
1.32
1.19
1.65
2.44
2.04
1.9
2.15
3.5
3.8
1.3
1.34
1.77
1.54
2.74
2.04
1.9
1.27
6.3
15
1.036
1.153
4.1
1.79
2.2
2.44
1.65
2.6
3.2
3.15
1.4
1.39
1.55
1.8
2.18
1.82
2.15
2.1
3.5
3.95
1.285
1.34
1.8
1.51
2.84
2
1.94
1.7
3.9
5.9
1.166
1.3
2.26
2.25
1.75
2.04
1.9
1.94
3.6
4.5
1.24
1.333
1.94
1.41
3.25
1.85
2.1
2.92
3.3
2.7
1.51
1.37
1.45
2.04
1.9
1.97
1.97
4.5
3.6
1.94
1.94
1.333
1.24
3.25
1.41
2.1
1.85
2.08
3.5
4
1.285
1.34
1.82
1.5
2.875
1.85
2.1
2.3
3.15
3.6
1.32
1.39
1.66
1.61
2.5
1.82
2.12
2.48
3.125
3.25
1.37
1.4
1.58
1.727
2.26
1.74
2.24
3.125
3.1
2.4
1.55
1.35
1.35
2.2
1.69
1.7
2.18
2.3
3.1
3.3
1.32
1.35
1.59
1.615
2.34
1.7
2.18
2.65
3.1
2.8
1.42
1.35
1.46
1.86
1.96
1.7
2.18
2.85
3.1
2.6
1.48
1.35
1.41
2.02
1.82
1.7
2.18
3.125
3.1
2.4
1.55
1.35
1.35
2.2
1.69
1.65
2.26
2.2
3.1
3.55
1.285
1.35
1.65
1.55
2.48
1.55
2.48
1.93
3.3
4.2
1.222
1.32
1.84
2.8
1.45
1.65
2.26
1.55
4
6.1
1.125
1.23
2.4
1.99
1.833
1.8
2.04
2.64
2.98
2.64
1.39
1.32
1.39
1.87
1.87
1.8
1.94
2.78
3
2.5
1.444
1.31
1.363
1.97
1.78
1.8
1.94
3.5
3.45
1.94
1.72
1.24
1.23
1.41
2.78
1.94
1.8
2.1
2.92
3.65
1.222
1.333
1.61
1.47
2.56
1.6
2.25
1.35
4.4
8
1.03
1.153
2.82
2.14
1.66
2.16
1.65
2.1
3
3.55
1.23
1.31
1.61
1.49
2.5
1.94
1.8
6.1
4
1.55
2.4
1.23
1.125
1.85
1.97
1.97
1.85
1.3
5.6
9.1
1.05
1.133
3.4
1.97
1.85
1.92
1.9
2.45
3.3
2.88
1.4
1.32
1.533
1.77
2.08
1.7
2.18
6.5
4.2
1.5
2.54
1.222
1.1
1.94
1.88
1.85
1.97
3.95
3.3
2.1
1.78
1.363
1.285
2.82
1.5
1.94
1.98
1.91
3.35
4.25
1.21
1.31
1.86
1.38
3.1
1.7
2.18
2.15
3.1
3.7
1.27
1.35
1.68
1.51
2.6
1.66
2.25
2.06
3.25
3.75
1.26
1.333
1.74
1.48
2.7
1.666
2.24
2.72
3.7
2.38
1.56
1.27
1.444
2.05
1.79
2.15
1.72
2.3
3
3.45
1.3
1.37
1.59
1.59
2.4
1.51
2.6
1.45
4.1
8
1.07
1.222
2.68
1.77
2.08
2.2
1.69
1.42
4.3
8.2
1.065
1.21
2.8
2.28
1.64
2.2
1.69
2.05
3.4
3.6
1.285
1.3
1.74
2.92
1.42
2.26
1.65
3.2
3.2
2.3
1.59
1.333
1.333
2.28
1.64
1.91
1.91
1.82
3.5
4.5
1.19
1.285
1.952
2.48
1.55
2.1
1.75
2.3
3.2
3.2
1.333
1.333
1.59
1.64
2.28
1.75
2.1
31
18
1.03
11
0
0
2.22
1.68
2.8
1.45
15
6.3
1.2
4.4
1.111
1.005
1.59
2.4
1.96
1.86
7.5
4.75
1.4
2.88
1.181
1.075
1.66
2.25
2.1
1.75
2.64
3.75
2.7
1.51
1.31
1.533
1.952
1.99
1.9
2.04
1.58
4
7.6
1.111
1.285
2.52
2.02
1.92
1.85
2.1
2.92
3.3
2.7
1.51
1.37
1.45
2.04
1.9
1.7
2.34
1.27
7
12
1.055
1.125
4.1
1.81
2.16
2.18
1.8
2.1
3.6
3.85
1.3
1.333
1.8
1.52
2.8
1.7
2.34
3.25
3.3
2.46
1.6
1.37
1.38
2.3
1.727
1.85
2.1
2.36
3.65
3.15
1.4
1.32
1.65
1.72
2.3
2.1
1.85
4.75
3.6
1.9
1.98
1.333
1.222
1.571
2.64
2.18
1.8
1.5
4.4
8.2
1.1
1.25
2.75
1.85
2.1
2.2
1.78
4.65
3.65
1.9
1.98
1.32
1.23
1.571
2.64
1.97
1.97
2.65
3.5
2.85
1.47
1.34
1.533
1.9
2.04
2.44
1.65
1.8
3.8
5.1
1.2
1.3
2.1
2.44
1.65
2.1
1.85
1.35
5.6
10.5
1.07
1.181
3.45
2.04
1.9
2.18
1.8
3.75
3.5
2.16
1.76
1.34
1.31
2.7
1.55
2
1.94
1.27
6.2
15
1.036
1.153
4.1
1.8
2.18
2.3
1.72
2.6
3.3
3.05
1.42
1.37
1.55
1.82
2.15
1.8
2.18
2.56
3.3
3.1
1.41
1.37
1.56
1.8
2.18
1.85
2.1
2.35
3.4
3.4
1.363
1.363
1.65
1.666
2.4
2.04
1.9
4.3
3.55
2
1.88
1.333
1.25
3.1
1.444
1.97
1.97
1.45
5
8
1.111
1.21
2.92
1.61
2.54
2.18
1.8
1.181
8.5
19
1.022
1.095
5.4
2.3
1.72
3.1
1.45
2.7
3.4
2.85
1.47
1.363
1.51
1.92
2.02
1.8
2.18
4.6
3.5
1.952
1.93
1.34
1.23
1.533
2.75
1.9
2.04
2.5
3.45
3.1
1.41
1.35
1.58
1.78
2.2
2.1
1.85
21
8.9
1.166
5.8
1.09
1.017
1.71
2.32
1.92
2.02
1.24
7
15
1.036
1.125
4.45
2.8
1.52
2.62
1.58
2.54
3.4
3.05
1.42
1.363
1.571
1.8
2.18
1.85
2.1
1.125
10.5
31
1.001
1.07
7
1.75
2.25
1.98
1.96
3.6
3.4
2.26
1.7
1.363
1.333
2.56
1.6
2
1.94
4.25
3.65
1.98
1.9
1.32
1.26
1.52
2.8
2.12
1.84
2.06
3.65
3.9
1.3
1.32
1.833
1.5
2.875
2.28
1.74
2.62
3.6
2.82
1.48
1.333
1.54
1.9
2.04
2.44
1.65
2.45
3.4
3.2
1.39
1.363
1.61
1.74
2.26
1.9
2.04
1.111
13
26
1.008
1.05
7.6
2.04
1.9
1.85
2.1
1.952
3.6
4.45
1.24
1.333
1.93
2.75
1.533
2.04
1.9
1.6
4.3
6.3
1.153
1.25
2.46
2.04
1.9
2.12
1.833
1.27
6.6
13
1.05
1.143
4.1
2.25
1.75
1.8
2.18
1.727
4.1
5.2
1.19
1.27
2.22
2.26
1.74
2.62
1.58
1.42
5.1
8.8
1.09
1.2
3.05
1.7
2.35
2.04
1.9
1.34
5.9
10
1.075
1.166
3.5
2
1.94
2.3
1.72
1.47
4.2
7.2
1.085
1.222
2.625
1.8
2.04
2.8
1.45
1.2
6.5
14
1.01
1.1
4.4
2.15
1.72
1.96
1.86
3.95
3.4
1.952
1.82
1.3
1.24
2.875
1.43
2.15
1.72
2.64
3.35
2.64
1.47
1.31
1.47
1.91
1.91
2.22
1.68
2.88
3.35
2.42
1.54
1.31
1.4
2.08
1.76
2.6
1.51
2.64
3.35
2.64
1.47
1.31
1.47
1.91
1.91
2.6
1.51
1.92
3.4
4.1
1.222
1.3
1.85
2.66
1.49
2.52
1.54
1.42
4.4
7.9
1.07
1.2
2.8
1.727
2.14
1.91
1.91
2.8
3.3
2.5
1.51
1.32
1.42
2.02
1.81
1.71
2.16
6.3
3.75
1.58
2.34
1.26
1.111
1.79
2.05
1.92
1.9
1.8
3.45
4.7
1.181
1.3
1.98
2.48
1.55
1.8
2.04
2
3.35
3.85
1.25
1.31
1.78
1.45
2.8
1.92
1.9
1.833
4
3.35
1.25
1.181
1.81
2.54
1.48
3.35
1.3
1.333
5
7
1.05
1.125
2.88
2.1
1.69
2.3
1.571
2.06
2.8
4.6
1.181
1.42
1.74
1.38
3.1
1.4
3
2.35
2.8
3.65
1.27
1.42
1.571
1.571
2.44
1.444
2.82
1.952
2.9
5
1.166
1.4
1.82
1.333
3.35
1.43
2.875
2.05
2.8
4.7
1.181
1.42
1.74
1.37
3.15
1.47
2.72
2.32
2.75
3.8
1.25
1.43
1.59
1.54
2.52
1.43
2.875
2.16
2.8
4.2
1.222
1.42
1.666
1.444
2.82
1.63
2.32
2.18
3.35
3.65
1.31
1.363
1.727
1.56
2.64
1.9
2.02
2.2
3.25
3.7
1.31
1.37
1.72
1.56
2.64
1.85
2.08
2.45
3.3
3.125
1.4
1.363
1.59
1.75
2.22
1.85
2.08
4.85
4.333
1.7
2.26
1.25
1.21
1.76
2.24
2.7
1.55
2.25
3.6
3.3
1.35
1.31
1.68
1.65
2.42
2.52
1.6
1.3
6.5
9.7
1.065
1.125
3.65
1.87
2.06
3.25
1.4
1.571
4.333
6.3
1.133
1.23
2.46
1.98
1.94
2.875
1.5
2.4
3.65
2.85
1.444
1.3
1.59
1.79
2.12
2.6
1.55
2.98
3.7
2.3
1.64
1.3
1.41
2.22
1.72
2.75
1.5
2.3
3.65
3
1.41
1.3
1.64
1.71
2.24
2.44
1.61
3.6
3.6
2.05
1.79
1.3
1.3
2.68
1.52
2.54
1.571
1.37
5.9
7
1.111
1.143
3.2
1.97
1.91
2.75
1.5
2.52
3.5
2.78
1.46
1.32
1.54
1.85
2.04
2.68
1.52
2.18
3.7
3.2
1.363
1.3
1.71
1.63
2.4
2.46
1.6
1.76
3.95
4.55
1.21
1.26
2.1
2.375
1.64
2.46
1.6
4.55
3.95
1.76
2.1
1.26
1.21
1.65
2.35
2.68
1.52
2.28
3.5
3.15
1.38
1.32
1.65
1.666
2.32
2.35
1.65
1.42
5.3
6.7
1.125
1.166
2.94
1.7
2.26
1.74
2.2
4.6
4
1.74
2.12
1.26
1.21
1.666
2.32
1.8
2.1
2.06
3.65
3.75
1.3
1.3
1.8
1.52
2.76
2.24
1.76
1.81
3.9
4.85
1.2
1.27
2.04
2.44
1.64
2.46
1.63
2.3
3.55
3.25
1.363
1.32
1.65
1.68
2.35
2.2
1.77
1.78
4
4.7
1.21
1.26
2.08
2.38
1.666
2.52
1.6
1.34
5.7
9.6
1.065
1.153
3.4
2
1.92
2.86
1.49
3.6
3.35
2.08
1.72
1.31
1.285
2.6
1.51
1.87
1.952
2.5
3.25
2.85
1.41
1.333
1.51
1.79
2.05
1.72
2.15
2.68
3.25
2.65
1.46
1.333
1.45
1.92
1.9
1.75
2.1
2.88
3.25
2.48
1.52
1.333
1.4
2.06
1.78
1.72
2.15
6.5
3.85
1.55
2.4
1.25
1.1
5
1.181
1.952
1.87
1.25
5.5
13
1.016
1.143
3.8
1.82
2.02
1.88
1.94
1.6
3.75
6
1.125
1.26
2.3
2.1
1.75
1.77
2.08
2.8
3.15
2.6
1.48
1.34
1.42
1.99
1.84
1.76
2.08
2.35
3.2
3.125
1.35
1.333
1.571
1.666
2.24
1.6
2.375
2.82
3.2
2.55
1.49
1.333
1.41
2.02
1.82
1.8
2.04
2.25
3.2
3.3
1.32
1.333
1.615
1.61
2.35
1.65
2.26
2.3
3.2
3.2
1.333
1.333
1.59
1.64
2.28
1.8
2.04
3.85
3.35
2
1.78
1.31
1.25
2.8
1.45
1.7
2.18
2.65
3
2.88
1.4
1.37
1.46
1.833
1.99
1.6
2.375
1.9
3.3
4.95
1.2
1.363
1.96
1.35
3.6
1.9
2.02
3.15
2.9
2.72
1.5
1.45
1.39
2.12
1.82
1.8
2.15
1.94
3.3
4.7
1.222
1.363
1.92
1.38
3.4
1.9
2.02
2.14
3.3
3.85
1.285
1.363
1.76
1.52
2.76
1.8
2.15
1.65
3.8
6.2
1.143
1.3
2.32
2.18
1.78
1.9
2.02
3.8
3.2
2.15
1.727
1.363
1.285
2.68
1.52
1.65
2.35
2.9
3.2
2.6
1.51
1.363
1.43
2.05
1.84
1.6
2.46
2.25
3.2
3.5
1.32
1.363
1.666
1.59
2.48
1.6
2.46
1.952
3.3
4.4
1.222
1.35
1.88
1.4
3.15
1.6
2.46
1.75
3.6
5.2
1.181
1.3
2.12
2.4
1.63
1.8
2.1
2.78
3.1
2.78
1.46
1.39
1.46
1.94
1.94
1.571
2.54
2.55
3.2
2.96
1.41
1.363
1.533
1.81
2.1
1.5
2.75
2.15
3.25
3.7
1.3
1.363
1.727
1.533
2.64
1.55
2.6
2
3.3
4.2
1.24
1.35
1.833
2.92
1.45
1.65
2.35
1.8
3.55
4.9
1.19
1.31
2.04
2.48
1.59
1.99
1.89
1.7
3.6
5.7
1.153
1.3
2.18
2.3
1.68
1.75
2.18
1.3
6.2
10.5
1.07
1.153
3.8
1.9
2.04
2.56
1.6
1.6
4.1
6.4
1.133
1.26
2.4
2.05
1.88
2.18
1.8
2.78
3.3
2.76
1.5
1.37
1.49
1.98
1.96
1.89
2.06
2.3
3.25
3.55
1.32
1.363
1.65
1.615
2.5
1.8
2.15
2.3
3.4
3.2
1.363
1.333
1.64
1.666
2.32
1.78
2.14
2.15
3.3
3.65
1.3
1.35
1.727
1.54
2.62
1.85
2.04
2.74
3.35
2.65
1.5
1.34
1.47
1.97
1.909
1.75
2.18
3.3
3.5
2.2
1.69
1.32
1.35
2.42
1.615
1.9
1.98
2.7
3.3
2.88
1.444
1.35
1.49
1.9
2.04
1.87
2.08
1.72
3.9
5.5
1.166
1.27
2.18
2.3
1.72
1.94
2
1.68
3.9
5.9
1.153
1.27
2.24
2.24
1.76
1.98
1.96
2.1
3.45
3.95
1.27
1.333
1.77
1.51
2.84
1.9
2.04
4.5
3.95
1.833
2.02
1.27
1.222
3.35
1.4
1.8
2.18
1.3
5.5
14
1.03
1.166
3.65
1.952
1.99
2.25
1.75
1.25
6.5
15
1.025
1.125
4.15
1.78
2.2
2.34
1.7
2.58
3.35
3
1.41
1.35
1.533
1.833
2.12
1.99
1.952
4.6
3.45
1.952
1.89
1.333
1.21
3.2
1.42
1.94
2
2.42
3.45
3.15
1.38
1.333
1.59
1.74
2.26
2.16
1.81
1.74
3.6
6
1.143
1.31
2.14
2.36
1.69
1.82
2.15
1.85
3.6
4.95
1.19
1.31
2
2.58
1.59
1.7
2.34
4.6
3.6
1.9
1.94
1.31
1.21
1.56
2.68
1.92
2.02
1.72
3.55
6.4
1.133
1.32
2.18
2.3
1.72
1.85
2.1
1.9
3.5
4.8
1.2
1.32
1.94
2.68
1.56
1.85
2.1
3.65
3.3
2.25
1.68
1.35
1.3
2.58
1.59
2.04
1.9
7
4.3
1.55
2.52
1.24
1.111
1.98
1.96
2.02
1.92
3.45
3.3
2.35
1.63
1.35
1.333
2.42
1.66
1.87
2.08
1.55
4
8
1.09
1.26
2.52
1.97
1.97
1.82
2.15
1.6
4
6
1.143
1.26
2.38
2.1
1.8
1.55
2.6
2.4
3.4
3.05
1.4
1.333
1.59
1.727
2.22
1.65
2.35
1.35
5.3
8.9
1.07
1.166
3.3
2.14
1.78
1.85
2.04
2.55
3.4
2.82
1.45
1.333
1.533
1.85
2.04
1.6
2.46
2.4
3.4
3.05
1.4
1.333
1.59
1.727
2.22
1.6
2.46
2.6
3.4
2.75
1.47
1.333
1.51
1.89
1.99
1.6
2.46
1.8
3.4
5.2
1.181
1.333
2.04
2.52
1.58
1.6
2.46
1.92
3.5
4.25
1.24
1.32
1.909
1.41
3.1
1.6
2.46
1.5
4.333
6.9
1.111
1.23
2.64
1.89
1.99
1.85
2.04
1.5
4.2
7.3
1.1
1.24
2.64
1.9
1.98
1.6
2.46
4.05
3.4
2
1.833
1.333
1.25
2.92
1.45
1.6
2.46
2.4
3.2
3.2
1.363
1.363
1.59
1.7
2.25
1.5
2.75
3.7
3.4
2.1
1.76
1.333
1.3
2.7
1.51
1.75
2.18
1.75
3.4
5.7
1.153
1.333
2.12
2.4
1.63
1.6
2.46
2.7
3.2
2.8
1.45
1.363
1.48
1.9
1.98
1.75
2.18
1.75
3.4
5.7
1.153
1.333
2.12
2.4
1.63
1.6
2.46
2.3
3.2
3.4
1.333
1.363
1.64
1.63
2.4
1.5
2.75
1.75
3.4
5.7
1.153
1.333
2.12
2.4
1.63
1.6
2.46
2.3
3.45
3
1.37
1.3
1.59
1.69
2.2
2.26
1.65
3.65
3.3
2.08
1.72
1.32
1.27
2.625
1.5
1.91
1.91
5.5
4
1.6
2.3
1.23
1.143
1.8
2.04
1.91
1.91
1.4
4.7
7.6
1.075
1.181
2.88
2.3
1.63
1.86
1.96
2.5
3.1
2.98
1.38
1.35
1.51
1.76
2.08
1.8
2.04
1.96
3.6
4.4
1.25
1.333
1.92
1.42
3.2
1.6
2.56
3.75
3.4
2.15
1.77
1.363
1.31
2.7
1.55
1.78
2.2
1.69
3.95
5.9
1.166
1.285
2.28
2.24
1.76
1.94
2
3.3
3.3
2.44
1.61
1.37
1.37
2.32
1.71
1.69
2.36
9.2
5
1.363
3.2
1.181
1.07
1.78
2.14
2.1
1.8
1.2
7.3
14
1.027
1.1
4.75
2.16
1.76
2.48
1.59
1.006
21
61
0
0
15
2
1.833
1.85
1.97
2.1
3.3
3.6
1.285
1.32
1.71
1.51
2.6
2.375
1.6
2.35
3.55
2.98
1.41
1.31
1.615
1.74
2.2
2.35
1.65
2.72
3.55
2.55
1.533
1.31
1.48
2
1.88
2.46
1.6
1.65
4.05
5.3
1.166
1.25
2.28
2.16
1.76
2.35
1.65
2.35
3.55
2.98
1.41
1.31
1.615
1.74
2.2
2.46
1.6
1.9
3.6
4.2
1.24
1.3
1.93
1.41
3.1
2.25
1.7
6.2
3.9
1.56
2.38
1.24
1.111
1.84
1.98
2.18
1.7
4.65
3.8
1.81
2.06
1.3
1.222
1.61
2.5
1.86
2.08
4.2
3.6
1.94
1.92
1.32
1.25
3.125
1.43
1.92
2
2.88
3.4
2.56
1.55
1.35
1.45
2.08
1.85
2.08
1.86
2.02
3.5
4
1.27
1.333
1.85
1.47
2.94
2.14
1.81
2.625
3.5
2.75
1.49
1.333
1.533
1.91
2.02
2.02
1.9
2.42
3.45
3.05
1.41
1.34
1.6
1.76
2.22
1.92
2
1.85
3.35
4.55
1.19
1.31
1.92
2.6
1.51
1.952
1.87
1.727
3.5
5.2
1.153
1.285
2.08
2.34
1.615
1.97
1.85
7.6
3.85
1.5
2.54
1.25
1.075
1.94
1.88
2.1
1.75
6
3.75
1.6
2.3
1.26
1.125
1.78
2.06
2.28
1.64
2.35
3.2
3.125
1.35
1.333
1.571
1.666
2.24
2.1
1.75
2.35
3.3
3.05
1.363
1.32
1.571
1.69
2.2
1.87
1.952
1.8
3.7
4.6
1.21
1.3
2.04
1.35
3.45
1.96
1.92
7.4
4.6
1.45
2.82
1.21
1.1
2.14
1.77
2.1
1.8
3.6
3.4
2.12
1.74
1.333
1.3
2.62
1.54
1.8
2.1
2.46
3.3
3
1.41
1.35
1.571
1.76
2.16
1.75
2.18
2.48
3.25
2.88
1.4
1.333
1.52
1.78
2.06
1.72
2.15
2.625
3
2.9
1.4
1.37
1.47
1.82
2.02
1.84
1.99
2.05
3.4
4
1.27
1.35
1.82
1.48
2.9
1.7
2.32
1.3
5.6
12
1.05
1.166
3.75
1.952
1.97
1.94
1.98
1.571
3.9
7.2
1.125
1.285
2.5
2.04
1.89
1.72
2.28
1.5
4.2
7.9
1.1
1.25
2.7
1.87
2.06
2.06
1.87
6
3.7
1.68
2.26
1.31
1.153
1.74
2.24
1.96
1.96
2.4
3.2
2.75
1.363
1.285
1.47
1.75
2
1.6
2.25
2.4
3.2
2.75
1.363
1.285
1.47
1.75
2
1.666
2.12
1.94
3.4
4
1.23
1.3
1.833
2.76
1.46
1.87
1.952
2.85
3.25
2.5
1.51
1.333
1.41
2.05
1.79
1.68
2.22
3.85
3.35
2
1.78
1.31
1.25
5.7
1.125
2.02
1.81
7.1
4
1.5
2.54
1.23
1.085
5.5
1.153
2.04
1.8
2
3.35
3.85
1.25
1.31
1.78
1.45
2.8
1.7
2.18
4.55
4
1.7
2.12
1.23
1.19
3.5
1.31
3.6
1.3
2.1
3.3
4.25
1.26
1.37
1.8
1.47
2.98
1.65
2.44
1.5
4.5
7.9
1.111
1.24
2.75
1.85
2.1
2.04
1.9
4.85
3.8
1.833
2.06
1.3
1.21
3.55
1.363
2.02
1.92
1.25
6.5
14
1.04
1.143
4.333
1.78
2.2
2.1
1.85
3.125
3.3
2.55
1.571
1.37
1.41
2.2
1.79
1.85
2.1
2.35
3.25
3.4
1.363
1.38
1.65
1.666
2.4
1.65
2.44
1.9
3.45
4.75
1.222
1.35
1.98
1.38
3.45
1.7
2.34
2.15
3.35
3.8
1.3
1.363
1.77
1.54
2.74
1.68
2.38
3.65
3.3
2.28
1.69
1.37
1.32
2.56
1.6
1.75
2.25
2.55
3.25
3.05
1.42
1.38
1.571
1.81
2.16
1.68
2.38
2.25
3.25
3.65
1.32
1.38
1.7
1.59
2.58
1.7
2.34
2.2
3.25
3.8
1.3
1.38
1.74
1.55
2.7
1.75
2.25
3.6
3.45
2.24
1.71
1.35
1.333
2.56
1.6
1.8
2.18
1.25
6.3
15
1.036
1.153
4.333
1.85
2.1
2.25
1.75
1.35
5.6
9.4
1.08
1.181
3.45
2.08
1.87
2.1
1.85
3.2
3.2
2.5
1.58
1.39
1.39
2.25
1.75
1.7
2.34
3.35
3.2
2.4
1.63
1.39
1.363
2.36
1.69
1.7
2.34
1.9
3.3
5.1
1.2
1.37
1.98
2.74
1.54
1.7
2.34
2.3
3.2
3.6
1.333
1.39
1.68
1.615
2.52
1.75
2.25
1.8
3.6
5.2
1.19
1.333
2.1
2.48
1.63
1.8
2.18
2.2
3.2
3.85
1.3
1.39
1.74
1.55
2.7
1.65
2.44
1.45
4.45
9
1.085
1.24
2.92
1.78
2.2
1.85
2.1
2.5
3.15
3.25
1.38
1.4
1.58
1.74
2.26
1.8
2.18
2.55
3.1
3.15
1.39
1.4
1.55
1.77
2.2
1.7
2.32
2.05
3.35
4.1
1.26
1.363
1.82
1.47
2.94
1.65
2.42
2.05
3.35
4.1
1.26
1.363
1.82
1.47
2.94
1.65
2.42
3.7
3.25
2.2
1.72
1.37
1.31
2.64
1.56
1.68
2.35
1.35
5.3
9.9
1.07
1.181
3.4
2.12
1.82
1.85
2.08
1.65
3.65
6.6
1.133
1.31
2.32
2.2
1.77
1.7
2.32
1.5
4
8.8
1.085
1.27
2.7
1.88
2.05
1.8
2.15
1.9
3.5
4.55
1.222
1.333
1.96
2.7
1.54
1.85
2.08
2.06
3.25
4.2
1.25
1.37
1.81
2.98
1.46
1.9
2.02
2.94
3.2
2.65
1.52
1.38
1.444
2.08
1.86
1.9
2.02
6.7
3.9
1.6
2.44
1.285
1.125
1.85
2.08
1.75
2.22
1.166
7
17
0
1.09
4.9
1.91
1.91
2.48
1.55
4.05
3.7
1.85
1.92
1.27
1.23
1.51
2.6
1.833
1.99
1.98
3.5
3.75
1.26
1.285
1.8
2.82
1.444
1.952
1.87
2.4
3.3
2.95
1.38
1.32
1.55
1.727
2.14
1.91
1.91
1.6
4.1
6.2
1.143
1.26
2.44
2.08
1.85
2.02
1.9
3.5
3.4
2.25
1.69
1.35
1.333
2.5
1.61
2.22
1.75
3.35
3.45
2.25
1.69
1.34
1.363
2.44
1.64
2.05
1.88
2.25
3.5
3.2
1.363
1.32
1.666
1.65
2.35
2.24
1.71
1.6
3.9
6.2
1.133
1.27
2.38
2.06
1.833
1.99
1.89
2.02
3.5
3.85
1.285
1.32
1.82
1.48
2.82
1.93
1.952
2.24
3.4
3.3
1.35
1.333
1.666
1.63
2.4
2.1
1.8
1.8
3.7
5
1.19
1.3
2.06
1.333
3.7
1.89
2.05
3.5
3.4
2.24
1.68
1.34
1.32
2.5
1.61
1.74
2.26
3.9
3.7
2
1.85
1.3
1.27
2.9
1.48
2.26
1.727
1.7
3.7
5.5
1.166
1.3
2.18
2.24
1.71
2.6
1.55
3.5
3.6
2.1
1.76
1.3
1.32
2.6
1.55
2.6
1.55
1.952
3.7
3.85
1.285
1.3
1.88
2.78
1.49
2.4
1.63
4.7
3.9
1.8
2.06
1.27
1.21
1.66
2.4
2.28
1.72
1.68
3.9
5.7
1.153
1.27
2.24
2.18
1.79
2.08
1.85
4.5
3.8
1.85
2
1.285
1.222
1.6
2.54
2.2
1.77
1.615
4.3
5.7
1.153
1.24
2.36
2.02
1.909
2.35
1.68
1.97
3.65
4.1
1.26
1.3
1.87
1.45
3.05
2.32
1.7
3.35
3.35
2.34
1.63
1.35
1.35
2.38
1.666
2.15
1.8
2.2
3.7
3.35
1.35
1.3
1.7
1.63
2.46
2.22
1.75
1.7
4
5.3
1.181
1.26
2.2
2.24
1.74
2.32
1.7
2.1
3.6
3.7
1.3
1.31
1.77
1.533
2.72
2.32
1.7
2.1
3.7
3.6
1.31
1.3
1.77
1.55
2.66
2.08
1.86
1.4
4.8
8.4
1.08
1.2
3.05
1.666
2.32
2.46
1.6
1.9
3.7
4.1
1.25
1.3
1.93
1.42
3.05
2.26
1.7
2.1
3.4
3.7
1.3
1.333
1.76
1.52
2.68
1.952
1.93
8.5
5.2
1.4
3.05
1.181
1.08
1.77
2.2
2.28
1.72
2.76
3.4
2.7
1.49
1.34
1.47
1.98
1.94
2.05
1.88
2.2
3.5
3.15
1.34
1.285
1.65
1.615
2.34
2.8
1.45
1.666
4
4.8
1.181
1.23
2.16
2.18
1.7
2.82
1.444
2.25
3.5
3.05
1.363
1.285
1.615
1.66
2.25
2.44
1.571
2.15
3.6
3.65
1.32
1.333
1.77
1.56
2.68
1.833
2.12
2
3.6
4.2
1.26
1.333
1.88
2.875
1.5
1.666
2.4
5.4
4
1.727
2.22
1.285
1.181
1.727
2.3
2.25
1.75
2.6
3.5
2.9
1.46
1.34
1.55
1.87
2.08
1.75
2.25
1.85
3.75
4.25
1.24
1.285
1.98
2.54
1.571
2.42
1.615
1.909
3.6
3.9
1.24
1.285
1.86
2.66
1.49
3
1.4
14
6.5
1.2
4.4
1.1
1.01
1.78
2.06
3.6
1.3
1.69
3.6
5.3
1.143
1.285
2.12
2.28
1.64
1.56
2.46
1.52
3.75
7.6
1.075
1.26
2.48
1.94
1.88
1.65
2.26
5.4
3.55
1.69
2.12
1.285
1.143
1.64
2.28
1.6
2.375
1.42
4.3
8.2
1.065
1.21
2.8
1.74
2.12
1.75
2.1
2.05
3
4.2
1.222
1.37
1.74
2.96
1.41
1.75
2.1
2
3
4.45
1.2
1.37
1.78
2.92
1.42
1.7
2.18
2.52
3.05
3
1.37
1.363
1.5
1.76
2.08
1.5
2.625
1.78
3.3
5.2
1.153
1.32
2
2.46
1.56
1.66
2.25
2.45
3.05
3.1
1.35
1.363
1.533
1.71
2.16
1.55
2.48
1.76
3.9
4.95
1.19
1.27
2.12
2.35
1.68
2.24
1.76
3.85
3.7
2.02
1.833
1.3
1.285
2.86
1.49
2.12
1.82
2.26
3.75
3.15
1.38
1.3
1.666
1.68
2.35
2.42
1.65
2.38
3.7
2.98
1.42
1.3
1.61
1.76
2.22
2.86
1.49
2.04
3.6
3.9
1.27
1.31
1.81
1.49
2.86
2
1.92
9.1
5.1
1.39
3.1
1.181
1.075
1.77
2.2
2.3
1.72
1.96
3.9
3.85
1.285
1.27
1.88
2.72
1.533
2.66
1.55
3
3.75
2.35
1.63
1.3
1.41
2.22
1.75
2.25
1.75
7.1
4.8
1.444
2.84
1.2
1.111
1.65
2.35
2.26
1.7
4.333
3.75
1.84
1.99
1.285
1.23
1.56
2.56
2
1.88
3.1
3.3
2.4
1.59
1.35
1.39
2.22
1.72
1.88
2
1.75
3.9
4.7
1.2
1.27
2.12
2.35
1.65
2.16
1.76
3.7
3.4
2.1
1.76
1.333
1.3
2.68
1.52
1.77
2.14
5.1
4.1
1.66
2.26
1.25
1.181
1.75
2.18
2.46
1.6
1.9
3.7
4.1
1.25
1.3
1.93
2.68
1.52
1.96
1.92
2.56
3.3
2.875
1.444
1.35
1.533
1.833
2.06
1.76
2.16
1.92
3.65
4.05
1.25
1.3
1.909
2.72
1.51
1.89
1.99
2
3.6
3.8
1.285
1.3
1.833
2.85
1.47
2.06
1.833
3.1
3.3
2.42
1.58
1.35
1.39
2.22
1.727
1.77
2.14
2.3
3.55
3.35
1.363
1.333
1.68
1.66
2.42
2.62
1.58
1.001
29
41
0
0
16
1.91
1.91
1.65
2.26
1.45
4.5
6.8
1.095
1.19
2.68
2.1
1.76
3
1.4
