2.5
3.6
2.75
1.47
1.3
1.55
1.85
2.04
2.4
1.63
2.35
3.3
3.2
1.363
1.35
1.615
1.68
2.3
1.98
1.9
2.45
3.4
2.95
1.42
1.333
1.571
1.78
2.14
2
1.88
2.45
3.4
2.95
1.42
1.333
1.571
1.78
2.14
2.02
1.86
2.66
3.15
2.875
1.444
1.38
1.49
1.87
2.02
1.7
2.26
2.65
3.5
2.65
1.5
1.32
1.5
1.94
1.94
2.18
1.75
2.65
3.5
2.65
1.5
1.32
1.5
1.94
1.94
2.18
1.75
2.65
3.5
2.65
1.5
1.32
1.5
1.94
1.94
2.18
1.75
2.62
3.6
2.62
1.51
1.3
1.51
1.94
1.94
2.35
1.65
2.44
3.3
3.05
1.4
1.35
1.571
1.75
2.18
1.85
2.04
3.125
3.3
2.3
1.59
1.32
1.35
2.2
1.69
1.91
1.91
2.45
3.1
3.4
1.34
1.39
1.58
1.69
2.34
2.24
1.74
3.8
3.75
2.02
1.833
1.3
1.285
1.49
2.86
2.28
1.72
3.2
3.8
2.22
1.69
1.285
1.37
2.4
1.66
2.42
1.65
1.533
4.5
6.6
1.125
1.222
2.56
1.92
2
2.32
1.7
4
3.75
1.96
1.88
1.3
1.26
2.98
1.46
2.34
1.69
2.46
3.3
3
1.41
1.35
1.571
1.76
2.16
1.952
1.93
1.3
5.8
10
1.06
1.153
3.65
1.91
1.97
2.56
1.56
1.5
4.6
6.3
1.133
1.21
2.64
1.87
2.02
2.24
1.71
2.2
3.6
3.25
1.363
1.3
1.69
1.63
2.4
2.2
1.74
1.96
3.45
4.15
1.25
1.333
1.87
2.78
1.49
2.44
1.61
2.96
3.45
2.58
1.55
1.35
1.444
2.14
1.85
1.99
1.97
1.571
4.35
6.7
1.133
1.25
2.54
1.99
1.97
2.22
1.79
1.76
3.9
5.2
1.19
1.3
2.16
2.375
1.7
2.14
1.84
2
3.5
4.333
1.25
1.34
1.88
2.92
1.5
1.74
2.3
3.45
3.4
2.32
1.666
1.363
1.35
2.45
1.66
1.84
2.14
1.89
3.55
4.9
1.21
1.333
1.99
2.68
1.571
1.74
2.3
5.8
4.05
1.68
2.3
1.285
1.166
1.78
2.24
2.02
1.94
1.72
4
5.4
1.181
1.285
2.22
2.3
1.74
2.2
1.8
6.9
4.2
1.58
2.52
1.26
1.133
1.952
2.02
2.12
1.86
2.02
3.5
4.3
1.25
1.34
1.87
1.45
3.125
1.91
2.05
1.89
3.65
4.7
1.222
1.32
1.99
1.39
3.45
1.87
2.1
1.9
3.6
4.75
1.222
1.333
1.98
1.39
3.45
1.91
2.05
7.2
4.1
1.58
2.52
1.27
1.125
1.96
2
2.3
1.74
1.74
3.65
6
1.166
1.32
2.2
2.35
1.71
2.06
1.909
1.56
4.25
7.2
1.125
1.26
2.56
1.99
1.97
1.79
2.22
2
3.65
4.15
1.27
1.32
1.88
1.47
3.05
2
1.96
2.8
3.4
2.75
1.5
1.363
1.48
2
1.96
1.98
1.98
6.6
3.75
1.68
2.3
1.31
1.143
1.79
2.22
2.14
1.85
1.333
5.5
12
1.055
1.181
3.55
2.02
1.952
2.24
1.77
1.42
4.9
9.4
1.08
1.21
3.05
2.26
1.76
2.14
1.84
3.35
3.35
2.4
1.63
1.363
1.363
2.375
1.7
1.85
2.14
1.27
6.2
15
1.036
1.153
4.1
1.81
2.18
2.375
1.7
1.23
7
17
1.03
1.125
4.6
2.18
1.82
2.6
1.6
1.72
3.75
6
1.166
1.31
2.22
2.28
1.75
2.2
1.8
8
5
1.45
2.92
1.21
1.111
1.72
2.34
2.32
1.727
1.7
3.7
6.4
1.143
1.32
2.26
2.28
1.75
1.833
2.15
1.87
3.55
5
1.21
1.333
2.02
1.363
3.6
1.79
2.22
2.05
3.5
4.15
1.27
1.34
1.84
1.48
2.98
2.14
1.84
6.6
4
1.63
2.4
1.285
1.143
1.87
2.1
2.3
1.74
4.2
3.6
2
1.88
1.333
1.26
3.1
1.46
1.85
2.14
2.3
3.45
3.3
1.35
1.333
1.65
3.5
1.363
1.82
2.12
2.24
3.4
3.5
1.32
1.34
1.68
1.61
2.5
1.88
2.05
2.58
3.4
2.9
1.444
1.34
1.533
1.85
2.08
1.82
2.12
2.52
3.4
3
1.41
1.34
1.55
1.8
2.15
1.88
2.05
2.75
3.45
2.68
1.5
1.333
1.48
1.98
1.94
2
1.92
2.92
3.5
2.52
1.55
1.32
1.43
2.12
1.82
2.05
1.88
1.66
3.9
6
1.143
1.27
2.28
2.22
1.76
1.77
2.2
2.375
3.4
3.2
1.37
1.34
1.61
1.71
2.3
2.02
1.9
2.06
3.45
4
1.26
1.333
1.8
1.48
2.9
2.05
1.88
2.25
3.4
3.5
1.32
1.34
1.68
1.61
2.5
1.89
2.04
2.14
3.35
3.85
1.285
1.35
1.74
1.52
2.76
1.74
2.25
1.85
3.6
4.8
1.2
1.31
2
2.55
1.59
2.08
1.85
2.9
3.35
2.62
1.52
1.35
1.444
2.08
1.86
1.97
1.952
2.88
3.4
2.6
1.52
1.34
1.444
2.08
1.86
1.93
1.99
7.1
4.3
1.533
2.56
1.24
1.111
2
1.92
2.28
1.72
6.2
4.15
1.6
2.4
1.25
1.133
1.87
2.06
2.15
1.8
4.05
3.6
2
1.85
1.31
1.26
1.5
2.82
2.08
1.85
1.64
3.85
6.4
1.133
1.285
2.32
2.14
1.81
2.02
1.91
2.25
3.5
3.2
1.363
1.32
1.666
1.65
2.35
1.94
1.94
4.6
3.6
1.833
2
1.3
1.21
1.571
2.54
2.04
1.85
1.615
4
5.8
1.153
1.26
2.35
2.1
1.8
2.06
1.833
2.3
3.4
3.2
1.363
1.333
1.64
1.666
2.32
1.94
1.94
1.444
4.5
7.9
1.09
1.222
2.84
1.76
2.16
2.26
1.7
2.05
3.5
3.75
1.285
1.32
1.79
1.5
2.75
1.97
1.909
1.727
3.9
4.85
1.19
1.27
2.15
2.32
1.666
2.1
1.8
1.833
3.5
4.75
1.2
1.32
2
2.56
1.56
1.833
2.06
3.2
3.4
2.3
1.64
1.333
1.363
2.32
1.666
1.94
1.94
1.833
3.5
4.75
1.2
1.32
2
2.56
1.56
1.727
2.22
3.1
2.9
2.8
1.46
1.444
1.39
2.08
1.86
1.47
2.94
2.48
2.94
3.55
1.32
1.43
1.571
1.666
2.38
1.42
3.15
2.44
3.15
3.35
1.35
1.38
1.58
1.69
2.34
1.5
2.82
1.72
3.55
6.1
1.143
1.32
2.18
2.34
1.69
1.615
2.48
2.28
3.2
3.65
1.3
1.37
1.66
1.59
2.55
1.48
2.9
1.64
3.8
6.5
1.125
1.285
2.32
2.22
1.76
1.63
2.46
2.6
3.2
3.05
1.4
1.37
1.52
1.81
2.14
1.54
2.68
3.125
3.125
2.6
1.52
1.39
1.39
2.16
1.79
1.63
2.46
3.7
3.2
2.25
1.68
1.37
1.3
2.58
1.58
1.55
2.66
1.98
3.3
4.3
1.23
1.35
1.85
2.92
1.45
1.5
2.75
2.25
3.3
3.4
1.333
1.35
1.666
3.45
1.35
1.52
2.68
2.32
3.05
3.55
1.31
1.4
1.63
1.6
2.46
1.52
2.68
2.25
3.1
3.65
1.3
1.39
1.666
1.571
2.54
1.48
2.82
2.1
3.1
4.1
1.25
1.39
1.76
1.47
2.85
1.54
2.62
3.7
3.05
2.25
1.666
1.4
1.3
2.56
1.56
1.59
2.48
1.52
3.9
7.9
1.09
1.27
2.58
1.94
1.94
1.55
2.6
2.75
3.2
2.75
1.47
1.363
1.47
1.94
1.94
1.58
2.52
5.3
3.4
1.79
2.06
1.333
1.166
3.8
1.3
1.533
2.64
2.35
3.1
3.4
1.333
1.39
1.615
1.64
2.375
1.51
2.7
3.35
3.05
2.4
1.59
1.4
1.34
2.32
1.666
1.51
2.7
2.65
3.3
2.65
1.46
1.32
1.46
1.91
1.91
1.7
2.18
2.1
3.4
3.45
1.3
1.3
1.71
1.533
2.54
1.7
2.18
3.25
3.4
2.2
1.65
1.3
1.333
2.375
1.6
1.82
2.02
2.4
3.2
3.05
1.363
1.333
1.55
1.71
2.16
1.8
2.04
1.952
3.5
3.85
1.25
1.285
1.82
1.444
2.82
1.8
2.04
1.55
4
6.1
1.125
1.23
2.4
1.99
1.833
1.75
2.1
3.35
3.45
2.2
1.69
1.333
1.34
2.44
1.61
1.85
2.04
2.3
3.6
3.05
1.4
1.3
1.64
1.7
2.26
2
1.88
1.571
4.45
5.5
1.166
1.222
2.45
2.02
1.87
2.04
1.85
2
3.6
3.8
1.285
1.3
1.833
1.48
2.82
2.4
1.63
2.5
3.5
2.8
1.45
1.32
1.55
1.833
2.06
1.84
2.05
1.98
3.6
3.85
1.285
1.3
1.85
1.47
2.85
2.05
1.84
2
3.6
3.8
1.285
1.3
1.833
1.48
2.82
1.84
2.05
6
4.25
1.6
2.4
1.24
1.143
1.88
2.05
2.32
1.7
3.1
3.4
2.45
1.58
1.34
1.39
2.22
1.75
1.9
2.02
1.444
4.6
8.6
1.08
1.21
2.86
2.24
1.74
2.12
1.82
1.8
3.8
4.85
1.2
1.285
2.06
1.34
3.65
2.46
1.63
5.5
4.1
1.666
2.26
1.26
1.166
1.78
2.18
2.18
1.78
1.98
3.45
4.333
1.23
1.333
1.86
1.43
3.125
1.9
2.02
2.52
3.6
2.85
1.45
1.31
1.55
1.85
2.08
2.05
1.88
1.24
6.4
16
1.021
1.133
4.25
2.15
1.8
2.66
1.55
1.6
3.7
6.1
1.125
1.27
2.3
2.05
1.79
1.7
2.18
1.2
7
12
1.022
1.09
4.4
1.6
2.375
2.625
1.5
4.85
3.8
1.7
2.12
1.25
1.166
1.64
2.28
1.91
1.91
1.45
4.4
7.1
1.085
1.2
2.68
1.79
2.05
1.76
2.08
2.05
3.25
3.8
1.25
1.333
1.74
1.47
2.72
2.08
1.77
1.55
3.85
6.5
1.1
1.25
2.4
1.97
1.85
1.909
1.91
1.4
4.95
7
1.09
1.166
2.88
2.22
1.68
2.56
1.52
2.55
3.3
2.75
1.43
1.32
1.49
1.84
1.99
2.18
1.7
2.95
3.3
2.4
1.55
1.32
1.38
2.14
1.727
2.26
1.65
3.3
3.2
2.25
1.615
1.333
1.32
2.35
1.61
1.65
2.26
1.6
3.7
6.1
1.125
1.27
2.3
2.1
1.75
1.65
2.26
1.35
5.3
7.8
1.07
1.143
3.125
2.14
1.727
1.8
2.04
2.22
3.3
3.3
1.32
1.32
1.64
1.6
2.375
1.85
1.97
1.833
3.65
4.85
1.2
1.3
2.02
1.35
3.6
1.92
2
1.71
3.8
5.6
1.166
1.285
2.18
2.26
1.727
1.9
2.02
1.97
3.6
4.15
1.25
1.31
1.87
1.444
3.05
1.84
2.1
1.87
3.4
5.1
1.181
1.34
1.97
2.64
1.56
1.58
2.58
1.444
4.65
8.5
1.08
1.21
2.86
2.35
1.68
2.1
1.84
1.9
3.5
4.7
1.21
1.32
1.94
1.38
3.4
1.72
2.28
1.9
3.65
4.45
1.222
1.3
1.94
1.4
3.25
1.9
2.02
1.5
4.2
8.3
1.085
1.25
2.66
1.88
2.05
1.71
2.3
4.05
3.4
2.06
1.8
1.34
1.26
2.9
1.48
1.7
2.32
2.44
3.3
3.2
1.37
1.35
1.58
1.727
2.26
1.8
2.15
1.72
3.9
4.9
1.19
1.27
2.16
2.3
1.68
2.12
1.79
2.1
3.5
3.6
1.3
1.32
1.76
1.533
2.64
1.89
1.99
1.52
4.3
6.6
1.125
1.23
2.58
1.91
1.97
2.15
1.77
3.05
3.35
2.4
1.59
1.34
1.4
2.22
1.727
2.02
1.86
2.875
3.4
2.5
1.55
1.333
1.444
2.1
1.81
1.96
1.92
2.26
3.4
3.1
1.35
1.3
1.615
3.35
1.333
1.8
2.04
3.05
3.3
2.35
1.571
1.32
1.363
2.2
1.69
1.74
2.12
1.615
3.75
5.8
1.125
1.26
2.26
2.12
1.74
1.75
2.1
2.16
3.3
3.4
1.3
1.32
1.666
1.56
2.46
1.66
2.25
1.615
3.7
5.9
1.125
1.27
2.26
2.12
1.74
1.833
2
2.2
3.3
3.35
1.31
1.32
1.65
1.58
2.42
1.87
1.952
5.2
3.65
1.69
2.12
1.27
1.153
1.66
2.25
2.02
1.82
1.7
3.55
5.3
1.143
1.285
2.12
2.28
1.64
1.92
1.9
1.55
3.85
6.5
1.1
1.25
2.4
1.99
1.833
1.833
2
2.24
3.65
3.4
1.363
1.32
1.71
1.63
2.48
2.26
1.74
2.28
3.45
3.5
1.34
1.35
1.69
1.63
2.48
1.94
2
2.62
3.6
2.82
1.48
1.333
1.54
1.9
2.04
2.26
1.74
2.14
3.65
3.65
1.32
1.32
1.77
1.56
2.68
2.2
1.78
3.2
3.55
2.38
1.64
1.333
1.39
2.3
1.72
2.16
1.81
3.45
3.5
2.28
1.69
1.34
1.35
2.46
1.64
2.04
1.9
3.05
3.65
2.42
1.615
1.32
1.42
2.22
1.77
2.38
1.68
2.06
3.85
3.7
1.32
1.3
1.833
1.533
2.75
2.52
1.615
2.36
3.6
3.2
1.39
1.333
1.65
1.71
2.32
2.1
1.85
1.94
3.85
4.15
1.27
1.3
1.94
1.444
3.1
2.2
1.78
1.1
14
31
1.001
1.04
8.2
1.75
2.25
2
1.94
1.444
4.7
9.1
1.085
1.222
2.95
1.74
2.28
2.44
1.65
2.12
3.65
3.7
1.32
1.32
1.79
1.55
2.7
2.06
1.89
8.2
4.4
1.5
2.75
1.25
1.1
2.12
1.84
2.875
1.5
2.04
3.8
3.8
1.3
1.3
1.85
1.51
2.84
2.52
1.615
1.86
3.7
4.8
1.222
1.32
2.02
2.54
1.61
2.34
1.7
2.25
3.5
3.5
1.34
1.34
1.7
1.615
2.52
2.12
1.833
1.63
4
6.6
1.143
1.285
2.4
2.1
1.85
2.2
1.78
2.7
3.45
2.82
1.48
1.35
1.51
1.93
2.02
2.04
1.9
2.2
3.6
3.55
1.333
1.333
1.74
1.59
2.58
2.34
1.7
2.5
3.5
3.05
1.42
1.34
1.58
1.79
2.2
2.26
1.74
11
5.4
1.35
3.45
1.181
1.065
1.94
2
1.952
1.99
2.4
3.5
3.2
1.39
1.34
1.63
1.727
2.3
2.34
1.7
1.8
3.8
5.1
1.2
1.3
2.1
2.42
1.66
2.34
1.7
1.55
4.25
7.4
1.125
1.26
2.6
1.94
2
2.44
1.65
3.4
3.6
2.25
1.7
1.333
1.363
2.46
1.64
2.2
1.78
3.05
3.5
2.5
1.58
1.34
1.42
2.2
1.79
1.97
1.97
2.98
3.45
2.5
1.56
1.333
1.42
2.15
1.8
1.89
2.04
2.46
3.4
3.1
1.39
1.34
1.571
1.76
2.22
1.82
2.12
2.06
3.55
3.85
1.285
1.32
1.8
1.5
2.82
1.94
1.98
1.666
3.95
5.8
1.153
1.27
2.26
2.18
1.78
2.18
1.78
1.45
4.85
7.7
1.095
1.2
2.84
1.77
2.2
2
1.92
2.52
3.4
2.98
1.42
1.34
1.55
1.81
2.14
1.81
2.14
2.02
3.65
3.9
1.27
1.3
1.833
1.49
2.86
1.87
2.06
3.1
3.4
2.46
1.571
1.34
1.39
2.22
1.76
1.9
2.02
2.95
3.45
2.52
1.55
1.333
1.42
2.12
1.82
1.94
1.98
6.2
4.15
1.45
2.46
1.166
1.07
2.05
1.72
2.64
1.45
1.55
3.8
5.4
1.095
1.2
2.22
1.98
1.77
2.16
1.65
1.65
3.65
4.7
1.133
1.222
2.04
2.14
1.66
2.18
1.64
2.3
3.25
2.85
1.34
1.27
1.51
1.666
2.12
2
1.75
2.55
3.2
2.58
1.41
1.285
1.42
1.86
1.88
2.16
1.65
2.1
3.3
3.6
1.285
1.32
1.71
1.51
2.6
1.97
1.85
1.52
3.9
6.9
1.09
1.24
2.48
1.91
1.91
2.02
1.82
3.45
3.45
2.24
1.68
1.333
1.333
2.5
1.615
2.02
1.9
2.45
3.55
2.98
1.42
1.32
1.58
1.79
2.16
2.08
1.85
1.9
3.55
4.6
1.21
1.32
1.94
1.38
3.4
2.02
1.9
1.45
4.8
7.8
1.095
1.2
2.84
1.75
2.22
2.32
1.7
2.44
3.45
3.05
1.4
1.333
1.58
1.76
2.22
1.98
1.94
2.1
3.55
3.75
1.3
1.32
1.77
1.533
2.72
2.08
1.85
1.63
4
5.6
1.153
1.26
2.32
2.1
1.8
2.6
1.55
2.64
3.5
2.64
1.5
1.32
1.5
1.94
1.94
2.04
1.85
1.7
3.9
5.1
1.181
1.27
2.18
2.26
1.7
2.1
1.8
1.23
6.5
13
1.035
1.125
4.3
2
1.88
1.94
1.94
2.55
3.5
2.75
1.47
1.32
1.533
1.87
2.02
2.1
1.8
5.3
3.75
1.75
2.12
1.3
1.181
1.69
2.34
2.52
1.6
2.05
3.45
4.2
1.26
1.35
1.84
2.98
1.47
1.78
2.2
1.133
11
23
1.013
1.065
6.7
2.02
1.93
1.9
2.04
1.65
3.95
6.4
1.143
1.285
2.35
2.15
1.82
2.1
1.85
14
6.7
1.26
4.2
1.133
1.04
2.2
1.78
2.02
1.92
1.26
6.7
14
1.04
1.133
4.2
1.77
2.22
2.48
1.63
3.6
3.45
2.24
1.71
1.35
1.333
2.56
1.6
1.82
2.15
2.48
3.3
3.25
1.38
1.37
1.59
1.74
2.26
1.88
2.08
2.9
3.5
2.6
1.55
1.34
1.46
2.08
1.87
1.87
2.08
1.68
4.05
5.8
1.166
1.285
2.3
2.2
1.79
2.25
1.75
2.6
3.45
2.94
1.45
1.35
1.55
1.86
2.1
2
1.94
1.9
3.5
4.9
1.21
1.34
1.98
2.68
1.56
1.72
2.3
1.68
3.9
6.1
1.153
1.3
2.3
2.22
1.77
1.9
2.04
7.2
4.333
1.55
2.6
1.25
1.125
1.94
2
1.9
2.04
2
3.45
4.45
1.24
1.35
1.88
2.875
1.5
1.9
2.04
1.111
12
31
1.001
1.055
7.6
1.952
1.99
2.44
1.65
2.44
3.3
3.3
1.37
1.37
1.61
1.71
2.32
1.89
2.06
1.952
3.5
4.6
1.23
1.34
1.93
2.75
1.533
1.99
1.952
2.75
3.35
2.84
1.47
1.363
1.5
1.94
2
1.99
1.952
1.5
4.6
7.6
1.111
1.23
2.75
1.85
2.1
2.04
1.9
7.7
5.1
1.45
2.92
1.2
1.111
1.7
2.34
2.875
1.5
1.952
3.55
4.5
1.24
1.333
1.93
2.8
1.52
1.8
2.18
14
6.4
1.27
4.1
1.143
1.04
2.2
1.78
2.875
1.5
2.1
3.35
4.15
1.27
1.363
1.8
1.48
2.95
1.833
2.12
1.181
8.6
19
1.022
1.095
5.4
1.96
1.98
2.1
1.85
1.952
3.5
4.6
1.23
1.34
1.93
2.84
1.51
1.94
2
2.5
3.4
3.125
1.41
1.363
1.58
1.77
2.22
1.78
2.2
1.7
3.9
5.9
1.166
1.3
2.26
2.25
1.75
2.04
1.9
2.1
3.4
4.1
1.27
1.363
1.8
1.49
2.9
2.18
1.8
1.72
3.8
5.9
1.166
1.3
2.22
2.26
1.74
2.12
1.833
2
3.4
4.5
1.24
1.363
1.88
2.875
1.5
1.8
2.18
1.66
3.8
6
1.153
1.3
2.3
2.22
1.76
1.79
2.16
2.85
3.2
2.72
1.5
1.38
1.46
2.02
1.91
1.71
2.3
1.97
3.5
4.2
1.25
1.333
1.89
1.444
3.05
1.79
2.16
2
3.4
4.2
1.25
1.35
1.86
1.444
3.05
1.727
2.26
1.93
3.5
4.4
1.24
1.333
1.93
1.41
3.2
1.96
1.96
2
3.4
4.2
1.25
1.35
1.86
1.444
3.05
1.76
2.22
1.85
3.4
4.45
1.2
1.3
1.92
2.56
1.52
2.04
1.8
2.3
3.15
3.25
1.333
1.34
1.59
1.63
2.3
2.04
1.8
2.14
3.15
3.65
1.27
1.34
1.68
1.51
2.6
1.75
2.1
1.8
3.4
4.8
1.181
1.3
1.98
2.48
1.55
1.82
2.02
3.05
3.125
2.45
1.533
1.35
1.363
2.15
1.72
1.833
2
1.46
4.1
7.6
1.075
1.222
2.66
1.8
2.04
1.92
1.9
2.64
3.125
2.78
1.43
1.35
1.47
1.86
1.96
1.7
2.18
2.4
3.1
3.125
1.35
1.35
1.55
1.69
2.2
1.75
2.1
1.7
3.5
5.4
1.143
1.285
2.12
2.26
1.65
2.1
1.75
3.45
3.2
2.2
1.65
1.333
1.3
2.46
1.56
2.06
1.78
2.35
3.15
3.2
1.333
1.34
1.571
1.66
2.25
1.7
2.18
1.8
3.3
5
1.166
1.32
1.98
2.52
1.54
1.56
2.46
1.31
4.9
11
1.03
1.166
3.35
1.99
1.84
2.04
1.8
2.28
3.15
3.3
1.32
1.34
1.6
1.615
2.34
1.727
2.14
2.15
3.15
3.65
1.27
1.34
1.68
1.52
2.56
1.7
2.18
2.15
3.15
3.65
1.27
1.34
1.68
1.52
2.56
1.75
2.1
1.82
3.3
4.85
1.166
1.32
1.952
2.56
1.52
1.7
2.18
2.7
3.15
2.7
1.444
1.34
1.444
1.91
1.91
1.7
2.18
2.4
3.1
3.125
1.35
1.35
1.55
1.69
2.2
1.63
2.3
2.15
3.15
3.65
1.27
1.34
1.68
1.52
2.56
1.7
2.18
2.2
3.15
3.5
1.285
1.34
1.65
1.55
2.48
1.7
2.18
2
3.25
4
1.23
1.333
1.78
2.875
1.43
1.78
2.06
2.18
3.1
3.6
1.285
1.35
1.66
1.533
2.54
1.7
2.18
2.72
3.125
2.7
1.444
1.35
1.444
1.92
1.9
1.7
2.18
2.25
3.125
3.4
1.3
1.35
1.615
1.59
2.4
1.7
2.18
2.5
3.2
2.9
1.4
1.333
1.51
1.78
2.06
1.7
2.18
2.5
3.125
2.95
1.38
1.35
1.51
1.76
2.08
1.63
2.3
2.32
3.125
3.25
1.333
1.35
1.59
1.64
2.28
1.75
2.1
1.97
3.15
4.3
1.21
1.34
1.8
2.82
1.444
1.79
2.05
2.4
3.15
3.1
1.35
1.34
1.55
1.69
2.2
1.7
2.18
2.15
3.2
3.55
1.285
1.333
1.68
1.533
2.54
1.7
2.18
4.65
3.3
1.85
1.92
1.32
1.181
1.51
2.6
1.7
2.18
2.14
3.2
3.6
1.285
1.333
1.68
1.52
2.56
1.7
2.18
1.9
3.3
4.35
1.2
1.32
1.87
2.72
1.47
1.7
2.18
1.85
3.25
4.75
1.181
1.333
1.92
2.6
1.51
1.55
2.48
2.05
3.45
4.2
1.26
1.35
1.84
2.98
1.47
1.85
2.1
1.533
4.55
7
1.125
1.23
2.64
1.92
2.02
1.99
1.952
1.444
4.8
8.7
1.09
1.222
2.95
2.32
1.71
2.25
1.75
9.9
5
1.4
3.15
1.21
1.075
1.833
2.12
2.12
1.833
3.1
3.35
2.54
1.571
1.363
1.41
2.2
1.79
1.78
2.2
2.4
3.35
3.35
1.363
1.363
1.63
1.69
2.36
1.77
2.22
1.94
3.45
4.75
1.222
1.35
1.94
1.39
3.4
1.82
2.15
2.92
3.25
2.74
1.5
1.38
1.45
2.04
1.909
1.85
2.1
4.3
3.4
2.05
1.84
1.363
1.25
3.1
1.45
1.952
1.99
1.43
4.75
9.5
1.08
1.222
3
2.3
1.72
2.1
1.85
1.86
3.5
5.2
1.19
1.34
2.02
2.56
1.6
1.9
2.04
2.3
3.3
3.6
1.333
1.37
1.68
1.615
2.52
1.9
2.04
3.55
3.35
2.3
1.68
1.363
1.333
2.48
1.63
1.92
2.02
3.9
3.4
2.15
1.77
1.363
1.3
2.75
1.533
1.89
2.06
1.38
5.1
10.5
1.07
1.2
3.25
2.2
1.78
2.15
1.82
1.85
3.6
5.1
1.2
1.333
2.04
2.54
1.61
1.97
1.97
2.12
3.4
4
1.285
1.363
1.79
1.51
2.84
1.78
2.2
1.32
5.5
13
1.05
1.181
3.65
1.94
2
2.34
1.7
1.54
4.35
7.4
1.125
1.25
2.62
1.92
2.02
2.34
1.7
3.6
3.4
2.26
1.7
1.363
1.333
2.56
1.6
2.02
1.92
7.6
4.6
1.5
2.75
1.23
1.111
2.1
1.85
2.18
1.8
4.55
3.7
1.9
1.98
1.32
1.23
3.35
1.4
1.94
2
1.38
5.2
10
1.075
1.19
3.25
2
1.94
2.18
1.8
1.96
3.6
4.4
1.25
1.333
1.92
1.42
3.2
2.1
1.85
2.12
3.4
4
1.285
1.363
1.79
1.51
2.84
1.85
2.1
2.2
3.3
3.9
1.3
1.37
1.74
1.54
2.74
1.8
2.18
2.28
3.3
3.65
1.32
1.37
1.69
1.6
2.56
1.8
2.18
2.2
3.4
3.75
1.31
1.363
1.74
1.56
2.68
1.8
2.18
2.74
3.2
2.96
1.444
1.39
1.5
1.9
2.04
1.85
2.1
1.5
4.6
7.6
1.111
1.23
2.75
1.85
2.1
2.1
1.85
3.95
2.98
2.26
1.68
1.43
1.285
2.7
1.54
1.65
2.42
2.02
3.25
4.4
1.24
1.37
1.85
1.43
3.125
1.75
2.22
2.04
3.3
4.2
1.25
1.363
1.833
1.46
2.98
1.8
2.15
2.56
2.96
3.3
1.363
1.43
1.55
1.74
2.24
1.571
2.6
2.1
3.2
4.1
1.26
1.38
1.78
1.48
2.9
1.85
2.08
1.9
3.4
4.75
1.21
1.35
1.96
1.37
3.45
1.79
2.16
2.34
3.05
3.65
1.31
1.41
1.64
1.61
2.5
1.76
2.22
1.87
3.5
4.75
1.21
1.333
1.99
1.363
3.5
1.78
2.18
1.87
3.4
4.95
1.2
1.35
1.99
1.35
3.6
1.77
2.2
1.88
3.3
5.1
1.19
1.363
1.98
1.34
3.65
1.76
2.22
1.48
3.7
6.9
1.05
1.21
2.375
1.87
1.87
1.615
2.22
1.6
3.8
4.9
1.125
1.2
2.12
2.1
1.68
1.7
2.08
1.3
5.5
9.3
1.05
1.143
3.4
1.94
1.88
2.26
1.65
1.38
4.8
8
1.07
1.181
2.96
2.18
1.7
2.18
1.7
2.05
3.4
3.6
1.285
1.3
1.74
1.5
2.625
1.85
1.97
2.05
3.5
3.5
1.285
1.285
1.74
1.51
2.6
1.97
1.85
2.25
3.3
3.2
1.333
1.32
1.615
1.63
2.3
1.79
2.05
1.69
3.6
5.3
1.143
1.285
2.12
2.26
1.65
1.72
2.15
1.42
4.4
7.9
1.07
1.2
2.8
1.727
2.14
1.91
1.91
2
3.3
3.9
1.24
1.32
1.78
2.875
1.43
1.92
1.9
1.34
4.7
10
1.04
1.181
3.15
2.06
1.78
2.375
1.6
1.9
3.45
4.15
1.222
1.3
1.87
2.66
1.49
2.1
1.75
3.9
3.3
2
1.78
1.32
1.24
1.43
2.875
1.97
1.85
1.85
3.5
4.3
1.21
1.285
1.92
2.6
1.51
1.85
1.97
7.2
4.65
1.42
2.8
1.181
1.085
2.18
1.7
2.52
1.54
4.3
3.6
1.98
1.9
1.333
1.25
3.1
1.444
1.8
2.18
1.72
3.9
5.6
1.181
1.3
2.22
1.285
4.2
1.7
2.34
1.94
3.9
4.1
1.27
1.3
1.94
2.74
1.54
1.97
1.97
1.51
4.35
8.1
1.1
1.25
2.72
1.87
2.08
1.96
1.98
1.6
4.1
6.8
1.133
1.27
2.46
2.02
1.92
2.25
1.75
3.2
3.4
2.45
1.61
1.363
1.39
2.26
1.74
1.9
2.04
4.4
3.55
1.98
1.9
1.333
1.25
3.15
1.43
1.85
2.1
2.25
3.35
3.65
1.32
1.363
1.7
1.59
2.58
1.7
2.34
2
3.5
4.35
1.25
1.34
1.88
2.875
1.5
1.85
2.1
2.6
3.55
2.86
1.47
1.333
1.55
1.88
2.08
1.91
2.04
1.4
5.6
8.2
1.1
1.181
3.15
1.66
2.42
2.18
1.8
2.25
3.45
3.55
1.333
1.35
1.7
1.61
2.54
1.97
1.97
1.55
4.3
7.4
1.125
1.25
2.6
1.96
1.98
1.85
2.1
9.2
5.5
1.38
3.25
1.181
1.085
1.833
2.12
2.2
1.78
2.875
3.3
2.74
1.5
1.37
1.46
2.02
1.92
1.9
2.04
2.6
3.35
3
1.43
1.363
1.55
1.84
2.12
1.85
2.1
1.38
4.75
9.4
1.065
1.2
3.125
1.64
2.38
2.02
1.87
4
3.6
2.05
1.84
1.333
1.285
2.9
1.49
1.85
2.1
6.1
3.75
1.64
2.3
1.285
1.133
4.6
1.23
1.92
1.96
2.15
3.45
3.85
1.3
1.35
1.77
1.533
2.75
1.88
2.08
1.9
3.85
4.35
1.25
1.3
1.98
2.64
1.571
1.9
2.04
1.7
3.85
6
1.166
1.3
2.26
2.26
1.74
1.75
2.25
5.9
4.3
1.63
2.4
1.25
1.166
1.909
2.04
2.34
1.7
2
3.5
4.35
1.25
1.34
1.88
2.84
1.51
2.1
1.85
2.18
3.55
3.65
1.32
1.333
1.75
1.571
2.64
1.8
2.18
1.24
6.3
13
1.035
1.133
4.2
1.8
2.1
2.22
1.72
8.4
4.9
1.444
2.95
1.21
1.095
1.7
2.34
2.375
1.68
4.25
3.7
1.96
1.92
1.32
1.26
1.54
2.74
2.08
1.88
1.571
4.65
6.2
1.153
1.23
2.54
1.96
1.98
2.68
1.56
1.143
11
20
1.019
1.065
6.4
2.34
1.7
1.75
2.25
3.5
3.45
2.28
1.69
1.35
1.34
2.48
1.63
1.85
2.1
3.95
3.55
2.08
1.82
1.333
1.285
2.875
1.5
1.94
2
7.6
4.55
1.45
2.82
1.21
1.095
1.66
2.34
2.44
1.61
4.3
3.55
2
1.88
1.333
1.25
3.1
1.444
1.85
2.1
2.44
3.6
3.05
1.42
1.333
1.61
1.77
2.22
2
1.94
1.133
9.2
20
1.005
1.07
6.2
2.34
1.66
1.8
2.1
1.39
5
10.5
1.07
1.21
3.2
2.15
1.82
2.34
1.7
1.19
8.5
17
1.03
1.095
5.2
1.92
2.02
1.97
1.97
1.63
4.2
6.1
1.153
1.26
2.4
2.1
1.85
2.08
1.88
1.166
9
21
1.017
1.085
5.8
1.81
2.16
2.7
1.55
3.4
3.25
2.2
1.65
1.333
1.3
2.44
1.571
1.7
2.18
2.6
3.2
2.76
1.43
1.333
1.48
1.85
1.97
1.75
2.1
1.8
3.45
4.7
1.181
1.3
1.98
2.52
1.54
1.65
2.26
2.05
3.3
3.75
1.26
1.32
1.74
1.48
2.7
1.75
2.1
2.15
3.25
3.5
1.285
1.333
1.68
1.54
2.52
1.7
2.18
1.45
4.05
8.1
1.065
1.23
2.68
1.79
2.05
1.94
1.88
1.125
9
17
0
1.05
5.8
1.69
2.2
2.82
1.444
1.727
4
4.333
1.21
1.23
2.08
2.3
1.63
2.14
1.727
2.3
3.6
2.9
1.4
1.285
1.59
1.71
2.16
1.99
1.833
10
5.5
1.285
3.5
1.143
1.04
1.93
1.89
2.82
1.444
6
5
1.444
2.7
1.166
1.125
2.1
1.75
2.625
1.5
1.25
6
11
1.03
1.125
3.8
1.76
2.08
3.2
1.363
2.8
2.64
3.1
1.35
1.47
1.42
1.82
2.02
1.4
3
2.52
2.76
3.35
1.31
1.43
1.5
1.666
2.24
1.48
2.7
2.1
2.9
4.2
1.222
1.4
1.71
1.43
2.875
1.42
2.92
2.25
2.625
4.3
1.21
1.47
1.615
1.45
2.8
1.42
2.92
2.2
2.85
4.45
1.23
1.46
1.72
1.46
2.98
1.45
3.05
2.34
3.3
3.4
1.34
1.35
1.63
1.65
2.42
1.8
2.15
2.4
3.3
3.25
1.363
1.35
1.6
1.7
2.32
1.82
2.12
2.85
3.25
2.72
1.48
1.363
1.45
2.02
1.91
1.78
2.18
2.94
3.3
2.62
1.52
1.35
1.43
2.08
1.85
1.82
2.12
1.363
5.5
9.1
1.075
1.166
3.25
1.98
1.94
1.96
1.96
1.48
4.8
7.1
1.111
1.2
2.74
1.79
2.16
3.2
1.41
1.94
3.8
4.05
1.26
1.285
1.9
1.45
3.05
2.28
1.72
1.222
6.9
16
1.021
1.125
4.45
2.05
1.88
2.02
1.9
5.3
4.25
1.66
2.28
1.24
1.181
1.79
2.16
2.35
1.68
1.72
4.05
5.1
1.181
1.26
2.18
2.26
1.727
2.42
1.65
3.65
4.05
1.98
1.86
1.26
1.3
2.8
1.51
2.94
1.47
2.2
3.65
3.35
1.35
1.3
1.7
1.63
2.46
2.35
1.68
1.34
5.7
9.6
1.065
1.153
3.4
1.94
1.98
2.66
1.55
6
4.5
1.533
2.55
1.222
1.143
2.04
1.85
1.88
2
2.36
3.6
2.94
1.42
1.3
1.61
1.75
2.18
2.18
1.75
2.5
3.7
2.7
1.48
1.3
1.55
1.87
2.02
2.4
1.63
1.65
4.05
5.3
1.166
1.25
2.28
2.04
1.85
2.75
1.5
3.8
3.8
1.94
1.89
1.285
1.285
2.85
1.47
2.85
1.47
1.166
8
13
1.016
1.07
4.9
1.75
2.1
1.79
2.05
1.444
6.4
4.85
1.166
1.111
2.7
3.25
1.35
2.18
1.7
2.58
3.4
2.9
1.444
1.34
1.533
1.85
2.08
2.15
1.8
3
3.35
2.35
1.571
1.31
1.37
2.18
1.7
1.833
1.99
3.15
3.3
2.28
1.6
1.32
1.34
2.26
1.65
1.74
2.12
5.1
3.8
1.666
2.16
1.25
1.153
1.69
2.2
2.15
1.72
2.1
3.35
3.55
1.285
1.31
1.71
1.52
2.56
1.66
2.25
1.7
3.65
5.1
1.153
1.27
2.12
2.26
1.65
2.06
1.78
1.99
3.35
3.9
1.24
1.31
1.79
2.875
1.43
1.72
2.15
1.82
3.4
4.65
1.181
1.3
1.952
2.56
1.52
1.69
2.2
1.56
3.8
6.5
1.1
1.25
2.38
1.99
1.833
1.86
1.96
1.56
3.8
6.5
1.1
1.25
2.38
1.99
1.833
1.91
1.91
1.55
3.9
6.4
1.111
1.24
2.4
1.99
1.833
1.8
2.04
2.44
3.3
2.9
1.4
1.32
1.533
1.76
2.08
1.87
1.952
1.65
3.6
5.7
1.133
1.285
2.2
2.2
1.69
1.8
2.04
2
3.3
3.9
1.24
1.32
1.78
1.444
2.82
1.65
2.26
2.32
3.25
3.4
1.35
1.37
1.65
1.65
2.42
1.8
2.15
1.75
3.7
5.3
1.181
1.31
2.15
2.38
1.666
1.9
2.02
1.8
3.6
5.1
1.19
1.32
2.08
2.46
1.63
2.02
1.9
2.96
3
2.78
1.48
1.42
1.43
2.02
1.9
1.96
1.96
1.48
4.3
8.2
1.095
1.25
2.78
1.82
2.12
2.08
1.85
2.4
3.15
3.35
1.363
1.39
1.615
1.68
2.35
1.85
2.08
1.63
3.8
6.5
1.133
1.3
2.36
2.14
1.81
2.02
1.9
3.35
3.2
2.38
1.63
1.38
1.363
2.35
1.68
1.9
2.02
2.86
3.25
2.6
1.51
1.363
1.444
2.04
1.85
1.68
2.3
4.5
3.45
1.89
1.94
1.333
1.222
1.52
2.68
1.68
2.3
1.571
3.9
6
1.125
1.24
2.35
2.04
1.8
1.833
1.99
2.15
3.2
3.8
1.285
1.363
1.727
1.52
2.68
1.533
2.64
2.2
3.2
3.65
1.3
1.363
1.69
1.55
2.6
1.48
2.82
2.3
3.2
3.4
1.333
1.363
1.64
1.63
2.4
1.65
2.35
2.35
3.2
3.3
1.35
1.363
1.615
1.66
2.34
1.6
2.46
2.82
3.1
2.75
1.47
1.39
1.45
1.96
1.92
1.5
2.75
1.85
3.4
4.85
1.19
1.333
1.98
2.6
1.55
1.63
2.4
1.666
3.9
5.4
1.166
1.27
2.25
2.18
1.75
1.94
1.94
2.7
3.3
2.7
1.48
1.35
1.48
1.94
1.94
1.85
2.04
3.15
3.45
2.3
1.64
1.333
1.38
2.3
1.68
2.02
1.86
1.85
3.7
4.333
1.23
1.3
1.98
2.6
1.55
1.94
1.94
1.285
6.3
12
1.045
1.133
3.8
1.89
2.06
2.25
1.75
4.95
3.5
1.88
1.96
1.32
1.19
1.58
2.62
1.78
2.2
2.3
3.35
3.5
1.32
1.35
1.65
1.66
2.42
1.89
2.06
2.32
3.6
3.2
1.37
1.31
1.64
1.72
2.3
2.04
1.9
2.45
3.5
3.05
1.4
1.32
1.58
1.78
2.2
1.97
1.97
2.78
3.25
2.84
1.45
1.363
1.47
1.952
1.99
1.75
2.25
2.32
3.4
3.4
1.34
1.34
1.64
1.666
2.4
1.7
2.34
1.68
3.75
6.3
1.133
1.3
2.24
2.34
1.7
1.85
2.1
2
3.55
4.2
1.25
1.32
1.85
2.9
1.49
1.68
2.38
1.35
5.3
11
1.05
1.181
3.3
2.08
1.87
1.94
2
2.6
3.3
3
1.41
1.35
1.52
1.84
2.12
1.8
2.18
3
3.3
2.6
1.52
1.35
1.41
2.12
1.84
1.92
2.02
4.95
3.6
1.85
2
1.31
1.19
1.59
2.58
1.8
2.18
1.8
3.7
5.1
1.181
1.3
2.06
2.48
1.63
1.75
2.25
1.3
6
12
1.045
1.143
3.65
1.97
1.97
2.02
1.92
9.4
4.45
1.45
2.84
1.222
1.07
2.25
1.75
2.08
1.87
5.6
3.5
1.81
2.04
1.32
1.166
3.9
1.32
1.75
2.25
2.54
3.35
3.05
1.4
1.35
1.54
1.82
2.15
1.79
2.2
1.533
4.1
8
1.09
1.26
2.56
1.97
1.97
1.87
2.08
1.2
7.1
21
1.006
1.111
4.8
2.2
1.78
2.42
1.66
3.5
3.5
2.22
1.69
1.32
1.32
2.48
1.63
1.8
2.18
1.9
3.5
4.8
1.2
1.32
1.94
1.39
3.4
1.75
2.25
6
3.7
1.71
2.18
1.3
1.143
1.74
2.26
1.92
2.02
1.88
3.5
5.1
1.181
1.32
1.96
1.363
3.55
1.77
2.22
1.4
4.9
8.1
1.085
1.19
3.05
1.7
2.26
1.63
2.4
3.85
3.4
2.05
1.79
1.333
1.285
2.78
1.49
1.72
2.22
1.6
4.1
5.8
1.153
1.25
2.38
2.22
1.72
1.55
2.6
2.45
3.25
3.05
1.4
1.363
1.571
1.75
2.18
1.55
2.6
3.8
3.6
2
1.833
1.3
1.285
2.82
1.48
1.5
2.75
3.85
3.4
2.05
1.79
1.333
1.285
1.43
3
1.65
2.35
2.9
3.125
2.65
1.5
1.38
1.43
2.02
1.86
1.55
2.6
2.35
3.1
3.4
1.333
1.39
1.615
1.64
2.375
1.6
2.46
1.6
3.8
6.5
1.125
1.285
2.38
2.1
1.8
1.6
2.46
1.7
3.8
5.3
1.166
1.285
2.18
2.3
1.68
1.65
2.35
2.85
3.4
2.52
1.54
1.333
1.444
2.06
1.833
1.7
2.26
2.45
3.4
2.95
1.42
1.333
1.571
1.78
2.14
1.6
2.46
1.6
3.8
6.5
1.125
1.285
2.38
2.1
1.8
1.6
2.46
1.3
6.5
8.4
1.08
1.125
3.65
1.99
1.89
1.65
2.35
1.9
3.5
4.35
1.23
1.32
1.93
2.72
1.51
1.6
2.46
2.7
3.3
2.7
1.48
1.35
1.48
1.94
1.94
1.6
2.46
2
3.4
4.05
1.25
1.333
1.833
2.92
1.45
1.6
2.46
1.9
3.5
4.35
1.23
1.32
1.93
0
0
1.65
2.35
20
15
1.095
8.1
1.03
1.014
3.65
1.34
2.35
1.68
16
8.1
1.181
5.3
1.095
1.027
2.94
1.47
2.8
1.51
7.9
4.75
1.42
2.94
1.2
1.09
2.24
1.71
2.06
1.833
2.5
3.3
2.95
1.42
1.35
1.55
1.79
2.12
1.63
2.4
1.833
3.8
4.5
1.23
1.3
2.04
2.55
1.59
1.88
2.05
2.08
3.5
3.65
1.3
1.32
1.77
1.52
2.68
1.68
2.3
2.05
3.35
4.1
1.26
1.363
1.82
1.48
2.9
1.666
2.38
1.39
4.7
9.1
1.07
1.2
3.1
1.666
2.32
2.15
1.77
4.55
3.7
1.81
2.04
1.3
1.21
1.58
2.52
1.89
1.99
2.02
3.4
4
1.26
1.333
1.82
2.92
1.45
1.833
2.06
1.45
4.4
8
1.085
1.222
2.82
1.77
2.15
2.15
1.77
14
6.5
1.24
4.35
1.133
1.036
1.8
2.15
3.05
1.444
1.727
3.8
5.3
1.181
1.3
2.18
2.32
1.7
2.15
1.8
2.35
3.4
3.1
1.39
1.333
1.615
1.7
2.26
1.87
2.02
2.1
3.4
3.7
1.3
1.333
1.76
1.52
2.68
1.8
2.1
3.3
3.55
2.25
1.69
1.333
1.363
2.42
1.65
2
1.92
1.75
3.7
5
1.181
1.3
2.12
2.4
1.63
1.85
2.04
5.5
3.8
1.68
2.22
1.285
1.166
4.1
1.27
2.14
1.78
1.8
3.55
4.9
1.19
1.31
2.04
1.32
3.65
1.65
2.35
2.1
3.45
3.65
1.3
1.333
1.76
1.533
2.64
1.98
1.9
1.6
3.8
6.5
1.125
1.285
2.38
2.1
1.8
1.65
2.35
2.2
3.3
3.9
1.3
1.37
1.74
1.54
2.74
1.63
2.48
1.363
5.2
11
1.065
1.19
3.35
2.12
1.833
1.75
2.25
2.66
3.4
2.9
1.46
1.363
1.533
1.89
2.06
1.75
2.25
1.4
5
9.9
1.075
1.21
3.15
2.1
1.85
1.87
2.08
7.1
4
1.5
2.54
1.23
1.085
1.96
1.86
2.24
1.666
1.06
12
31
0
1.022
8.5
2.05
1.79
1.952
1.87
1.55
4
6.1
1.125
1.23
2.4
1.96
1.86
2.375
1.6
1.55
4.333
5.5
1.143
1.21
2.4
1.99
1.84
1.8
2.04
2.3
3.4
3.05
1.363
1.3
1.59
1.68
2.22
1.85
1.97
2.4
3.4
2.88
1.4
1.3
1.55
1.75
2.1
2.18
1.7
2.52
3.6
2.6
1.48
1.285
1.5
1.88
1.94
1.97
1.85
2.05
3.4
3.6
1.285
1.3
1.74
1.5
2.625
1.91
1.91
1.222
6.4
12
1.022
1.111
4.1
2.18
1.7
3
1.4
1.85
3.4
4.45
1.2
1.3
1.92
2.6
1.51
1.91
1.91
2.4
3.4
2.88
1.4
1.3
1.55
1.75
2.1
1.91
1.91
2.32
3.6
2.86
1.41
1.285
1.59
1.727
2.14
1.56
2.46
7.1
4.7
1.42
2.8
1.181
1.085
1.65
2.26
2.8
1.45
1.111
8.7
23
0
1.055
6.2
2.08
1.77
3.6
1.3
1.004
21
67
0
0
15
1.63
2.3
2.25
1.66
2.94
3.45
2.5
1.571
1.34
1.444
2.14
1.81
1.7
2.32
2.78
3.4
2.65
1.52
1.35
1.48
2.02
1.91
1.6
2.52
1.125
9
31
0
1.08
6.8
2.15
1.8
2.82
1.5
2.6
3.4
2.84
1.46
1.35
1.533
1.88
2.05
1.84
2.1
1.4
4.5
10.5
1.065
1.23
3.1
2.26
1.727
1.96
1.96
2.84
3.4
2.6
1.533
1.35
1.46
2.05
1.88
1.65
2.42
1.222
7
14
1.036
1.125
4.6
2.24
1.74
2.15
1.8
5.6
3.8
1.7
2.24
1.3
1.166
1.74
2.24
2.15
1.8
1.8
3.4
4.1
1.181
1.25
1.85
1.34
3.1
1.65
2.16
1.5
3.9
5.9
1.08
1.19
2.32
1.909
1.833
1.7
2.08
1.76
3.5
4.9
1.166
1.285
2.02
2.42
1.58
1.71
2.16
1.51
4
6.8
1.095
1.23
2.5
1.89
1.93
2.06
1.78
5.3
3.55
1.7
2.12
1.285
1.143
1.64
2.28
1.97
1.85
1.45
4.1
8
1.07
1.222
2.68
1.78
2.06
2.04
1.8
2.15
3.3
3.45
1.3
1.32
1.68
1.55
2.48
1.72
2.15
1.55
4.1
5.9
1.125
1.222
2.4
1.97
1.85
2.06
1.78
3.6
3.35
2.08
1.72
1.31
1.285
2.6
1.51
1.833
2
1.63
3.65
5.9
1.125
1.27
2.24
2.14
1.727
1.94
1.88
1.3
5.5
13
1.045
1.181
3.75
1.88
2.05
3.05
1.444
1.85
3.8
4.2
1.24
1.285
1.98
2.54
1.571
2.54
1.571
4.1
3.25
2.15
1.77
1.38
1.27
2.875
1.5
1.72
2.3
7.8
4.55
1.5
2.75
1.23
1.111
2.1
1.85
1.99
1.952
1.58
4
7.6
1.111
1.285
2.52
2
1.94
2.06
1.89
2.02
3.3
4.6
1.23
1.37
1.87
1.42
3.2
1.75
2.25
2.3
3.2
3.75
1.31
1.39
1.68
1.59
2.58
1.7
2.34
2.48
3.3
3.25
1.38
1.37
1.59
1.74
2.26
1.72
2.3
2.42
3.2
3.45
1.35
1.39
1.615
1.68
2.38
1.8
2.18
1.615
3.9
7.2
1.125
1.3
2.42
2.1
1.86
1.85
2.1
2.62
3.25
3.05
1.42
1.38
1.54
1.833
2.12
1.78
2.2
3.55
3.2
2.375
1.64
1.39
1.333
2.46
1.64
1.75
2.25
1.55
4.3
7.3
1.125
1.25
2.6
1.96
1.98
1.99
1.952
3.9
3.4
2.15
1.77
1.363
1.3
2.75
1.533
1.78
2.2
2.45
3.25
3.35
1.363
1.38
1.61
1.7
2.34
1.7
2.34
2.45
3.25
3.35
1.363
1.38
1.61
1.7
2.34
1.72
2.3
1.75
3.6
6
1.166
1.333
2.18
2.36
1.69
1.85
2.1
1.4
5.8
7.8
1.111
1.166
3.15
2.2
1.79
2.1
1.85
1.85
3.6
5.1
1.2
1.333
2.04
1.34
3.7
1.85
2.1
1.9
3.5
4.9
1.21
1.34
1.98
1.37
3.5
1.65
2.44
1.85
3.55
5.2
1.19
1.333
2.04
1.333
3.75
1.7
2.34
1.4
5.8
7.8
1.111
1.166
3.15
2.2
1.79
2.18
1.8
2.54
3.25
3.2
1.39
1.38
1.571
1.77
2.22
1.7
2.34
2.35
3.25
3.55
1.333
1.38
1.65
1.64
2.46
1.65
2.44
2.15
3.35
3.95
1.285
1.363
1.77
1.52
2.8
1.75
2.25
1.85
3.45
5.4
1.181
1.35
2.04
1.32
3.9
1.72
2.3
2.05
3.35
4.35
1.25
1.363
1.84
1.45
3.1
1.72
2.3
1.85
3.45
5.4
1.181
1.35
2.04
1.32
3.9
1.78
2.2
4.5
3.55
1.952
1.93
1.333
1.24
3.25
1.41
1.85
2.1
2.45
3.25
3.35
1.363
1.38
1.61
1.7
2.34
1.7
2.34
2.7
3.15
3.05
1.42
1.4
1.51
1.86
2.1
1.65
2.44
7.2
4.1
1.58
2.52
1.27
1.125
1.94
2
2.18
1.8
2.55
3.3
2.75
1.43
1.32
1.49
1.84
1.99
1.91
1.91
1.47
4.35
6.8
1.095
1.2
2.625
1.833
2
1.97
1.85
2.35
3.25
3.1
1.35
1.333
1.571
1.68
2.22
1.75
2.1
1.72
3.75
4.75
1.181
1.26
2.08
2.3
1.63
1.91
1.91
1.85
3.4
4.85
1.19
1.333
1.98
2.6
1.55
1.84
2.05
2.95
3.4
2.45
1.571
1.333
1.42
2.14
1.78
2.4
1.63
2.375
3.4
3.2
1.37
1.34
1.61
1.71
2.3
1.97
1.952
2.75
3.35
2.75
1.48
1.35
1.48
1.96
1.96
1.8
2.15
1.75
3.75
5.3
1.181
1.3
2.12
2.38
1.666
1.75
2.22
2.28
3.35
3.45
1.333
1.35
1.66
1.63
2.46
1.96
1.96
3.45
3.4
2.26
1.666
1.34
1.333
2.5
1.615
1.94
1.98
1.47
4.5
8
1.09
1.222
2.76
1.79
2.16
2.38
1.666
2.2
3.45
3.55
1.32
1.333
1.7
1.59
2.55
1.84
2.1
2.2
3.6
3.05
1.363
1.285
1.65
1.64
2.28
2.8
1.45
3.3
3.6
2.1
1.71
1.285
1.32
2.46
1.56
2.8
1.45
3.05
3.6
2.2
1.65
1.285
1.363
2.28
1.64
2.625
1.5
3.3
3.6
2.1
1.71
1.285
1.32
2.46
1.56
2.54
1.533
3.3
3.6
2.1
1.71
1.285
1.32
2.46
1.56
1.99
1.833
2.3
3.6
2.9
1.4
1.285
1.59
1.71
2.16
2.82
1.444
2.55
3.5
2.625
1.47
1.285
1.49
1.88
1.94
2.24
1.666
2.5
3.6
2.625
1.47
1.285
1.51
1.86
1.96
2.54
1.533
1.6
3.9
6.9
1.125
1.27
2.4
2.06
1.87
1.9
2.02
2
3.4
4.333
1.23
1.34
1.85
1.43
3.125
1.8
2.15
2.08
3.35
3.8
1.285
1.34
1.77
1.5
2.75
1.82
2.08
1.5
4.75
6.1
1.133
1.2
2.64
1.84
2.05
3
1.43
1.96
3.5
4.05
1.25
1.32
1.87
1.444
2.95
2
1.88
4.3
3.85
1.82
2.02
1.285
1.23
1.59
2.48
2.02
1.87
2.85
3.35
2.55
1.533
1.34
1.444
2.05
1.84
1.78
2.14
2.02
3.5
3.85
1.285
1.32
1.82
1.48
2.82
1.87
2.02
2.32
3.3
3.25
1.363
1.35
1.63
1.66
2.34
1.85
2.04
4.9
3.8
1.74
2.12
1.285
1.19
1.65
2.35
2.06
1.833
3.15
3.3
2.38
1.6
1.35
1.38
2.26
1.7
1.94
1.94
1.9
3.55
4.3
1.23
1.31
1.93
2.72
1.51
1.85
2.04
5.8
4
1.615
2.35
1.26
1.153
1.8
2.1
2.14
1.78
