2.64
3.5
2.66
1.49
1.32
1.5
1.93
1.952
1.68
2.3
2.58
3.6
2.65
1.5
1.3
1.52
1.91
1.97
2.35
1.65
2.88
3.3
2.55
1.533
1.35
1.43
2.06
1.833
1.75
2.18
2.45
3.55
2.84
1.444
1.31
1.571
1.81
2.1
1.92
1.96
2.375
3.75
2.82
1.45
1.285
1.6
1.79
2.12
2.18
1.75
2.62
3.6
2.62
1.51
1.3
1.51
1.94
1.94
2.02
1.86
2.74
3.85
2.4
1.59
1.285
1.47
2.08
1.82
1.58
2.52
2.64
3.8
2.5
1.55
1.285
1.5
1.99
1.89
2.46
1.6
2.45
3.65
2.78
1.46
1.3
1.571
1.82
2.08
2.14
1.78
2.35
3.5
3.05
1.4
1.32
1.615
1.72
2.22
1.84
2.05
1.85
3.45
4.4
1.2
1.3
1.92
2.54
1.533
2.18
1.7
2.3
3.4
3.05
1.363
1.3
1.59
1.68
2.22
1.88
1.94
2
3.45
3.75
1.26
1.3
1.78
1.46
2.76
2.1
1.75
2.78
3.45
2.45
1.533
1.3
1.43
2.04
1.8
1.91
1.91
2.35
3.45
2.92
1.39
1.3
1.571
1.727
2.14
1.86
1.96
1.66
4.05
6
1.166
1.285
2.34
2.18
1.82
2.06
1.9
1.59
4.2
6.7
1.133
1.26
2.48
2.04
1.92
2.18
1.81
2.4
3.5
3.2
1.39
1.34
1.63
1.727
2.32
1.89
2.08
1.222
7
18
1.025
1.125
4.7
2.1
1.87
2.44
1.666
2.32
3.4
3.45
1.35
1.363
1.666
1.66
2.45
1.833
2.15
2.45
3.4
3.2
1.39
1.363
1.61
1.75
2.28
1.86
2.12
6.3
4.2
1.615
2.42
1.26
1.153
1.88
2.1
2.02
1.952
6.5
4.2
1.6
2.46
1.26
1.143
1.9
2.06
1.94
2.02
2.05
3.6
4
1.285
1.333
1.84
1.5
2.92
1.91
2.05
4.65
3.8
1.86
2.02
1.3
1.23
1.61
2.58
2.26
1.76
1.45
4.8
8.5
1.095
1.222
2.92
1.74
2.3
2.18
1.81
3.8
3.5
2.15
1.77
1.34
1.3
2.74
1.55
1.86
2.12
1.285
6.5
13
1.05
1.143
3.95
1.833
2.15
2.48
1.65
1.4
5
9.9
1.075
1.21
3.15
2.18
1.81
2.32
1.727
2.3
3.35
3.55
1.333
1.363
1.68
1.63
2.52
1.76
2.26
1.7
3.8
6.1
1.153
1.3
2.26
2.25
1.77
2.06
1.9
1.285
6.5
13
1.05
1.143
3.95
1.833
2.15
2.45
1.66
1.48
4.4
9
1.085
1.25
2.82
1.833
2.16
1.86
2.12
5.5
3.8
1.75
2.18
1.3
1.181
1.71
2.35
2.02
1.952
4.5
3.6
1.94
1.94
1.333
1.24
1.54
2.78
1.85
2.14
2.8
3.4
2.75
1.5
1.363
1.48
2
1.96
1.87
2.1
7.4
4.25
1.55
2.6
1.26
1.125
2
1.96
2.26
1.76
3.4
3.45
2.32
1.666
1.35
1.363
2.44
1.666
1.86
2.12
1.4
5.1
9.7
1.08
1.2
3.15
2.18
1.81
2.375
1.7
1.31
5.9
12
1.055
1.166
3.75
1.93
2.04
2.375
1.7
2.12
3.35
4.1
1.27
1.363
1.79
1.5
2.92
1.86
2.12
1.9
3.6
4.75
1.222
1.333
1.98
1.39
3.45
1.96
2
2.4
3.3
3.4
1.363
1.37
1.63
1.69
2.38
1.94
2.02
1.94
3.55
4.55
1.23
1.333
1.94
1.41
3.35
1.81
2.18
1.363
5.5
10
1.075
1.181
3.35
2.12
1.86
1.98
1.98
2.32
3.35
3.5
1.34
1.363
1.666
1.65
2.48
2.14
1.85
3.75
3.5
2.12
1.79
1.34
1.31
2.74
1.54
2.02
1.92
2.4
3.4
3.2
1.39
1.363
1.63
1.727
2.3
1.85
2.1
2.9
3.45
2.55
1.571
1.35
1.46
2.1
1.85
2.08
1.88
1.78
3.75
5.1
1.2
1.31
2.14
2.44
1.65
1.82
2.15
2.15
3.45
3.7
1.32
1.35
1.77
3.2
1.42
2.02
1.92
3.3
3.45
2.3
1.68
1.35
1.37
2.4
1.666
1.97
1.97
4.75
4
1.77
2.15
1.285
1.222
1.68
2.38
2.3
1.72
2.02
3.5
4.1
1.27
1.34
1.87
1.47
2.98
2.05
1.9
2.1
3.5
3.8
1.3
1.34
1.8
1.533
2.75
2.1
1.85
3.5
3.4
2.24
1.71
1.363
1.34
2.52
1.615
1.89
2.06
2.25
3.5
3.4
1.363
1.34
1.7
3.35
1.4
2.12
1.833
2.35
3.35
3.3
1.35
1.35
1.63
1.68
2.35
1.952
1.97
2.75
3.45
2.68
1.5
1.333
1.48
1.98
1.94
1.92
2
1.35
5
8.5
1.06
1.166
3.125
2.08
1.76
2.44
1.571
2.9
3.6
2.3
1.59
1.285
1.4
2.16
1.71
2.18
1.7
2.35
3.5
2.875
1.4
1.285
1.571
1.74
2.12
4.05
1.25
2.2
3.5
3.15
1.34
1.285
1.65
1.615
2.34
3.6
1.3
1.4
5
6.9
1.09
1.166
2.88
1.68
2.22
3
1.4
3
3.7
2.2
1.65
1.27
1.37
2.26
1.65
2.82
1.444
1.615
4.333
4.8
1.181
1.21
2.26
2.08
1.77
2.54
1.533
1.7
4
4.55
1.19
1.23
2.12
2.26
1.65
2.04
1.8
5.2
3.2
1.9
1.96
1.38
1.19
1.52
2.76
1.52
2.76
2.1
3.05
4.2
1.24
1.4
1.76
1.45
2.92
1.55
2.6
2.38
3
3.45
1.333
1.41
1.6
1.64
2.375
1.55
2.6
1.85
3.5
4.3
1.21
1.285
1.92
2.66
1.49
1.7
2.18
3.25
3.1
2.35
1.571
1.35
1.333
2.26
1.65
1.7
2.18
1.7
3.6
5.2
1.153
1.285
2.12
2.26
1.65
2.35
1.61
1.78
3.75
5.1
1.2
1.31
2.14
2.44
1.65
1.81
2.16
1.92
3.45
4.65
1.23
1.35
1.96
2.75
1.533
1.8
2.18
1.48
4.4
8.2
1.1
1.25
2.82
1.81
2.16
2.36
1.69
2.1
3.35
4
1.285
1.363
1.8
1.5
2.875
1.82
2.15
2.3
3.3
3.45
1.35
1.37
1.68
1.64
2.46
2.04
1.9
1.65
3.9
6.1
1.153
1.3
2.35
2.2
1.78
1.63
2.48
2.15
3.35
3.8
1.3
1.363
1.77
1.54
2.74
1.78
2.2
2.25
3.35
3.55
1.333
1.363
1.7
1.61
2.54
1.68
2.38
1.45
4.35
9.4
1.08
1.25
2.92
1.78
2.2
2.04
1.9
2.76
3.25
2.82
1.48
1.38
1.5
1.952
1.99
1.97
1.97
1.89
3.5
4.4
1.222
1.32
1.94
2.68
1.52
1.75
2.18
2.05
3.35
3.9
1.27
1.34
1.79
1.48
2.82
1.9
1.98
1.88
3.4
4.65
1.21
1.333
1.952
2.64
1.533
1.99
1.89
2.18
3.3
3.55
1.31
1.35
1.71
1.571
2.54
2.05
1.84
1.444
4.4
8.2
1.085
1.222
2.84
1.76
2.16
2.26
1.7
1.5
4.1
7.6
1.095
1.25
2.64
1.87
2.02
2.18
1.75
2.3
3.35
3.25
1.363
1.34
1.64
1.66
2.34
1.7
2.25
2.25
3.3
3.4
1.333
1.35
1.666
1.61
2.44
2.04
1.85
1.75
3.7
5
1.181
1.3
2.12
2.35
1.65
2.04
1.85
4.95
3.6
1.78
2.08
1.3
1.19
1.615
2.42
2.14
1.78
2.45
3.5
3
1.43
1.34
1.61
1.79
2.2
2.25
1.75
5.3
4
1.7
2.26
1.285
1.19
1.75
2.25
2.34
1.7
1.34
5.3
11
1.065
1.19
3.5
1.97
1.97
2.7
1.55
2.34
3.55
3.15
1.4
1.333
1.66
1.72
2.3
2.56
1.6
1.64
4.15
5.7
1.166
1.27
2.375
2.12
1.833
2.34
1.7
1.88
3.85
4.25
1.26
1.3
2
1.42
3.2
2.44
1.65
5.3
4.3
1.65
2.35
1.25
1.19
1.833
2.12
2.56
1.6
2.5
3.45
2.98
1.444
1.35
1.58
1.81
2.16
2.02
1.92
2.76
3.45
2.68
1.52
1.35
1.5
2
1.94
2.04
1.9
3.45
3.55
2.2
1.74
1.333
1.35
2.52
1.615
2.875
1.5
4.95
3.95
1.75
2.18
1.285
1.21
1.69
2.36
2.12
1.833
1.92
3.7
4.25
1.26
1.32
1.96
1.43
3.15
2
1.94
1.125
10.5
23
1.013
1.07
7
1.97
1.97
1.97
1.97
1.222
7.5
14
1.04
1.125
4.7
2
1.94
1.94
2
2.18
3.5
3.55
1.333
1.34
1.75
1.59
2.58
2.16
1.81
2.44
3.4
3.1
1.41
1.363
1.61
1.76
2.24
2.2
1.78
2.28
3.45
3.35
1.363
1.35
1.69
1.65
2.44
2.26
1.74
2.32
3.45
3.3
1.37
1.35
1.666
1.68
2.38
2.2
1.78
1.9
3.7
4.35
1.25
1.32
1.98
2.68
1.56
2
1.94
1.133
10.5
21
1.017
1.07
6.7
2
1.94
1.94
2
1.58
4.2
6.5
1.143
1.26
2.52
1.97
1.97
2.48
1.63
2.32
3.5
3.25
1.38
1.34
1.666
1.69
2.36
2.4
1.666
1.4
4.7
10
1.075
1.222
3.15
2.2
1.78
2.3
1.72
4.75
3.85
1.8
2.1
1.3
1.222
1.64
2.46
2.52
1.615
1.92
3.9
4.05
1.285
1.3
1.96
2.68
1.56
2.34
1.7
2.3
3.45
3.3
1.37
1.35
1.68
1.666
2.4
2.24
1.76
2.04
3.7
3.75
1.31
1.32
1.85
1.52
2.8
2.38
1.68
1.66
4
5.8
1.166
1.285
2.34
2.18
1.8
2.18
1.8
2.14
3.2
3.8
1.285
1.363
1.727
1.52
2.68
1.51
2.7
3.8
3.3
2.1
1.76
1.35
1.285
2.7
1.51
1.51
2.7
2.18
3.45
3.6
1.333
1.35
1.75
1.58
2.62
2.05
1.9
6.9
4.8
1.42
2.8
1.181
1.09
2.18
1.7
2.625
1.5
2.58
3.55
2.58
1.48
1.285
1.48
1.91
1.91
2.1
1.75
2.25
3.55
3
1.37
1.285
1.615
1.666
2.24
2.42
1.58
1.68
3.75
5.6
1.153
1.285
2.22
2.26
1.7
1.727
2.22
1.77
3.6
5
1.181
1.3
2.08
2.42
1.615
1.98
1.9
2.1
3.5
3.55
1.31
1.32
1.76
3.1
1.41
1.92
1.96
1.55
4
6.8
1.111
1.26
2.5
1.97
1.909
2
1.88
3.2
3.4
2.3
1.64
1.333
1.363
1.34
3.5
1.92
1.96
1.35
5
10
1.06
1.181
3.3
1.58
2.5
2.32
1.666
2.92
3.35
2.6
1.55
1.363
1.45
2.1
1.85
1.89
2.06
1.51
4.3
7.6
1.111
1.25
2.72
1.89
2.06
2.04
1.9
1.56
4.1
7.1
1.125
1.27
2.56
1.99
1.952
1.952
1.99
2.55
3.4
2.95
1.444
1.363
1.571
1.833
2.12
1.8
2.18
3.3
3.45
2.3
1.68
1.35
1.37
2.4
1.666
2.12
1.833
9.7
5.5
1.35
3.45
1.181
1.08
1.9
2.04
2.625
1.58
1.125
10.5
23
1.013
1.07
7
1.99
1.952
2.12
1.833
1.533
4.2
7.4
1.125
1.26
2.64
1.92
2.02
2.3
1.72
2.45
3.35
3.125
1.41
1.363
1.61
1.76
2.24
1.72
2.3
2.3
3.35
3.4
1.363
1.363
1.68
1.65
2.44
2.2
1.78
1.27
6
14
1.04
1.166
4.1
1.81
2.16
2.7
1.55
2.05
3.5
3.95
1.285
1.34
1.84
2.95
1.48
2.1
1.85
2.26
3.45
3.4
1.363
1.35
1.7
1.64
2.46
2.15
1.82
1.71
3.85
5.5
1.181
1.3
2.24
2.3
1.727
2.04
1.9
1.8
3.7
5
1.21
1.32
2.1
2.46
1.64
2.25
1.75
3.25
3.45
2.35
1.65
1.35
1.38
2.34
1.7
1.97
1.97
2.25
3.4
3.5
1.34
1.363
1.7
1.615
2.52
1.85
2.1
17
7.5
1.2
5.1
1.125
1.03
2.1
1.85
2.1
1.85
1.166
8.5
20
1.019
1.095
5.8
1.7
2.34
2.44
1.65
2.1
3.35
4
1.285
1.363
1.8
1.5
2.875
1.85
2.1
4.15
3.5
2
1.88
1.34
1.27
1.5
2.875
2.04
1.9
1.87
3.85
4.333
1.25
1.3
2.02
2.56
1.6
1.68
2.38
1.6
4.1
6.4
1.143
1.27
2.46
2.06
1.89
2.1
1.85
2.32
3.3
3.45
1.35
1.37
1.666
1.65
2.44
1.75
2.25
2.35
3.4
3.25
1.38
1.363
1.65
1.7
2.34
2.15
1.82
1.58
4.2
6.5
1.143
1.26
2.52
2.04
1.9
2
1.94
2.25
3.3
3.6
1.333
1.37
1.7
1.6
2.56
1.85
2.1
2.3
3.35
3.4
1.363
1.363
1.68
1.65
2.44
1.85
2.1
1.26
6.4
13
1.05
1.143
4.2
1.8
2.18
2.34
1.7
2.5
3.2
3.2
1.39
1.39
1.58
1.75
2.25
1.8
2.18
1.8
3.6
5.2
1.19
1.333
2.1
2.48
1.63
1.94
2
2.5
3.3
3.1
1.41
1.37
1.58
1.78
2.2
1.9
2.04
1.63
4
6.2
1.153
1.285
2.4
2.12
1.84
2.18
1.8
2.05
3.4
4.1
1.27
1.363
1.84
1.48
2.95
1.8
2.18
2.7
3.3
2.84
1.47
1.37
1.51
1.92
2.02
2.25
1.75
1.7
3.9
5.5
1.181
1.3
2.26
2.25
1.75
2.18
1.8
3.3
3.25
2.4
1.63
1.38
1.37
2.34
1.7
1.92
2.02
2.35
3.3
3.35
1.363
1.37
1.65
1.68
2.38
1.8
2.18
2
3.5
4.15
1.27
1.34
1.88
1.46
3.05
1.85
2.1
2.25
3.35
3.55
1.333
1.363
1.7
1.61
2.54
1.75
2.25
2.9
3.25
2.68
1.52
1.38
1.46
2.06
1.89
1.9
2.04
3.85
3.5
2.08
1.82
1.34
1.3
2.8
1.52
2.04
1.9
5.2
3.6
1.8
2.1
1.333
1.19
1.63
2.48
2.02
1.92
3.45
3.2
2.34
1.64
1.38
1.34
2.44
1.64
1.833
2.1
2.625
3.15
3
1.42
1.39
1.533
1.84
2.1
1.93
1.99
1.45
4.3
7.4
1.08
1.21
2.68
1.78
2.06
1.92
1.9
2.72
3.1
2.72
1.444
1.35
1.444
1.91
1.91
1.6
2.375
4
3.55
1.9
1.87
1.285
1.23
2.96
1.41
1.8
2.04
2.96
3.6
2.26
1.615
1.285
1.38
2.22
1.68
2.15
1.72
7.3
4.5
1.5
2.75
1.24
1.125
2.08
1.87
2.12
1.833
3.25
3.45
2.34
1.66
1.35
1.38
2.36
1.69
1.85
2.1
1.55
4.15
7.2
1.125
1.27
2.6
1.97
1.97
1.9
2.04
3.7
3.45
2.15
1.77
1.35
1.32
2.68
1.56
1.85
2.1
2.05
3.6
3.85
1.3
1.333
1.84
1.51
2.84
1.85
2.1
1.8
3.9
4.7
1.222
1.3
2.1
2.48
1.63
1.99
1.952
1.48
4.3
8.5
1.095
1.25
2.82
1.8
2.18
1.85
2.1
1.55
4.3
6.8
1.133
1.25
2.6
1.97
1.97
2.04
1.91
3.65
3.5
2.14
1.77
1.34
1.32
1.42
3.2
1.94
2
5.3
3.75
1.75
2.18
1.31
1.19
1.68
2.38
2
1.94
1.5
4.5
7.3
1.125
1.24
2.75
1.85
2.1
2.34
1.7
1.9
3.75
4.3
1.25
1.31
1.98
1.42
3.2
1.85
2.1
2.92
3.2
2.7
1.51
1.39
1.45
2.04
1.9
1.85
2.1
2.4
3.3
3.25
1.38
1.37
1.63
3.7
1.34
2
1.94
3.9
3.3
2.15
1.77
1.37
1.3
1.42
3.2
1.85
2.1
1.94
3.7
4.15
1.27
1.32
1.94
2.75
1.533
1.85
2.1
2.4
3.55
3.05
1.42
1.333
1.63
1.76
2.24
2.02
1.92
2.25
3.55
3.35
1.363
1.333
1.7
1.65
2.44
1.85
2.1
2.25
3.4
3.5
1.34
1.363
1.7
1.615
2.52
1.85
2.1
1.45
4.65
8.3
1.1
1.23
2.92
2.38
1.68
2.25
1.75
1.6
3.9
6.9
1.133
1.3
2.46
2.08
1.87
1.94
2
3.25
3.5
2.32
1.666
1.34
1.38
2.36
1.69
1.85
2.1
3.2
3.4
2.4
1.63
1.363
1.39
2.3
1.727
2
1.94
3.3
3.5
2.28
1.69
1.34
1.37
2.4
1.666
2.18
1.8
1.45
5
7.4
1.125
1.21
2.92
1.76
2.24
2.2
1.78
2.7
3.5
2.7
1.51
1.34
1.51
1.97
1.97
1.58
2.62
1.25
6.3
15
1.036
1.153
4.333
1.76
2.24
2.36
1.69
2.04
3.55
3.95
1.285
1.333
1.85
1.49
2.9
2.25
1.75
3.05
3.45
2.45
1.61
1.35
1.42
2.2
1.78
2
1.94
2.7
3.5
2.7
1.51
1.34
1.51
1.97
1.97
2.12
1.833
1.285
6.1
12
1.055
1.153
3.95
1.85
2.1
2.68
1.56
2.78
3.3
2.76
1.5
1.37
1.49
1.98
1.96
1.77
2.22
9
5.1
1.39
3.2
1.2
1.085
1.78
2.2
2.48
1.63
5.4
3.8
1.727
2.22
1.3
1.181
1.68
2.375
1.94
2
1.61
4.1
6.2
1.153
1.27
2.44
2.875
1.5
2
1.94
2.4
3.45
3.125
1.41
1.35
1.63
1.74
2.26
1.87
2.08
1.75
3.95
5
1.21
1.285
2.18
2.36
1.69
2.2
1.78
3.55
3.6
2.15
1.77
1.333
1.333
2.56
1.6
2.25
1.75
1.8
3.75
4.9
1.21
1.31
2.1
2.62
1.58
1.952
1.99
1.07
16
36
0
1.035
10.5
2
1.94
2.05
1.9
2.48
3.5
2.96
1.444
1.34
1.59
1.81
2.16
1.99
1.952
1.26
6.4
13
1.05
1.143
4.2
1.8
2.18
2.56
1.6
1.97
2.95
4.75
1.181
1.38
1.8
1.35
3.25
1.4
3
2
3.4
4.05
1.25
1.333
1.833
2.92
1.45
1.8
2.1
2.15
3.3
3.65
1.3
1.35
1.727
1.54
2.62
1.85
2.04
2.2
3.3
3.5
1.32
1.35
1.69
1.58
2.52
1.94
1.94
2.35
3.3
3.2
1.363
1.35
1.615
1.68
2.3
1.952
1.93
1.5
4.2
7.9
1.1
1.25
2.7
1.87
2.06
2.15
1.8
2
3.4
4.2
1.25
1.35
1.86
2.86
1.49
2
1.92
2.3
3.3
3.4
1.35
1.363
1.66
1.64
2.44
1.85
2.08
1.55
4
7.4
1.111
1.27
2.56
1.96
1.96
2.08
1.85
3.05
3.3
2.5
1.571
1.363
1.41
2.18
1.78
1.96
1.96
2.3
3.3
3.4
1.35
1.363
1.66
1.64
2.44
1.75
2.22
2.72
3.2
2.85
1.46
1.38
1.5
1.91
2.02
2
1.92
1.85
3.6
4.7
1.222
1.32
2.02
2.6
1.571
1.75
2.22
3.45
3.25
2.3
1.66
1.37
1.34
2.46
1.63
2.02
1.9
2.92
3.3
2.6
1.533
1.363
1.444
2.08
1.85
1.8
2.15
2.35
3.65
2.92
1.42
1.3
1.615
1.75
2.18
2.6
1.55
2.04
3.7
3.55
1.31
1.3
1.8
1.533
2.64
2.6
1.55
1.3
5.8
10
1.06
1.153
3.65
1.91
1.97
2.92
1.45
2.3
3.4
3.35
1.363
1.363
1.68
1.66
2.42
2
1.94
1.38
5.7
8
1.111
1.166
3.25
2.12
1.833
2.48
1.63
1.48
4.6
7.5
1.125
1.23
2.82
1.81
2.16
2.62
1.58
2.08
3.6
3.75
1.31
1.333
1.82
1.533
2.75
2.2
1.78
2.3
3.5
3.3
1.37
1.34
1.68
1.666
2.4
2.2
1.78
1.52
4.75
6.4
1.143
1.222
2.68
1.89
2.06
2.4
1.666
1.68
3.85
5.9
1.166
1.3
2.3
2.22
1.77
2.3
1.72
1.285
6.1
12
1.055
1.153
3.95
1.85
2.1
2.74
1.54
1.9
3.5
4.55
1.222
1.333
1.96
1.39
3.3
1.8
2.15
1.8
3.55
5.2
1.19
1.333
2.08
1.32
3.8
1.75
2.22
2.55
3.2
2.96
1.41
1.363
1.533
1.81
2.1
1.8
2.1
1.8
3.5
5
1.181
1.32
2.04
1.32
3.65
1.55
2.6
2.5
3.2
3.05
1.4
1.363
1.55
1.76
2.16
1.55
2.6
2.25
3.2
3.5
1.32
1.363
1.666
1.59
2.48
1.65
2.35
2.1
3.3
3.8
1.285
1.35
1.76
1.51
2.72
1.55
2.6
2.1
3.3
3.8
1.285
1.35
1.76
1.51
2.72
1.55
2.6
2.3
3.2
3.4
1.333
1.363
1.64
1.63
2.4
1.55
2.6
2.25
3.2
3.5
1.32
1.363
1.666
1.59
2.48
1.85
2.04
2.24
3.3
3.6
1.333
1.37
1.71
1.6
2.55
1.78
2.2
1.9
3.6
4.2
1.24
1.3
1.93
2.68
1.52
1.94
1.94
1.85
3.6
4.5
1.222
1.3
1.98
2.6
1.55
1.85
2.04
3.25
3.35
2.3
1.64
1.34
1.363
2.34
1.66
2
1.88
2.92
3.25
2.55
1.533
1.363
1.42
2.08
1.82
1.75
2.18
1.952
3.6
3.95
1.26
1.3
1.88
2.82
1.48
2
1.88
2.1
3.45
3.65
1.3
1.333
1.76
1.533
2.64
2.1
1.8
1.3
5.7
13
1.036
1.153
3.65
1.96
1.98
2.06
1.89
1.615
4.05
6.5
1.125
1.26
2.36
2.84
1.51
2
1.94
2.42
3.4
3.2
1.37
1.34
1.59
1.727
2.3
1.82
2.15
8
4.1
1.533
2.56
1.26
1.09
2
1.94
1.952
1.99
1.82
3.7
5
1.19
1.3
2.04
2.52
1.615
1.87
2.08
1.32
5.5
13
1.036
1.166
3.5
2.06
1.89
1.96
1.98
1.35
4.95
13
1.036
1.19
3.3
2.12
1.84
2.08
1.87
9.5
5.1
1.39
3.1
1.181
1.07
1.79
2.2
2.1
1.85
3.5
3.45
2.25
1.68
1.333
1.32
2.44
1.65
1.8
2.18
2.44
3.3
3.25
1.363
1.35
1.58
1.727
2.3
1.97
1.97
7.8
4.05
1.55
2.52
1.26
1.095
1.55
2.7
1.89
2.06
4.95
3.4
1.91
1.93
1.34
1.19
1.55
2.7
1.74
2.26
1.85
3.45
5.3
1.181
1.333
2
2.58
1.59
1.89
2.06
1.79
3.7
5.2
1.181
1.3
2.08
2.44
1.65
1.94
2
1.571
4.15
7
1.111
1.25
2.46
2
1.94
1.98
1.96
1.39
4.7
12
1.045
1.21
3.1
2.18
1.8
2.1
1.85
1.84
3.65
4.95
1.19
1.3
2
2.56
1.6
1.9
2.04
1.571
4.05
7.3
1.111
1.26
2.46
2.75
1.533
1.92
2.02
2.65
3.2
2.84
1.444
1.363
1.5
1.87
2.02
1.55
2.58
2.95
3.3
2.5
1.55
1.35
1.42
2.1
1.8
1.6
2.46
1.55
4
6.8
1.111
1.26
2.5
2
1.88
1.6
2.46
2.15
3.3
3.65
1.3
1.35
1.727
1.55
2.58
1.6
2.46
1.5
4.05
7.8
1.09
1.25
2.64
1.9
1.98
1.8
2.1
2.35
3.2
3.3
1.35
1.363
1.615
1.65
2.35
1.5
2.74
2.65
3.25
2.8
1.45
1.363
1.5
1.9
1.98
1.5
2.74
1.3
5.6
10.5
1.055
1.153
3.65
1.98
1.9
1.9
1.98
1.6
3.9
6.2
1.133
1.27
2.38
2.1
1.8
1.8
2.1
1.52
4.333
6.5
1.125
1.23
2.58
1.92
1.96
1.8
2.1
4.5
3.4
1.9
1.93
1.333
1.222
1.51
2.72
1.65
2.35
1.9
3.4
4.5
1.222
1.333
1.93
2.72
1.51
1.65
2.35
2.2
3.3
3.5
1.32
1.35
1.69
1.58
2.52
1.7
2.26
3.05
3.4
2.4
1.59
1.333
1.4
2.22
1.727
1.77
2.15
3.9
3.5
2
1.833
1.32
1.27
1.45
2.92
1.75
2.18
1.8
3.5
5
1.181
1.32
2.04
2.52
1.58
1.75
2.18
3.3
3.5
2.2
1.69
1.32
1.35
2.42
1.615
1.85
2.04
1.9
3.5
4.35
1.23
1.32
1.93
2.72
1.51
1.6
2.46
1.5
4.25
6.4
1.111
1.21
2.54
1.88
1.94
1.91
1.91
1.65
3.9
5.1
1.153
1.24
2.2
2.2
1.69
1.7
2.18
1.9
3.4
4.2
1.222
1.3
1.87
1.39
3.05
1.7
2.18
3.25
3.7
2.24
1.71
1.32
1.38
2.4
1.666
1.85
2.1
2.3
3.35
3.4
1.363
1.363
1.68
1.65
2.44
1.7
2.34
2.35
3.5
3.2
1.39
1.34
1.65
1.71
2.32
1.615
2.52
1.065
14
67
0
1.04
11
2.15
1.82
1.65
2.44
2.58
3.45
2.86
1.47
1.35
1.55
1.87
2.08
1.68
2.38
4.6
3.8
1.833
2.06
1.3
1.23
1.6
2.56
1.99
1.952
20
8.4
1.166
5.8
1.095
1.019
2.1
1.85
2.56
1.6
1.04
23
51
0
1.013
14
1.8
2.18
2.25
1.75
1.82
3.55
5.1
1.2
1.333
2.08
2.56
1.6
1.71
2.32
2.55
3.6
2.82
1.48
1.333
1.571
1.88
2.08
1.85
2.1
5.1
3.5
1.833
2.06
1.34
1.2
1.59
2.58
1.72
2.3
46
19
1.05
13
1.022
0
2.1
1.85
2.7
1.55
26
14
1.095
8.5
1.04
1.008
1.78
2.2
2.8
1.52
1.45
4.65
8.3
1.1
1.23
2.92
2.36
1.69
2.44
1.65
5.1
3.85
1.75
2.18
1.3
1.2
1.68
2.38
1.9
2.04
1.2
8
15
1.036
1.111
5.1
1.94
2
1.97
1.97
1.5
4.5
7.3
1.125
1.24
2.75
1.86
2.1
1.7
2.34
1.38
4.9
10.5
1.07
1.21
3.25
2.2
1.79
1.92
2.02
2.2
3.4
3.6
1.333
1.363
1.74
1.59
2.58
1.75
2.25
1.98
3.6
4.1
1.27
1.333
1.9
2.875
1.5
1.68
2.38
1.76
3.9
4.95
1.21
1.3
2.16
2.4
1.666
1.97
1.97
1.39
5
9.4
1.08
1.21
3.2
1.666
2.4
1.9
2.05
1.25
6.3
15
1.036
1.153
4.333
1.85
2.1
2.2
1.79
1.07
17
31
1.001
1.03
10.5
1.7
2.34
2.7
1.55
1.99
3.45
4.3
1.25
1.35
1.89
2.95
1.48
1.78
2.2
1.77
3.65
5.4
1.181
1.32
2.15
2.44
1.65
1.77
2.22
2.1
3.45
3.85
1.3
1.35
1.8
1.52
2.8
1.75
2.25
1.2
7.2
19
1.022
1.125
5.1
1.99
1.952
2.3
1.72
1.6
4
5.5
1.143
1.23
2.3
2.06
1.78
2.375
1.6
2
3.5
3.65
1.27
1.285
1.78
1.48
2.7
2.18
1.7
2.4
3.55
2.78
1.43
1.285
1.55
1.78
2.06
2.375
1.6
3.6
3.55
2
1.78
1.285
1.285
2.66
1.49
2.375
1.6
5.1
3.8
1.77
2.15
1.3
1.2
3.75
1.333
1.9
2.04
1.65
3.6
5.7
1.133
1.285
2.2
2.18
1.7
1.86
1.96
4
3.55
1.96
1.87
1.31
1.26
2.95
1.444
2.02
1.86
2.34
3.3
3.2
1.363
1.35
1.615
1.68
2.3
1.88
2
2.3
3.15
3.25
1.333
1.34
1.59
1.63
2.3
1.85
1.97
2.84
3.3
2.65
1.52
1.363
1.46
2.04
1.88
1.74
2.24
1.5
4.5
7
1.125
1.23
2.7
1.88
2.04
1.96
1.96
2.56
3.2
2.56
1.42
1.285
1.42
1.87
1.87
1.65
2.16
4.85
4
1.71
2.18
1.26
1.19
1.69
2.28
2.08
1.82
2.35
2.9
3.7
1.3
1.43
1.615
1.59
2.48
1.79
2.12
2.88
3
2.76
1.47
1.41
1.43
1.98
1.9
1.89
1.99
2.6
3.25
3
1.43
1.38
1.55
1.84
2.12
1.68
2.38
1.64
3.8
6.5
1.143
1.3
2.375
2.16
1.81
2
1.94
2.3
3.2
3.6
1.333
1.39
1.68
1.615
2.52
1.7
2.34
2.52
3.2
3.15
1.4
1.39
1.58
1.77
2.22
1.68
2.38
1.35
4.95
12
1.055
1.21
3.45
2.04
1.9
1.94
2
1.952
3.5
4.4
1.25
1.34
1.93
2.8
1.52
1.7
2.34
2.02
3.4
4.2
1.26
1.363
1.87
1.46
3.05
1.7
2.34
2.56
3.2
3.1
1.41
1.39
1.56
1.8
2.18
1.7
2.34
1.666
3.6
6.8
1.133
1.333
2.32
2.22
1.77
1.8
2.18
4
3.5
2.04
1.85
1.34
1.285
2.9
1.49
1.8
2.18
2.5
3.2
3.2
1.39
1.39
1.58
1.75
2.25
1.7
2.34
2.1
3.3
4.05
1.285
1.37
1.8
1.5
2.875
1.75
2.25
3.2
3.2
2.5
1.58
1.39
1.39
2.25
1.75
1.8
2.18
3.125
3.2
2.55
1.571
1.39
1.41
2.2
1.79
1.7
2.34
1.181
7.7
20
1.019
1.111
5.4
2
1.94
2.56
1.6
2.86
3.2
2.75
1.5
1.39
1.47
2.02
1.93
1.65
2.44
1.7
3.7
6
1.166
1.32
2.26
2.26
1.74
1.75
2.25
1.65
3.8
6.4
1.143
1.3
2.35
2.2
1.79
1.85
2.1
4.85
3.4
1.9
1.98
1.363
1.21
1.56
2.68
1.75
2.25
2.3
3.2
3.6
1.333
1.39
1.68
1.615
2.52
1.75
2.25
2
3.25
4.5
1.23
1.37
1.86
1.42
3.15
1.7
2.32
1.63
3.8
5.5
1.143
1.25
2.24
2.12
1.74
2
1.833
2.45
3.25
3.2
1.38
1.37
1.59
1.727
2.26
2.06
1.87
2.625
3.55
2.625
1.51
1.31
1.51
1.94
1.94
2.1
1.8
1.48
4.45
8
1.111
1.24
2.82
2.25
1.75
2.12
1.84
2.78
3.4
2.68
1.52
1.363
1.49
2
1.94
1.88
2.08
1.35
5.5
9.7
1.08
1.181
3.45
1.9
2.05
2.74
1.54
2.44
3.6
2.96
1.444
1.333
1.61
1.8
2.18
2.3
1.72
3.45
3.65
2.1
1.76
1.3
1.333
1.42
3.05
2.46
1.6
3.55
3.5
2.1
1.76
1.32
1.31
1.42
3.05
2.26
1.7
4.15
3.55
1.99
1.89
1.333
1.27
3.05
1.46
1.82
2.14
1.833
3.6
4.95
1.21
1.333
2.06
2.54
1.61
1.9
2.05
3.1
3.4
2.45
1.61
1.363
1.41
2.24
1.76
1.84
2.12
1.5
4.5
7.3
1.125
1.24
2.75
1.87
2.08
2.22
1.77
3.05
3.4
2.48
1.59
1.363
1.42
2.2
1.79
2
1.94
2.18
3.35
3.75
1.31
1.363
1.75
1.56
2.68
1.81
2.16
2.6
3.35
2.92
1.45
1.363
1.55
1.86
2.1
1.666
2.4
2.3
3.45
3
1.37
1.3
1.59
1.69
2.2
1.8
2.04
2.68
3.4
2.56
1.49
1.3
1.45
1.952
1.87
1.97
1.85
1.23
6.5
11
1.03
1.1
4
2.26
1.65
2.625
1.5
1.8
3.3
5.5
1.166
1.35
2.04
2.54
1.571
1.5
2.75
2.72
3.45
2.72
1.51
1.35
1.51
1.97
1.97
2.2
1.78
2.3
3.3
3.45
1.35
1.37
1.68
1.64
2.46
1.833
2.12
5.7
3.8
1.7
2.26
1.3
1.166
1.75
2.25
2.34
1.7
1.78
3.7
5.2
1.19
1.32
2.14
2.4
1.666
2.12
1.833
3.85
3.55
2.06
1.833
1.333
1.3
2.84
1.51
2.26
1.74
1.72
3.9
5.3
1.19
1.3
2.22
2.3
1.727
2.2
1.78
4.35
3.7
1.9
1.98
1.32
1.25
1.56
2.68
1.97
1.97
2.3
3.4
3.35
1.363
1.363
1.68
1.66
2.42
2.26
1.74
2.12
3.6
3.6
1.333
1.333
1.79
1.56
2.68
2.3
1.72
2.45
3.15
3
1.37
1.34
1.533
1.74
2.12
1.91
1.91
