1.952
3.85
3.7
1.3
1.285
1.88
2.72
1.51
2.18
1.75
2.42
3.5
2.92
1.42
1.32
1.58
1.77
2.15
2.22
1.727
2.48
3.9
2.62
1.51
1.27
1.56
1.89
1.99
1.66
2.34
1.85
3.75
4.25
1.24
1.285
1.98
2.48
1.59
1.75
2.18
2.98
3.35
2.45
1.571
1.34
1.41
2.15
1.77
1.615
2.42
2.3
3.85
2.88
1.43
1.285
1.64
1.74
2.2
1.96
1.92
2.15
3.75
3.25
1.363
1.285
1.727
1.61
2.44
1.98
1.9
1.89
3.85
3.95
1.26
1.285
1.94
2.64
1.533
2.42
1.615
2.4
3.9
2.72
1.48
1.27
1.59
1.82
2.08
1.93
1.952
2.15
3.75
3.25
1.363
1.285
1.727
1.61
2.44
2.24
1.71
2.64
3.75
2.52
1.54
1.285
1.5
1.98
1.9
1.61
2.44
1.93
3.75
3.9
1.27
1.285
1.9
2.72
1.51
2.46
1.6
2.35
3.75
2.86
1.444
1.285
1.615
1.77
2.15
2.52
1.58
2.42
3.8
2.74
1.47
1.285
1.58
1.833
2.06
2.16
1.76
2.6
3.5
2.7
1.48
1.32
1.51
1.9
1.98
1.58
2.52
2.14
3.8
3.2
1.363
1.285
1.727
1.615
2.42
1.82
2.08
2.2
3.5
3.3
1.35
1.32
1.69
1.615
2.42
2.26
1.75
1.85
3.45
4.4
1.2
1.3
1.92
2.54
1.533
2.18
1.7
2.3
3.4
3.05
1.363
1.3
1.59
1.68
2.22
1.82
2.02
2
3.45
3.75
1.26
1.3
1.78
1.46
2.76
2.1
1.75
2.78
3.45
2.45
1.533
1.3
1.43
2.04
1.8
1.91
1.91
2.35
3.45
2.92
1.39
1.3
1.571
1.727
2.14
1.86
1.96
3.4
3.65
2.18
1.75
1.32
1.363
2.52
1.615
2.42
1.66
5.1
4.1
1.71
2.24
1.27
1.2
1.74
2.26
2.22
1.77
6.2
4.1
1.64
2.375
1.27
1.153
1.79
2.22
2
1.96
2.08
3.5
4
1.285
1.34
1.82
1.5
2.92
2
1.96
4.9
3.9
1.8
2.1
1.3
1.21
1.65
2.48
2.375
1.7
1.43
4.85
9.1
1.085
1.21
3
1.727
2.32
2.14
1.85
4.7
3.6
1.909
1.97
1.333
1.222
3.45
1.39
2.14
1.85
1.3
6
13
1.05
1.166
3.8
1.89
2.08
2.4
1.68
1.55
4.333
7.2
1.125
1.25
2.6
2.04
1.92
2.2
1.8
2.25
3.4
3.6
1.333
1.363
1.7
1.61
2.58
1.833
2.15
1.533
4.333
7.5
1.125
1.25
2.64
1.92
2.04
2.06
1.909
1.285
6
14
1.04
1.166
3.95
1.85
2.14
2.375
1.7
1.444
4.333
11
1.065
1.25
2.95
1.74
2.3
2.08
1.89
5.6
3.85
1.727
2.22
1.3
1.181
1.74
2.3
2.06
1.909
5
3.7
1.833
2.06
1.32
1.21
1.63
2.52
2.02
1.952
2.95
3.35
2.65
1.533
1.363
1.444
2.1
1.88
1.86
2.12
7.4
4.25
1.55
2.6
1.26
1.125
2
1.96
2.26
1.76
3.4
3.45
2.32
1.666
1.35
1.363
2.44
1.666
1.86
2.12
1.4
5.1
9.7
1.08
1.2
3.15
2.18
1.81
2.375
1.7
1.31
5.9
12
1.055
1.166
3.75
1.93
2.04
2.375
1.7
2.12
3.35
4.1
1.27
1.363
1.79
1.5
2.92
1.86
2.12
1.9
3.6
4.75
1.222
1.333
1.98
1.39
3.45
1.96
2
2.4
3.3
3.4
1.363
1.37
1.63
1.69
2.38
1.94
2.02
1.94
3.55
4.55
1.23
1.333
1.94
1.41
3.35
1.81
2.18
1.363
5.5
10
1.075
1.181
3.35
2.12
1.86
1.98
1.98
2.28
3.35
3.6
1.333
1.363
1.69
1.615
2.56
2.14
1.85
2.22
3.55
3.4
1.363
1.333
1.72
1.63
2.48
2.02
1.92
1.89
3.55
4.05
1.23
1.285
1.88
2.6
1.51
3
1.4
2.3
3.35
3.1
1.35
1.31
1.59
1.666
2.24
2.54
1.533
2
3.6
3.55
1.285
1.285
1.78
1.49
2.66
2.44
1.571
3
3.5
2.28
1.6
1.285
1.37
2.22
1.68
2.44
1.571
2.6
3.5
2.58
1.48
1.285
1.48
1.92
1.9
2.54
1.533
2.5
3.45
2.72
1.444
1.3
1.51
1.833
1.99
2.375
1.6
3.95
3.6
1.9
1.87
1.285
1.24
1.5
2.625
2.44
1.571
2.5
3.4
2.75
1.43
1.3
1.51
1.82
2.02
2.35
1.61
2.35
3.5
2.88
1.4
1.285
1.571
1.74
2.12
2.44
1.571
2.1
3.6
3.3
1.32
1.285
1.71
1.56
2.46
2.04
1.8
2.84
3.05
2.9
1.46
1.42
1.47
1.952
1.99
1.54
2.74
2.38
3.05
3.6
1.333
1.42
1.64
1.64
2.46
1.56
2.68
2.15
3.1
4.2
1.26
1.41
1.77
1.49
2.9
1.59
2.58
3
3
2.78
1.49
1.43
1.43
2.04
1.9
1.52
2.8
2
3.2
4.65
1.23
1.39
1.88
1.41
3.25
1.5
2.875
3.15
3
2.66
1.533
1.43
1.4
2.15
1.82
1.52
2.8
2.95
2.95
2.75
1.47
1.42
1.42
2.02
1.87
1.48
2.82
2.3
2.88
3.85
1.285
1.43
1.64
1.55
2.6
1.5
2.75
1.85
3.1
5.6
1.153
1.39
1.98
2.62
1.54
1.49
2.78
2.28
2.95
3.8
1.285
1.42
1.65
1.55
2.6
1.5
2.75
1.98
3.05
4.8
1.2
1.4
1.85
1.37
3.3
1.52
2.68
2.36
3
3.5
1.32
1.41
1.61
1.63
2.4
1.6
2.46
1.98
3.1
4.65
1.21
1.39
1.85
2.92
1.45
1.56
2.56
2.3
2.9
3.2
1.285
1.333
1.51
1.61
2.22
1.6
2.25
2.78
3
2.5
1.444
1.31
1.363
1.97
1.78
1.8
1.94
1.5
4.5
5.9
1.125
1.19
2.54
1.89
1.93
1.75
2.1
2.05
3.4
3.6
1.285
1.3
1.74
1.5
2.625
1.75
2.1
2.2
3.3
3.35
1.31
1.32
1.65
1.58
2.42
1.8
2.04
2.2
3.5
3.3
1.35
1.32
1.69
1.615
2.42
2.22
1.72
1.47
4.4
7.5
1.095
1.222
2.74
1.82
2.08
1.9
1.98
2.25
3.55
3.15
1.38
1.31
1.666
1.66
2.34
1.98
1.9
1.85
3.6
4.5
1.222
1.3
1.98
1.37
3.3
1.88
2
1.75
3.8
4.85
1.19
1.285
2.12
1.32
3.65
2
1.88
2.2
3.5
3.3
1.35
1.32
1.69
1.615
2.42
1.77
2.15
4.7
3.9
1.75
2.12
1.27
1.2
3.55
1.333
2.18
1.75
1.222
6.6
14
1.027
1.125
4.4
2.22
1.727
2.4
1.63
2
3.5
3.9
1.27
1.32
1.833
1.47
2.85
1.77
2.15
1.3
6
11
1.065
1.166
3.8
1.94
2
2.4
1.666
3.25
3.6
2.28
1.69
1.333
1.38
2.38
1.68
2.34
1.7
2.58
3.6
2.78
1.49
1.333
1.55
1.9
2.04
2.56
1.6
14
8.4
1.153
5.1
1.06
1.01
2.92
1.42
2.625
1.5
2.65
3.3
2.65
1.46
1.32
1.46
1.91
1.91
1.91
1.91
1.952
3.5
3.85
1.25
1.285
1.82
2.8
1.45
1.85
1.97
1.89
3.45
4.2
1.222
1.3
1.88
2.66
1.49
1.8
2.04
1.5
4.2
6.5
1.1
1.222
2.54
1.86
1.96
2.56
1.52
1.42
4.6
7.3
1.08
1.181
2.8
1.72
2.15
2.1
1.75
3.35
3.3
2.18
1.66
1.32
1.31
2.42
1.58
2.625
1.5
1.6
3.9
5.7
1.133
1.24
2.3
2.08
1.77
1.85
1.97
1.8
3.5
4.6
1.181
1.285
1.98
2.48
1.55
1.75
2.1
2.5
3.2
2.9
1.4
1.333
1.51
1.78
2.06
1.85
1.97
2.06
3.35
4.15
1.27
1.363
1.833
1.47
2.98
1.65
2.45
1.84
3.55
5
1.21
1.333
2.05
2.62
1.58
1.93
2.02
1.89
3.5
4.75
1.222
1.34
1.99
2.68
1.56
1.82
2.14
6
3.9
1.66
2.34
1.3
1.166
1.8
2.18
2.06
1.89
2.24
3.4
3.5
1.34
1.363
1.71
1.615
2.52
1.84
2.12
1.92
3.5
4.55
1.23
1.34
1.96
2.84
1.51
1.71
2.32
1.74
3.75
5.4
1.181
1.31
2.2
2.36
1.69
1.97
1.97
2.3
3.3
3.45
1.35
1.37
1.68
1.64
2.46
1.91
2.04
2.5
3.35
2.92
1.42
1.34
1.55
1.8
2.1
1.93
1.952
1.75
3.7
5
1.181
1.3
2.12
2.35
1.65
2.04
1.85
1.82
3.45
4.95
1.19
1.333
2.02
2.54
1.571
1.952
1.93
1.4
4.7
8.7
1.075
1.2
3.05
2.22
1.72
2.35
1.65
2.35
3.35
3.15
1.38
1.34
1.615
1.69
2.28
2.14
1.78
2.18
3.3
3.55
1.31
1.35
1.71
1.571
2.54
1.88
2
2.5
3.35
2.92
1.42
1.34
1.55
1.8
2.1
1.77
2.15
1.615
3.7
6.6
1.125
1.3
2.35
2.1
1.8
2.04
1.85
2.3
3.3
3.3
1.35
1.35
1.64
1.65
2.35
1.74
2.2
1.94
3.35
4.4
1.222
1.34
1.89
2.82
1.48
1.7
2.25
1.5
4.1
6.7
1.095
1.222
2.54
1.88
1.94
1.98
1.84
1.35
4.8
9
1.05
1.181
3.125
2.12
1.74
2.02
1.81
1.76
3.55
4.8
1.181
1.285
2.02
2.42
1.58
1.75
2.1
2.2
3.3
3.35
1.31
1.32
1.65
1.58
2.42
1.6
2.375
2.92
3.3
2.42
1.54
1.32
1.39
2.1
1.75
1.97
1.85
3.3
3.35
2.18
1.66
1.31
1.32
2.4
1.59
1.72
2.15
1.88
3.45
4.25
1.21
1.3
1.89
2.66
1.49
1.75
2.1
2.18
3.3
3.35
1.31
1.32
1.66
1.58
2.42
1.88
1.94
2.54
3.5
2.88
1.46
1.34
1.571
1.85
2.1
2.3
1.72
2.875
3.45
2.58
1.55
1.35
1.46
2.08
1.87
2.15
1.82
3.45
3.55
2.2
1.74
1.333
1.35
2.52
1.615
2.875
1.5
5.6
3.95
1.68
2.3
1.285
1.181
1.76
2.24
2.12
1.833
1.92
3.7
4.25
1.26
1.32
1.96
1.43
3.15
2.08
1.88
1.125
10.5
23
1.013
1.07
7
1.97
1.97
1.97
1.97
1.222
7.5
14
1.04
1.125
4.7
2
1.94
1.94
2
2.18
3.5
3.55
1.333
1.34
1.75
1.59
2.58
2.16
1.81
2.44
3.4
3.1
1.41
1.363
1.61
1.76
2.24
2.2
1.78
2.4
3.4
3.2
1.39
1.363
1.63
1.727
2.3
2.26
1.74
2.45
3.4
3.1
1.41
1.363
1.61
1.76
2.24
2.2
1.78
1.9
3.7
4.35
1.25
1.32
1.98
2.68
1.56
2
1.94
1.133
10.5
21
1.017
1.07
6.7
2
1.94
1.94
2
1.58
4.2
6.5
1.143
1.26
2.52
1.97
1.97
2.48
1.63
2.32
3.5
3.25
1.38
1.34
1.666
1.69
2.36
2.4
1.666
1.4
4.7
10
1.075
1.222
3.15
2.2
1.78
2.3
1.72
3.9
3.7
2
1.88
1.32
1.3
1.5
2.875
2.52
1.615
1.92
3.9
4.05
1.285
1.3
1.96
2.68
1.56
2.34
1.7
2.3
3.45
3.3
1.37
1.35
1.68
1.666
2.4
2.24
1.76
1.98
3.75
3.95
1.285
1.31
1.9
1.48
2.95
2.38
1.68
1.85
3.8
4.5
1.24
1.3
2.04
2.58
1.59
2.02
1.92
2.1
3.55
3.75
1.31
1.333
1.8
1.54
2.74
1.98
1.96
1.85
3.8
4.5
1.24
1.3
2.04
2.58
1.59
2
1.94
2.4
3.5
3.1
1.41
1.34
1.63
1.75
2.25
1.9
2.04
2.2
3.3
3.35
1.31
1.32
1.65
1.58
2.42
1.9
1.92
1.76
3.65
4
1.181
1.222
1.89
2.42
1.52
1.97
1.78
1.38
4.65
6.5
1.06
1.133
2.68
1.65
2.15
2.64
1.45
1.23
5.9
9.1
1.014
1.08
3.55
1.76
1.99
1.7
2.08
2.6
3.35
2.44
1.46
1.25
1.41
1.93
1.81
2.36
1.55
2.45
3.25
2.65
1.39
1.27
1.45
1.8
1.94
2
1.75
2.25
3.3
2.9
1.333
1.26
1.533
1.65
2.16
2
1.75
4.2
3.4
1.78
1.87
1.25
1.166
1.55
2.36
2
1.75
5.8
4.35
1.45
2.46
1.153
1.08
1.65
2.16
2.64
1.45
1.833
3.5
3.8
1.2
1.23
1.81
2.42
1.52
2.05
1.72
2.375
3.25
2.75
1.363
1.27
1.48
1.72
2.05
2
1.75
2.05
3.3
3.3
1.26
1.26
1.64
1.54
2.38
2.2
1.63
2.04
3.4
3.25
1.27
1.25
1.65
1.55
2.36
2.64
1.45
1.79
3.45
4.1
1.181
1.24
1.86
2.38
1.54
1.952
1.79
3.7
3.35
1.9
1.75
1.25
1.21
1.47
2.56
1.952
1.79
1.82
3.5
3.9
1.19
1.23
1.833
2.42
1.52
2
1.75
3.125
3.1
2.22
1.55
1.3
1.285
2.2
1.63
1.9
1.84
1.43
4.4
6
1.075
1.153
2.52
1.7
2.08
2.8
1.4
2.42
3.3
2.65
1.39
1.26
1.46
1.75
2
1.87
1.87
1.3
5.1
7.8
1.035
1.111
3.05
1.98
1.77
2.64
1.45
1.74
3.6
4.85
1.166
1.285
2.05
2.375
1.6
1.8
2.04
2.68
3.2
2.68
1.45
1.333
1.45
1.91
1.91
1.68
2.22
2.74
3.2
2.625
1.47
1.333
1.444
1.952
1.87
2.06
1.78
2.1
3.3
3.6
1.285
1.32
1.71
1.51
2.6
1.8
2.04
2.62
3.2
2.75
1.43
1.333
1.47
1.86
1.96
1.75
2.1
1.125
9.6
20
1.005
1.065
6.4
2.14
1.77
3
1.43
1.9
3.2
4.9
1.19
1.363
1.93
1.35
3.45
1.48
2.8
2.1
3.1
4.1
1.25
1.39
1.76
1.47
2.84
1.45
2.92
2.2
3.1
3.75
1.285
1.39
1.69
1.54
2.62
1.55
2.58
1.74
3.4
5.8
1.153
1.333
2.12
1.26
4.2
1.58
2.5
2.46
3
3.3
1.35
1.41
1.571
1.69
2.28
1.5
2.74
2
3.7
3.9
1.3
1.32
1.88
1.49
2.9
2.34
1.7
1.75
3.8
5.2
1.19
1.3
2.18
1.32
3.9
2.15
1.82
1.5
4.5
7.3
1.125
1.24
2.75
1.87
2.08
2.25
1.75
2.65
3.55
2.72
1.51
1.333
1.533
1.94
2
2.04
1.9
1.65
3.8
6.4
1.143
1.3
2.35
2.16
1.81
2.2
1.78
1.55
4.5
5.7
1.153
1.222
2.5
1.96
1.92
2.42
1.615
1.952
3.65
3.9
1.27
1.3
1.88
1.46
2.88
2.26
1.7
1.8
3.75
4.55
1.21
1.285
2.04
1.35
3.45
2.18
1.75
1.25
6.1
13
1.035
1.133
4.1
1.75
2.18
3.15
1.4
1.7
3.75
5.4
1.166
1.285
2.18
2.24
1.71
2.46
1.6
2.25
3.55
3
1.37
1.285
1.615
1.666
2.24
2.42
1.58
6.1
4.3
1.55
2.5
1.23
1.133
1.89
1.99
1.8
2.1
1.952
3.3
4.4
1.222
1.35
1.88
2.82
1.48
1.85
2.04
2.4
3.4
2.88
1.4
1.3
1.55
1.75
2.1
1.97
1.85
1.6
4
5.5
1.143
1.23
2.3
2.08
1.77
2.1
1.75
3.2
3.5
2.32
1.65
1.333
1.38
2.34
1.69
1.75
2.22
2.55
3.5
2.84
1.46
1.333
1.55
1.86
2.08
1.71
2.3
1.2
7.3
18
1.025
1.125
5.1
1.666
2.4
2.75
1.533
1.52
4.4
7.1
1.125
1.25
2.68
1.833
2.12
2.75
1.533
2.54
3.4
2.96
1.444
1.363
1.571
1.833
2.12
1.76
2.24
2.15
3.4
3.75
1.31
1.363
1.77
1.56
2.68
2.2
1.78
1.181
8.2
17
1.03
1.1
5.4
1.89
2.06
2.25
1.75
1.75
3.8
5.2
1.19
1.3
2.18
2.36
1.69
2.25
1.75
17
7.5
1.2
5.1
1.125
1.03
2.04
1.9
2.04
1.9
4.75
3.75
1.82
2.08
1.31
1.222
1.615
2.52
2.04
1.9
2.28
3.4
3.4
1.363
1.363
1.69
1.65
2.44
1.85
2.1
2.05
3.5
3.95
1.285
1.34
1.84
2.95
1.48
2.1
1.85
1.71
3.85
5.5
1.181
1.3
2.24
2.3
1.727
2
1.94
3.25
3.45
2.35
1.65
1.35
1.38
2.34
1.7
1.97
1.97
2.1
3.35
4
1.285
1.363
1.8
1.5
2.875
1.85
2.1
2.26
3.45
3.4
1.363
1.35
1.7
1.64
2.46
2.15
1.82
1.37
5.3
9.5
1.08
1.19
3.3
2.1
1.85
2.44
1.65
1.87
3.85
4.333
1.25
1.3
2.02
2.56
1.6
1.68
2.38
2.35
3.35
3.3
1.37
1.363
1.65
1.69
2.36
2.1
1.85
2.35
3.35
3.3
1.37
1.363
1.65
1.69
2.36
1.85
2.1
1.75
3.7
5.4
1.181
1.32
2.18
2.38
1.68
1.9
2.04
2.18
3.45
3.6
1.333
1.35
1.75
1.58
2.62
1.94
2
1.77
3.8
5.1
1.2
1.3
2.15
2.42
1.66
2
1.94
1.45
4.95
7.5
1.125
1.21
2.92
1.77
2.22
2.18
1.8
2.55
3.35
2.98
1.444
1.363
1.571
1.833
2.12
1.97
1.97
2.12
3.4
3.85
1.3
1.363
1.79
1.533
2.75
1.85
2.1
2.05
3.4
4
1.27
1.35
1.82
1.48
2.9
1.78
2.18
1.85
3.6
4.7
1.222
1.32
2.02
1.363
3.5
1.75
2.22
2.1
3.5
3.7
1.31
1.333
1.78
1.533
2.72
2.12
1.82
2.55
3.3
2.96
1.43
1.363
1.55
1.82
2.12
1.78
2.18
1.72
3.85
5.3
1.181
1.285
2.2
1.3
4
1.88
2.04
2.56
3.2
3.05
1.41
1.38
1.55
1.8
2.15
1.68
2.35
2.35
3.3
3.3
1.363
1.363
1.64
1.68
2.35
1.92
2
1.98
3.4
4.3
1.25
1.35
1.88
1.43
3.1
1.71
2.3
1.56
3.65
7
1.09
1.27
2.38
1.99
1.833
1.91
1.91
2.24
3.05
3.5
1.285
1.363
1.63
1.571
2.44
1.833
1.99
2.22
3.05
3.55
1.285
1.363
1.64
1.55
2.48
1.833
1.99
2.36
3.05
3.25
1.333
1.363
1.571
1.65
2.26
1.833
1.99
2.2
3.05
3.65
1.27
1.363
1.65
1.533
2.54
1.833
1.99
3.35
3.05
2.32
1.59
1.363
1.31
2.34
1.615
1.833
1.99
3.3
3.05
2.35
1.571
1.363
1.32
2.3
1.63
1.833
1.99
2.12
3.1
3.8
1.25
1.35
1.69
1.49
2.66
1.85
1.97
2.02
3.1
4.15
1.222
1.35
1.76
2.92
1.42
1.72
2.15
1.55
3.55
7.6
1.075
1.285
2.4
1.99
1.833
1.74
2.12
2.56
3
2.98
1.38
1.37
1.49
1.77
2.08
1.74
2.12
2.5
3
3.1
1.35
1.37
1.51
1.727
2.14
1.615
2.34
2.16
3.1
3.65
1.27
1.35
1.666
1.52
2.56
1.74
2.12
2.12
3.125
3.75
1.26
1.35
1.69
1.49
2.66
1.68
2.22
2.2
3.1
3.55
1.285
1.35
1.65
1.55
2.48
1.74
2.12
2.36
3
3.3
1.32
1.37
1.571
1.64
2.28
1.727
2.14
6.5
3.6
1.6
2.3
1.285
1.1
1.76
2.08
1.72
2.15
3.35
3.1
2.28
1.6
1.35
1.31
2.375
1.6
1.68
2.22
1.65
3.5
6
1.125
1.285
2.2
2.2
1.69
1.8
2.04
3.2
3.15
2.35
1.571
1.34
1.333
2.25
1.66
1.69
2.2
2.98
3.05
2.54
1.5
1.363
1.38
2.08
1.77
1.666
2.24
1.72
3.5
5.2
1.153
1.285
2.08
2.3
1.63
1.96
1.86
1.61
3.55
6.4
1.111
1.285
2.26
2.1
1.75
1.85
1.97
1.84
3.25
4.85
1.166
1.333
1.93
2.56
1.52
1.75
2.1
1.727
3.45
5.3
1.143
1.3
2.08
2.34
1.615
1.833
1.99
2.72
3.1
2.72
1.444
1.35
1.444
1.91
1.91
1.833
1.99
2.52
3.2
2.86
1.41
1.333
1.5
1.8
2.04
2.02
1.82
3.95
3.15
2.05
1.74
1.34
1.24
1.42
2.92
2.08
1.76
2.22
3.2
3.4
1.3
1.333
1.64
1.58
2.42
1.833
1.99
1.63
3.5
6.3
1.111
1.285
2.24
2.14
1.727
1.87
1.952
1.76
3.4
5.1
1.153
1.3
2.02
2.42
1.58
1.79
2.05
4.1
3.2
1.99
1.79
1.333
1.222
1.43
2.875
1.727
2.14
1.63
4
6.2
1.153
1.285
2.4
2.18
1.8
2.1
1.85
2.08
3.4
4
1.285
1.363
1.82
1.5
2.875
1.85
2.1
2.1
3.4
3.9
1.3
1.363
1.8
1.51
2.84
1.85
2.1
1.25
6.3
15
1.036
1.153
4.333
1.78
2.2
2.44
1.65
2.4
3.2
3.35
1.363
1.39
1.63
1.69
2.36
1.72
2.3
1.9
3.6
4.5
1.24
1.333
1.98
1.4
3.35
1.87
2.08
2.35
3.3
3.35
1.363
1.37
1.65
1.68
2.38
1.94
2
1.55
4.3
6.8
1.133
1.25
2.6
1.96
1.98
2.22
1.77
2.05
3.4
4.1
1.27
1.363
1.84
1.48
2.95
1.85
2.1
2.6
3.3
2.96
1.444
1.37
1.55
1.85
2.1
2.25
1.75
1.68
4
5.5
1.181
1.285
2.3
2.24
1.76
2.18
1.8
3.15
3.25
2.5
1.58
1.38
1.4
2.22
1.77
1.92
2.02
2.35
3.3
3.35
1.363
1.37
1.65
1.68
2.38
1.8
2.18
2
3.5
4.15
1.27
1.34
1.88
1.46
3.05
1.85
2.1
2.25
3.35
3.55
1.333
1.363
1.7
1.61
2.54
1.75
2.25
2.8
3.2
2.8
1.48
1.39
1.48
1.97
1.97
1.9
2.04
3.7
3.45
2.15
1.77
1.35
1.32
2.68
1.56
1.97
1.97
4.5
3.6
1.9
1.98
1.333
1.24
3.35
1.4
2.02
1.92
2.36
3.2
3.45
1.35
1.39
1.65
1.66
2.42
1.72
2.3
1.34
5.3
11
1.065
1.19
3.5
2.08
1.88
2.04
1.9
1.32
5.6
11
1.065
1.181
3.65
1.99
1.952
2.25
1.75
2.14
3.3
3.95
1.285
1.37
1.77
1.52
2.8
1.8
2.18
1.72
3.9
5.3
1.19
1.3
2.22
2.32
1.71
2.02
1.92
3.95
3.55
2.04
1.85
1.333
1.285
2.9
1.49
1.89
2.06
3.75
3.3
2.2
1.74
1.37
1.31
2.68
1.56
1.92
2.02
3.85
3.3
2.16
1.76
1.37
1.3
2.74
1.54
2.08
1.87
1.25
6.6
14
1.04
1.143
4.333
1.76
2.24
2.3
1.72
1.727
3.9
5.2
1.19
1.3
2.22
2.34
1.7
1.97
1.97
2.16
3.3
3.75
1.3
1.363
1.74
1.54
2.7
1.78
2.18
2.2
3.1
3.15
1.285
1.3
1.56
1.59
2.26
1.69
2.1
2.2
3.1
3.15
1.285
1.3
1.56
1.59
2.26
1.6
2.25
2.05
3.1
3.55
1.23
1.3
1.64
1.47
2.56
1.64
2.18
2.4
3.1
2.82
1.35
1.3
1.47
1.727
2.04
1.64
2.18
2.45
3.05
2.8
1.35
1.3
1.45
1.75
2
1.65
2.16
2.35
3.05
2.95
1.32
1.3
1.49
1.68
2.1
1.65
2.16
1.909
3.2
3.9
1.19
1.285
1.75
2.74
1.42
1.65
2.16
2.05
3.1
3.55
1.23
1.3
1.64
1.47
2.56
1.64
2.18
1.6
3.6
5.3
1.1
1.222
2.12
2.1
1.69
1.8
1.94
2.5
3.1
2.7
1.38
1.3
1.444
1.8
1.94
1.65
2.16
1.98
3.2
3.65
1.222
1.285
1.69
1.444
2.65
1.65
2.16
1.55
3.7
5.6
1.09
1.21
2.22
2
1.75
1.91
1.833
2.2
3.1
3.15
1.285
1.3
1.56
1.59
2.26
1.65
2.16
2.7
3.1
2.5
1.444
1.3
1.38
1.94
1.8
1.65
2.16
2
3.2
3.55
1.23
1.285
1.68
1.46
2.6
1.75
2
1.65
3.6
4.8
1.125
1.222
2.04
2.22
1.615
1.7
2.08
1.75
3.5
4.25
1.166
1.23
1.909
2.4
1.533
1.8
1.94
3.125
3.4
2.25
1.615
1.3
1.35
2.28
1.64
2.92
1.42
11
6
1.25
3.8
1.125
1.03
2.18
1.7
2.04
1.8
2.3
3.3
3.125
1.35
1.32
1.59
1.66
2.25
1.97
1.85
1.153
8.7
13
1.016
1.055
5.1
1.87
1.952
2.18
1.7
4.2
3.4
1.9
1.87
1.3
1.222
3.05
1.39
1.7
2.18
4.6
3.5
1.86
1.97
1.32
1.21
1.56
2.56
2.18
1.75
2.5
3.3
2.95
1.42
1.35
1.55
3.95
1.285
1.75
2.18
3.25
3.25
2.25
1.615
1.333
1.333
2.34
1.615
1.65
2.26
2.32
3.3
3.1
1.35
1.32
1.59
1.666
2.24
1.69
2.2
1.6
3.7
6.1
1.125
1.27
2.3
2.1
1.75
1.75
2.1
3
3
2.55
1.49
1.37
1.37
2.08
1.77
1.65
2.26
2.05
3.3
3.75
1.26
1.32
1.74
1.48
2.7
1.91
1.91
1.7
3.7
5
1.166
1.27
2.12
2.26
1.65
2.26
1.65
1.58
3.85
6
1.125
1.25
2.34
2.05
1.79
1.86
1.96
1.75
3.6
4.8
1.181
1.285
2.04
2.375
1.6
1.88
1.94
1.72
3.6
5
1.166
1.285
2.08
2.3
1.63
1.97
1.85
1.5
4
7.1
1.085
1.23
2.54
1.86
1.96
2.18
1.7
1.42
4.3
8.2
1.065
1.21
2.8
1.72
2.15
2.1
1.75
11
5.5
1.27
3.65
1.143
1.03
2.04
1.8
2.7
1.48
1.8
3.75
4.9
1.21
1.31
2.1
1.35
3.65
1.78
2.2
3.35
3.4
2.3
1.68
1.363
1.363
2.42
1.66
2.04
1.9
4.15
3.5
2
1.88
1.34
1.27
3.05
1.46
1.9
2.04
1.45
4.8
7.8
1.111
1.222
2.92
1.77
2.22
2.25
1.75
1.85
3.7
4.65
1.23
1.32
2.04
2.58
1.59
1.99
1.952
1.42
4.9
8.5
1.095
1.21
3.05
1.71
2.32
2.44
1.65
1.4
5.2
8.4
1.095
1.19
3.15
1.68
2.38
2.04
1.9
1.58
4.3
6.2
1.153
1.25
2.52
2.04
1.91
1.97
1.97
4.05
3.6
2
1.88
1.333
1.285
2.98
1.47
1.97
1.97
1.7
3.9
5.5
1.181
1.3
2.26
2.3
1.727
1.85
2.1
1.7
3.8
5.7
1.166
1.3
2.26
1.285
4.2
2.18
1.8
9.6
5.1
1.38
3.25
1.2
1.08
1.81
2.16
2.08
1.87
1.5
4.5
7.3
1.125
1.24
2.75
1.87
2.08
2.18
1.8
2.15
3.3
3.9
1.3
1.37
1.77
3.2
1.42
1.85
2.1
1.38
5.1
9.5
1.08
1.2
3.25
2.15
1.82
2.34
1.7
3.95
3.65
2
1.88
1.32
1.285
2.95
1.48
1.82
2.15
1.65
3.9
6.1
1.153
1.3
2.35
2.16
1.81
2.25
1.75
4.8
3.6
1.85
2.04
1.333
1.222
1.59
2.58
1.97
1.97
1.65
4.3
5.3
1.19
1.25
2.35
2.16
1.81
2.34
1.7
1.72
3.9
5.3
1.19
1.3
2.22
2.32
1.71
1.97
1.97
3.35
3.45
2.28
1.69
1.35
1.363
2.44
1.65
1.85
2.1
1.35
5.5
9.7
1.08
1.181
3.45
2.08
1.87
2.25
1.75
2.45
3.5
3
1.43
1.34
1.61
1.79
2.2
1.85
2.1
2.1
3.6
3.7
1.32
1.333
1.8
1.54
2.74
2.1
1.85
2.54
3.55
2.85
1.47
1.333
1.571
1.86
2.1
2.52
1.615
9
4.5
1.444
2.95
1.24
1.085
1.69
2.36
2.12
1.833
3
3.4
2.52
1.58
1.363
1.43
2.16
1.81
1.85
2.1
5.5
3.8
1.72
2.22
1.3
1.181
1.72
2.3
2.3
1.72
1.82
3.6
5
1.21
1.333
2.08
2.52
1.615
1.8
2.18
2.5
3.45
2.98
1.444
1.35
1.58
1.81
2.16
1.99
1.952
2.88
3.4
2.6
1.55
1.363
1.46
2.08
1.87
2.12
1.833
2.98
3.4
2.52
1.58
1.363
1.444
2.15
1.82
2.12
1.833
5
3.85
1.77
2.15
1.3
1.21
1.666
2.4
2.2
1.78
7.8
4.5
1.48
2.82
1.24
1.111
2.16
1.81
2.44
1.65
1.055
19
41
0
1.022
12
2.64
1.571
2.25
1.75
1.909
3.65
4.4
1.25
1.32
1.97
1.41
3.25
2.18
1.8
1.75
3.8
5.2
1.19
1.3
2.18
2.36
1.69
2.1
1.85
1.38
5.1
9.5
1.08
1.2
3.25
2.2
1.79
2.44
1.65
1.49
4.5
7.6
1.111
1.24
2.78
1.85
2.1
2.02
1.92
1.54
4.35
6.8
1.133
1.25
2.62
1.92
2.02
2.7
1.55
1.03
17
34
0
0
11
1.8
2.04
2.3
1.63
3.45
3.3
2
1.68
1.26
1.24
2.54
1.48
1.75
2
2.18
3.3
3
1.31
1.26
1.571
1.615
2.22
1.75
2
1.952
3.4
3.5
1.23
1.25
1.71
1.46
2.6
1.75
2
2.54
3.25
2.54
1.42
1.27
1.42
1.87
1.87
1.65
2.15
1.27
5.1
9
1.015
1.111
3.25
1.93
1.81
1.87
1.87
6.3
5
1.363
2.75
1.125
1.065
5.3
1.133
2.48
1.5
2.3
3.6
2.625
1.4
1.222
1.51
1.75
2
2.04
1.727
4.15
2.85
2.15
1.68
1.41
1.222
2.8
1.45
1.43
2.875
2.38
2.8
3.55
1.285
1.42
1.56
1.59
2.4
1.4
3
3.15
2.8
2.6
1.48
1.42
1.34
2.12
1.74
1.4
3
2.96
2.85
2.7
1.444
1.41
1.38
2.02
1.82
1.4
3
3.05
3.3
2.52
1.56
1.363
1.41
2.16
1.79
1.86
2.08
1.26
6.4
13
1.05
1.143
4.2
1.72
2.3
2
1.94
2.76
3.7
2.54
1.571
1.32
1.5
2.06
1.89
2.64
1.571
2.65
3.7
2.65
1.533
1.32
1.533
1.97
1.97
2.44
1.65
1.19
7.9
17
1.03
1.111
5.2
1.9
2.04
2.15
1.82
2.62
3.6
2.625
1.51
1.3
1.51
1.94
1.94
2.65
1.533
1.72
4
4.75
1.2
1.26
2.16
2.28
1.69
2.65
1.533
2.75
3.6
2.5
1.55
1.3
1.47
2.04
1.85
2.8
1.48
2.74
3.5
2.56
1.533
1.32
1.47
2
1.88
2.2
1.74
3.55
3.6
2.08
1.77
1.3
1.31
2.62
1.54
2.35
1.65
1.31
5.7
9.7
1.06
1.153
3.55
1.85
2.04
2.64
1.533
2.12
3.6
3.4
1.333
1.3
1.74
1.571
2.54
2.42
1.615
2.24
3.4
3.3
1.35
1.333
1.666
1.63
2.4
2.26
1.7
1.9
3.8
3.95
1.26
1.285
1.93
1.43
3
2.4
1.63
3.5
3.55
2.1
1.76
1.31
1.32
2.6
1.55
2.22
1.72
1.666
4.2
5.3
1.19
1.26
2.32
2.18
1.8
2.62
1.58
2.08
3.7
3.65
1.32
1.32
1.82
1.55
2.7
2.38
1.68
1.43
5.1
7.7
1.111
1.2
3
1.71
2.32
2.64
1.571
1.58
4.3
6.2
1.153
1.25
2.52
2.02
1.93
2.34
1.7
1.25
6.7
13
1.05
1.133
4.333
1.76
2.24
2.75
1.533
3.45
3.4
2.1
1.71
1.3
1.3
2.54
1.533
2.34
1.615
1.94
3.35
4.1
1.222
1.31
1.833
2.72
1.47
2.04
1.8
3.15
3.35
2.25
1.615
1.31
1.34
2.28
1.64
1.79
2.05
1.65
3.75
5.4
1.143
1.26
2.2
2.2
1.69
1.74
2.12
1.45
4.2
7.7
1.075
1.222
2.68
1.79
2.05
1.79
2.05
2.76
3.2
2.6
1.48
1.333
1.43
1.97
1.85
1.63
2.3
1.74
3.35
5.4
1.143
1.31
2.05
2.375
1.6
1.72
2.15
2.15
3.2
3.55
1.285
1.333
1.68
1.533
2.54
1.7
2.18
1.32
5.1
9.6
1.045
1.153
3.3
2.02
1.81
2.04
1.8
1.72
3.5
5.2
1.153
1.285
2.08
2.34
1.615
1.65
2.26
1.9
3.25
4.45
1.2
1.333
1.87
2.7
1.48
1.75
2.1
4.6
3.7
1.75
2.04
1.27
1.181
1.59
2.4
1.85
1.97
2.5
3.3
2.82
1.41
1.32
1.51
1.8
2.04
1.91
1.91
3.65
3.15
2.28
1.68
1.39
1.31
2.55
1.59
1.85
2.08
3.25
3.2
2.45
1.59
1.38
1.37
2.28
1.72
1.85
2.08
2.1
3.35
3.9
1.285
1.363
1.78
1.51
2.8
1.85
2.08
1.85
3.4
4.85
1.19
1.333
1.98
2.6
1.55
1.65
2.35
2.4
3.1
3.3
1.35
1.39
1.59
1.68
2.3
1.65
2.35
2.3
3.2
3.4
1.333
1.363
1.64
1.63
2.4
1.533
2.64
1.65
3.8
5.8
1.153
1.285
2.28
2.2
1.74
1.8
2.1
2.4
3.2
3.2
1.363
1.363
1.59
1.7
2.26
1.533
2.64
2.05
3.3
4
1.26
1.35
1.79
1.47
2.85
1.63
2.4
2.58
3.15
2.96
1.41
1.38
1.52
1.81
2.1
1.55
2.6
2.3
3.2
3.4
1.333
1.363
1.64
1.63
2.4
1.55
2.6
1.45
4.4
8
1.085
1.222
2.82
1.77
2.14
1.99
1.89
3.2
3.25
2.46
1.6
1.38
1.39
2.26
1.74
1.78
2.2
3.9
3.4
2.1
1.8
1.363
1.3
2.84
1.51
1.87
2.08
15
6.3
1.25
4.333
1.153
1.036
2.24
1.76
2.26
1.74
5.8
3.8
1.69
2.28
1.3
1.166
1.76
2.24
2.15
1.82
2.34
3.2
3.5
1.34
1.39
1.66
1.64
2.46
1.74
2.26
3.25
3.35
2.3
1.64
1.34
1.363
2.34
1.66
1.96
1.92
2.25
3.45
3.25
1.363
1.333
1.666
1.64
2.375
1.98
1.9
2.45
3.45
2.78
1.43
1.3
1.533
1.8
2.04
2.04
1.8
1.47
4.6
8.1
1.09
1.21
2.76
2.46
1.64
2.04
1.9
2.625
3.45
2.86
1.444
1.333
1.51
1.909
2.04
1.94
2
9.4
5
1.4
3.05
1.19
1.07
1.77
2.22
2.1
1.85
1.46
4.5
8.8
1.08
1.222
2.8
2.34
1.7
1.9
2.04
1.84
3.55
5.1
1.181
1.32
2
2.56
1.6
1.82
2.15
7.4
4.15
1.55
2.52
1.25
1.111
1.55
2.7
1.89
2.06
4.95
3.4
1.91
1.93
1.34
1.19
1.56
2.68
1.75
2.25
1.85
3.45
5.3
1.181
1.333
2
2.58
1.59
1.92
2.02
1.666
4.1
5.7
1.153
1.26
2.26
2.2
1.78
2.02
1.92
1.54
4.3
7.2
1.111
1.24
2.55
2.68
1.56
1.98
1.96
1.43
4.55
9.9
1.065
1.222
2.92
2.25
1.75
2.1
1.85
1.84
3.65
4.95
1.19
1.3
2
2.56
1.6
1.9
2.04
1.51
4.25
8.1
1.09
1.24
2.64
2.62
1.58
1.92
2.02
3.85
3.4
2.15
1.74
1.34
1.285
2.75
1.533
1.85
2.1
2.2
3.35
3.75
1.3
1.35
1.7
1.56
2.68
1.77
2.22
1.55
4
8
1.09
1.26
2.52
1.96
1.98
1.9
2.04
2.4
3.3
3.35
1.35
1.35
1.6
1.69
2.36
1.75
2.25
1.6
3.9
7.2
1.111
1.27
2.4
2.06
1.89
2
1.94
2.5
3.3
3.15
1.38
1.35
1.56
1.77
2.22
1.77
2.22
8.6
4.2
1.5
2.66
1.25
1.08
2.1
1.85
2.1
1.85
1.85
3.6
4.95
1.19
1.31
2
2.58
1.59
1.85
2.1
2.2
3.3
3.5
1.32
1.35
1.69
1.58
2.52
1.7
2.26
4.5
3.4
1.9
1.93
1.333
1.222
1.51
2.72
1.65
2.35
3.05
3.4
2.4
1.59
1.333
1.4
2.22
1.727
1.77
2.15
3.3
3.3
2.3
1.64
1.35
1.35
2.35
1.65
1.85
2.04
1.85
3.5
4.65
1.21
1.32
1.98
2.6
1.55
1.6
2.46
1.52
4.333
6.5
1.125
1.23
2.58
1.92
1.96
1.8
2.1
1.72
3.65
5.4
1.166
1.3
2.16
2.32
1.666
1.75
2.18
3.9
3.5
2
1.833
1.32
1.27
1.45
2.92
1.75
2.18
1.9
3.4
4.5
1.222
1.333
1.93
2.72
1.51
1.65
2.35
1.96
3.4
3.95
1.24
1.3
1.81
1.43
2.875
1.8
2.04
3.125
3.05
2.44
1.533
1.363
1.35
2.18
1.7
1.8
2.04
3.75
3.3
2.05
1.74
1.32
1.26
2.7
1.48
1.75
2.1
1.48
4.3
6.7
1.095
1.21
2.6
1.84
1.98
1.8
2.04
1.65
3.9
5.1
1.153
1.24
2.2
2.1
1.75
1.75
2.1
3
3.6
2.42
1.615
1.333
1.43
2.2
1.78
1.78
2.2
2.22
3.4
3.55
1.333
1.363
1.72
1.6
2.56
1.65
2.44
2.42
3.3
3.25
1.38
1.37
1.615
1.74
2.26
1.533
2.75
1.065
14
67
0
1.04
11
2.15
1.82
1.65
2.44
2.42
3.4
3.15
1.4
1.363
1.615
1.74
2.26
1.6
2.55
3.9
3.65
2.02
1.87
1.32
1.3
1.48
2.95
1.81
2.16
20
8.4
1.166
5.8
1.095
1.019
2.1
1.85
2.56
1.6
1.03
26
61
0
1.008
17
1.75
2.25
2.44
1.65
1.86
3.5
4.95
1.21
1.34
2.02
2.64
1.571
1.66
2.42
2.36
3.65
3.05
1.42
1.32
1.65
1.75
2.25
1.8
2.18
5.1
3.5
1.833
2.06
1.34
1.2
1.59
2.58
1.72
2.3
56
23
1.036
15
1.013
0
2.26
1.74
2.875
1.5
26
14
1.095
8.5
1.04
1.008
1.8
2.18
2.8
1.52
1.41
5
8.6
1.095
1.21
3.1
2.24
1.76
2.52
1.615
8.3
4.45
1.47
2.85
1.24
1.1
2.16
1.81
1.9
2.04
1.2
8
15
1.036
1.111
5.1
1.94
2
1.97
1.97
1.5
4.5
7.3
1.125
1.24
2.75
1.86
2.1
1.7
2.34
1.38
4.9
10.5
1.07
1.21
3.25
2.2
1.79
1.92
2.02
2.35
3.45
3.25
1.38
1.35
1.65
1.7
2.34
1.7
2.34
2.1
3.55
3.75
1.31
1.333
1.8
1.54
2.74
1.65
2.44
1.76
3.9
4.95
1.21
1.3
2.16
2.4
1.666
1.97
1.97
1.39
5
9.4
1.08
1.21
3.2
1.666
2.4
1.97
1.97
1.19
7.5
19
1.022
1.125
5.2
2.58
1.59
2.52
1.615
1.07
17
31
1.001
1.03
10.5
1.65
2.44
3.1
1.45
2.1
3.3
3.8
1.285
1.35
1.76
1.51
2.72
1.55
2.6
1.24
6.3
13
1.035
1.133
4.2
1.9
1.98
1.833
2.06
1.4
4.5
9.5
1.065
1.222
3.05
1.72
2.22
1.8
2.1
1.96
3.45
4.45
1.24
1.35
1.92
2.95
1.48
1.75
2.25
1.85
3.75
4.6
1.23
1.31
2.04
2.44
1.65
1.77
2.22
2.1
3.45
3.85
1.3
1.35
1.8
1.52
2.8
1.75
2.25
1.26
6.2
14
1.04
1.153
4.2
2.25
1.75
2.62
1.58
9.3
5.5
1.3
3.4
1.143
1.05
1.91
1.91
2.625
1.5
2
3.3
3.9
1.24
1.32
1.78
2.82
1.444
2.375
1.6
4.85
3.25
1.727
1.93
1.27
1.125
1.533
2.4
1.58
2.28
2.15
3.1
3.3
1.26
1.3
1.58
1.54
2.38
1.571
2.3
6.5
4
1.45
2.46
1.181
1.06
1.92
1.82
1.76
1.99
1.75
3.8
4.45
1.2
1.25
2.04
2.35
1.61
2.375
1.6
4.3
3.6
1.82
1.952
1.285
1.21
3.2
1.363
2.04
1.79
1.74
3.8
4.5
1.19
1.25
2.05
1.32
3.45
2.45
1.56
1.3
6.4
10
1.075
1.143
3.8
1.91
2.04
2.44
1.65
2.56
3.3
3
1.43
1.37
1.56
1.82
2.15
1.94
2
2.1
3.3
3.6
1.285
1.32
1.71
1.51
2.6
2
1.833
2.15
3.3
3.45
1.3
1.32
1.68
1.55
2.48
1.87
1.952
1.9
3.5
4.05
1.23
1.285
1.87
2.7
1.48
2
1.833
8.2
4.85
1.37
3
1.166
1.065
1.81
2.02
2.24
1.666
1.533
4.3
5.8
1.125
1.21
2.44
1.93
1.89
2.1
1.75
1.65
4
5.4
1.166
1.26
2.28
2.16
1.76
2.18
1.75
6
4
1.6
2.38
1.26
1.143
1.833
2.06
1.98
1.9
2.04
3.5
3.75
1.285
1.32
1.8
1.5
2.75
1.86
2.02
2.04
3.5
3.75
1.285
1.32
1.8
1.5
2.75
1.98
1.9
1.74
3.8
4.9
1.19
1.285
2.12
1.31
3.75
2.05
1.84
2.58
3.2
2.8
1.42
1.333
1.48
1.833
1.99
1.77
2.08
3.3
3.2
2.26
1.615
1.333
1.32
2.35
1.61
1.9
1.92
3.75
3.1
2.14
1.68
1.35
1.26
2.625
1.5
1.72
2.15
3.45
3.3
2.15
1.68
1.32
1.3
2.48
1.55
1.61
2.35
2.68
2.98
2.86
1.41
1.38
1.45
1.85
1.97
1.81
2.02
3.55
3.45
2.05
1.74
1.3
1.285
2.6
1.51
2.05
1.79
2.26
3.25
3.25
1.333
1.333
1.615
1.615
2.34
1.89
1.93
2.25
3.3
3.55
1.333
1.363
1.69
1.6
2.52
1.77
2.2
1.45
4.7
7.8
1.1
1.222
2.88
1.78
2.18
1.96
1.96
1.61
3.65
7.4
1.111
1.31
2.4
2.1
1.833
1.7
2.32
2.55
3.6
2.76
1.48
1.32
1.55
1.88
2.05
2.05
1.88
9
6.2
1.32
3.6
1.143
1.08
1.93
1.99
2.08
1.85
1.48
4.05
7.4
1.08
1.23
2.6
1.84
1.98
1.727
2.14
1.58
3.8
6.2
1.111
1.25
2.34
2.06
1.78
1.65
2.26
2.15
3.35
3.4
1.3
1.31
1.68
3.15
1.37
1.74
2.12
1.48
4.35
6.6
1.1
1.2
2.6
1.833
2
2.06
1.78
5.4
4.2
1.571
2.35
1.222
1.143
1.833
1.99
1.82
2.02
1.571
4.2
5.4
1.143
1.222
2.35
1.99
1.833
2.48
1.55
1.571
4.2
5.4
1.143
1.222
2.35
1.99
1.833
1.72
2.15
2.68
3.45
2.52
1.5
1.3
1.45
1.97
1.85
1.78
2.06
2.34
3.15
3.35
1.34
1.38
1.615
1.65
2.35
1.75
2.18
1.21
6.7
15
1.022
1.125
4.6
1.65
2.35
2.52
1.58
1.65
4.15
5.1
1.181
1.25
2.28
2.18
1.75
1.92
1.96
2.44
3.3
3.2
1.39
1.37
1.61
1.74
2.26
1.74
2.26
1.615
3.95
6.5
1.143
1.285
2.42
2.12
1.84
1.8
2.18
4.333
3.4
2
1.88
1.363
1.25
3.1
1.444
1.84
2.12
3.125
3.2
2.55
1.571
1.39
1.41
2.2
1.79
1.7
2.34
2.86
3.2
2.75
1.5
1.39
1.47
2.02
1.93
1.65
2.44
1.181
7.7
20
1.019
1.111
5.4
2
1.94
2.56
1.6
2.65
3.25
2.94
1.45
1.38
1.533
1.87
2.08
1.7
2.34
3.2
3.2
2.5
1.58
1.39
1.39
2.25
1.75
1.8
2.18
1.7
3.7
6
1.166
1.32
2.26
2.26
1.74
1.75
2.25
2.3
3.2
3.6
1.333
1.39
1.68
1.615
2.52
1.75
2.25
7.5
3.9
1.571
2.54
1.3
1.125
1.93
2.02
1.9
2.04
1.65
3.8
6.4
1.143
1.3
2.35
2.2
1.79
1.85
2.1
2.1
3.3
4.05
1.285
1.37
1.8
1.5
2.875
1.75
2.25
2.75
3.35
2.75
1.5
1.363
1.5
1.97
1.97
1.7
2.34
1.8
3.55
5.3
1.19
1.333
2.1
1.32
3.9
1.78
2.2
2.35
3.25
3.4
1.363
1.38
1.65
1.666
2.4
1.63
2.48
2.25
3.25
3.65
1.32
1.38
1.7
1.59
2.58
1.65
2.44
2.25
3.25
3.65
1.32
1.38
1.7
1.59
2.58
1.65
2.44
2.5
3.25
3.15
1.4
1.38
1.58
1.77
2.22
1.7
2.34
2.3
3.25
3.55
1.333
1.38
1.68
1.63
2.48
1.68
2.38
1.85
3.55
4.9
1.21
1.333
2.04
1.363
3.55
1.65
2.44
1.9
3.45
4.75
1.222
1.35
1.98
1.38
3.45
1.8
2.18
5
3.35
1.9
1.98
1.363
1.21
3.55
1.363
1.8
2.18
2.46
3.15
3.25
1.37
1.39
1.59
1.72
2.28
1.68
2.35
1.78
3.6
4.6
1.181
1.285
2
2.46
1.56
1.833
1.99
1.533
4
6.5
1.1
1.23
2.44
1.94
1.88
1.94
1.88
2.7
3.3
2.6
1.48
1.32
1.444
1.952
1.87
1.85
1.97
2.35
3.3
3.2
1.363
1.35
1.615
1.68
2.3
1.94
1.94
1.68
3.75
5.6
1.153
1.285
2.22
2.22
1.727
2.1
1.8
1.4
5.2
7.5
1.095
1.181
3.05
1.666
2.32
2.22
1.72
1.65
3.7
6
1.143
1.3
2.28
2.22
1.72
1.98
1.9
1.6
4.2
6.1
1.153
1.26
2.46
2.05
1.89
2.46
1.64
2.8
3.4
2.66
1.533
1.363
1.48
2.02
1.92
2
1.94
7
4.6
1.5
2.75
1.23
1.125
2.1
1.85
2.35
1.69
3.35
3.45
2.2
1.69
1.333
1.34
2.44
1.61
2.1
1.8
2.35
3.35
3.15
1.38
1.34
1.615
1.69
2.28
2.26
1.7
3.95
3.6
1.952
1.88
1.3
1.26
1.49
2.78
2.18
1.75
8
4.8
1.444
2.95
1.222
1.111
2.25
1.75
2.26
1.74
2.3
3.4
3.35
1.363
1.363
1.68
1.66
2.42
1.85
2.1
2.82
3.45
2.62
1.54
1.35
1.48
2.04
1.9
2.1
1.85
3.6
3.6
2.12
1.79
1.333
1.333
2.68
1.56
2.2
1.78
1.45
4.8
7.8
1.111
1.222
2.92
1.75
2.25
2.38
1.68
1.51
4.15
7.2
1.111
1.25
2.62
1.87
2.02
2.6
1.55
2.4
3.4
3.05
1.4
1.333
1.59
1.727
2.22
2.26
1.7
2.34
3.3
3.2
1.363
1.35
1.615
1.68
2.3
2.2
1.74
1.39
4.85
8.6
1.075
1.19
3.1
1.65
2.35
2.35
1.65
2.42
3.35
3.2
1.39
1.363
1.615
1.727
2.3
1.81
2.16
12
6.5
1.222
4.1
1.1
1.022
1.71
2.16
3.6
1.3
2.76
3
2.75
1.43
1.37
1.43
1.91
1.909
1.77
2.08
1.72
3.6
5
1.166
1.285
2.08
2.3
1.63
1.91
1.91
1.952
3.8
4
1.285
1.3
1.93
1.47
2.98
2.74
1.54
6.8
4.4
1.5
2.64
1.222
1.111
2.02
1.87
2.1
1.81
2.72
3.3
2.7
1.48
1.35
1.48
1.952
1.93
1.75
2.18
1.76
3.9
4.6
1.21
1.27
2.1
2.4
1.63
1.94
1.94
2.9
3.3
2.54
1.533
1.35
1.43
2.08
1.82
1.82
2.08
5.3
3.9
1.68
2.22
1.27
1.166
1.727
2.22
2.46
1.6
3.4
3.4
2.2
1.69
1.333
1.333
2.46
1.6
1.87
2.02
3.05
3.3
2.45
1.571
1.35
1.4
2.18
1.75
1.75
2.18
2.14
3.4
3.55
1.31
1.333
1.727
1.55
2.6
1.78
2.14
2.12
3.45
3.55
1.31
1.333
1.74
1.55
2.6
1.9
1.98
4.333
3.7
1.85
1.98
1.3
1.23
1.56
2.56
1.87
2.02
3.4
3.4
2.2
1.69
1.333
1.333
2.46
1.6
2
1.88
10
6.3
1.25
3.8
1.111
1.04
1.85
1.98
3.6
1.3
1.153
8
15
1.005
1.07
5.1
1.87
1.952
3.7
1.285
11
6
1.25
3.8
1.125
1.03
2
1.833
3.25
1.35
16
8.3
1.143
5.4
1.065
1.001
2.38
1.59
3.7
1.285
2.5
3.6
2.625
1.47
1.285
1.51
1.86
1.96
2.8
1.45
7.3
5.1
1.38
2.96
1.153
1.08
1.74
2.12
4.05
1.25
1.37
4.9
8.1
1.065
1.166
3
2.15
1.72
2.375
1.6
3.45
3.7
2
1.78
1.27
1.3
2.6
1.51
2.48
1.55
2.4
3.55
2.78
1.43
1.285
1.55
1.78
2.06
2.375
1.6
3
3.6
2.24
1.63
1.285
1.37
2.24
1.666
2.8
1.45
1.2
6.5
14
1.01
1.1
4.4
2.06
1.78
3
1.4
